5.090902073024308265e+03
1.120148179542526350e+03
3.092241483618399229e+02
1.270923140958641852e+03
2.120242601600988110e+03
7.076927992534117493e+02
6.989254508382775839e+02
5.936470840909154276e+02
5.530551031666346944e+02
1.998121658233890912e+03
6.990654860047726515e+02
5.631157232460602700e+02
1.572910754545632017e+03
8.565111433777415186e+02
6.555369501031423169e+02
2.891462395363728319e+02
2.773897376678094702e+02
7.150920197001304359e+02
5.976176723882538226e+02
9.727549684548024516e+02
7.428154495296906816e+02
9.025560976695921909e+02
8.653114916793122120e+02
7.407261731629924952e+02
1.390441020972961087e+04
2.509365324248939942e+03
1.524139340521977829e+03
5.408563054124550035e+03
3.775344265986144819e+03
1.638077099592915147e+03
3.681063286292030170e+03
3.594149233349081442e+03
1.159104655444118862e+03
3.588938937600496047e+03
1.059347996332324101e+03
9.148366235371413495e+02
3.439973374616999081e+03
3.307425771265008279e+03
2.713243266159859559e+03
1.627085647238242700e+03
1.575728911850749455e+03
1.187569020908387984e+03
3.402322317275694331e+03
3.384184841496788522e+03
1.627161843686061047e+03
1.340095200726170333e+03
1.201354053126476174e+03
6.344812186393110096e+02
3.429126738164938160e+03
3.362193209054938961e+03
1.597488323762982191e+03
1.224582167131191454e+03
9.817568439348063976e+02
2.911043592299737952e+02
3.300836694312925374e+03
3.219843022226866651e+03
1.583333565740600534e+03
1.157166868528582427e+03
1.097418726214827984e+03
8.928251308032369025e+02
5.289807161591673321e+03
1.768782746865764238e+03
1.113359143246430449e+03
7.655725317959858103e+02
5.557035629502749998e+02
1.982693628594963911e+03
1.318681290697403483e+03
1.219184930498104791e+02
2.311925606084883498e+02
5.561280661018257661e+02
6.860948608086525269e+01
2.538707405807616908e+02
2.946416426364143035e+02
3.102610610274299461e+02
3.762178329275617671e+03
4.259597399361213661e+02
3.656974251084389493e+02
5.893070544335146224e+02
5.949428020023111685e+02
5.904701153514887437e+02
1.067816072502141196e+03
1.012966557848737239e+03
9.974691236427933063e+02
7.735888393118367503e+02
1.269349226080365406e+04
4.106612652058490312e+03
3.720765692938043230e+03
5.826182418196889557e+03
4.460997183327816856e+03
3.281477769636216181e+03
4.130804217993109887e+03
3.578785449864540169e+03
1.014482985263372257e+03
3.411285290287806220e+03
1.332665964760797124e+03
1.141043480533372303e+03
4.197028125358743637e+03
3.595862450655838529e+03
9.095307800234498927e+02
3.408294248384620460e+03
3.372345357370953025e+03
1.845711496105830292e+03
1.585452065383145282e+03
1.455577863858875617e+03
1.077703392808694616e+03
3.380954481804179522e+03
3.347315858523648785e+03
1.472755632889011395e+03
1.049136824718303842e+03
9.807752643249624498e+02
9.806605194284478557e+02
3.391681063398135393e+03
3.358585285036869664e+03
1.477644487482193654e+03
9.406514509313101371e+02
9.142882474204066057e+02
8.862488685910940376e+02
1.083107196357322391e+04
3.910441675456828762e+03
1.095006009713051526e+03
2.963522252623320128e+03
2.964921769182496519e+03
5.494572263392323066e+02
5.380418832261095758e+02
5.658585901221865697e+02
5.474061018597777775e+02
1.431659902274933756e+03
2.460175592967479190e+02
5.595867348900915204e+02
4.968954792806602541e+02
3.385751933078457569e+03
2.539093178564416121e+03
2.538153748095529352e+02
2.950074871691234080e+02
2.772485662948383379e+03
1.901130109269829518e+02
4.592740190655995320e+02
5.721874187679762827e+02
3.270618161326751760e+03
2.366021110263726769e+03
9.315217959453433423e+02
7.495758835023992788e+02
1.526999367143681957e+04
7.964089163959831239e+03
9.426242400016392367e+02
1.255323180400828642e+04
3.687107243348051725e+03
6.279346969914697638e+02
3.584235696057629866e+03
1.755424337516783226e+03
1.490666007886020225e+03
3.425017609272969366e+03
1.115059661253165586e+03
4.712828243484032100e+02
1.108628323573164016e+04
5.827483142897416656e+03
3.887206399874528415e+03
3.569694254282483598e+03
2.950986768904388100e+03
2.940279102937455718e+03
3.430411524558164274e+03
3.256762778741309830e+03
2.474282130378671809e+03
1.614287921289486803e+03
1.524572591040805264e+03
1.218790850593553841e+03
3.443018656601062503e+03
3.392959623532853584e+03
1.436445097127319741e+03
1.065145677172851492e+03
1.005544663690799439e+03
9.702487792874998149e+02
3.613370456896271662e+03
7.289845960800621469e+02
5.884959833792755717e+02
5.704814360504343540e+02
3.201545510262508287e+03
2.626460605169804239e+03
8.583978530729639260e+02
4.475340301010678559e+02
2.293134481811438832e+02
4.687928919534376178e+02
5.413313577483054360e+02
2.837340028704192719e+03
4.854395540712715729e+02
2.930489745306948066e+02
1.889515284426508970e+02
6.285004752568885351e+02
5.924716115144102559e+02
5.734592621300779456e+02
1.693211867641835624e+03
5.576585485223439491e+02
9.499250900131352182e+02
8.397519489249029903e+02
8.040612340939138676e+02
1.243969942354886916e+04
4.053485287226014862e+03
3.471278134520885487e+03
3.536428129748901029e+03
1.920804297629748135e+03
1.468423680438197380e+03
3.398973238821859013e+03
1.415809334076625873e+03
1.270323880878189129e+03
3.551237592710089302e+03
1.172970598743521350e+03
7.053718602202447983e+02
3.634507458256795871e+03
9.439657333897542912e+02
8.549702782643570345e+02
6.316686907655895993e+03
3.399108254949306229e+03
3.151732456405323319e+03
2.418602668392103624e+03
1.463272244918215847e+03
6.089578794089743496e+02
3.433249312131207262e+03
3.299203842007619642e+03
2.574106011521539131e+03
1.636547308869163317e+03
1.537144145291533277e+03
1.271492100406364443e+03
3.417277073707193267e+03
3.363468100421851432e+03
1.552845374551950954e+03
1.263040310434105322e+03
1.038134470216024511e+03
4.346465340737718179e+02
3.450172049924558451e+03
3.403610488974939926e+03
1.461751379581536867e+03
1.133392218871891828e+03
1.008838782308176519e+03
9.271175963617174602e+02
5.303849258435103366e+03
8.465317537912854959e+02
6.441597663516047305e+02
7.671714755682960458e+02
5.261703119463542180e+02
3.485122234682766702e+03
1.440252953916316301e+03
4.787242446922295471e+02
5.552192693337472065e+02
4.882703610019459575e+02
3.048051620062346956e+03
9.653048644549694473e+02
1.371011350843477032e+02
2.903688846468904558e+03
5.546733738713517141e+02
6.444086740671388043e+02
5.719556480587892793e+02
3.168438698292138270e+03
9.683240269372138300e+02
8.350020437439560510e+02
7.604300585007648579e+02
1.091068293702123447e+04
4.433414876631791230e+03
3.820187245601700397e+03
5.796505213734468271e+03
3.780129205036507756e+03
6.737642744366542047e+02
3.700180607987889744e+03
1.084769161289869317e+03
8.899141337924604613e+02
3.677261448858916083e+03
9.974052302912887171e+02
1.849754170922524565e+02
9.205709468190847474e+03
8.124426409568730378e+03
3.760922763717935595e+03
3.455791111147359061e+03
3.234924590936608638e+03
1.391671701073037184e+03
6.089189224364167785e+03
3.367425555984470066e+03
2.547273562939643398e+03
2.173656615986459656e+03
1.407774208494934101e+03
7.890629107686623911e+02
3.452546497975864440e+03
3.122304116058284762e+03
2.491520115062571222e+03
2.018631039133541663e+03
1.468093872927942130e+03
1.061320835808297716e+03
3.763382278403435976e+03
3.276297279109290230e+03
2.681582383844328433e+03
2.018438535615414139e+03
1.681438168448869192e+03
1.369705215244625379e+03
3.841119227238098119e+03
3.480636866524220750e+03
2.433102434390501003e+03
1.999373669853747742e+03
1.777708371306903018e+03
1.223771488094492952e+03
3.413395904299102313e+03
3.253874075866287967e+03
1.574660283901165030e+03
1.373415398331673941e+03
1.128622121828422451e+03
8.131214907505720930e+02
3.441355550728554135e+03
3.392836188317358847e+03
1.438329003404252489e+03
1.035141256958106169e+03
9.980787624926404078e+02
9.621464121017565958e+02
