2.780428975881069631e-01 -1.102462842032332913e-01 1.382185006656880440e-02 -1.229579472099997725e-02 2.753711929526129511e-03 -1.321214892350994338e-03 -1.310882126667231029e-01 3.538390125560649663e-02 -1.410809734211909694e-01 -1.308167035810190726e-01 6.968260227703597376e-02 1.278998688279551210e-01
-1.048533256785666029e-01 9.748803173655845589e-02 5.812349356948102314e-02 -1.431176741005741465e-02 3.309106013954394437e-02 -6.507758725788592193e-03 3.873454564256412908e-02 -4.514901614787522610e-02 4.787237544094019581e-02 8.317666391054438779e-02 -8.486947629836727458e-02 -1.026820182359075018e-01
1.366590651825792292e-02 5.815320348801088224e-02 5.635652701283313526e-01 8.888678810333694143e-04 -6.614773507719661459e-03 -1.705924427794393641e-02 -1.821934671430476271e-01 4.946306026085157265e-02 -2.918553083494017097e-01 1.673061242647838343e-01 -1.034104473819424941e-01 -2.516060619671138254e-01
-1.229579472099997725e-02 -1.431176741005741465e-02 8.888678810333694143e-04 5.842206487015763616e-03 3.759711404581230333e-05 2.842169831392740224e-05 3.693491318740180652e-03 7.291250104355569313e-03 -3.858311017351788203e-04 3.450311247919994172e-03 7.420127893621708201e-03 -1.166681713353657102e-03
2.753711929526129511e-03 3.309106013954394437e-02 -6.614773507719661459e-03 8.545408725414429748e-05 -3.499043890234911774e-02 5.893667626388664899e-03 -2.037808253240098219e-04 2.522467325823859671e-03 9.227542368928076926e-04 -9.466502130620242390e-05 -2.282415237245726848e-03 -5.369378567876940955e-04
-1.321214892350994338e-03 -6.507758725788592193e-03 -1.705924427794393641e-02 -3.302760703911101028e-04 5.888059925950193431e-03 1.227948762333337142e-02 2.733448711245903620e-03 1.112078355697964163e-02 2.810705228935964084e-03 -2.511163880128884553e-03 -1.073255211510266288e-02 5.586309915325739055e-03
-1.310882126667231029e-01 3.873454564256412908e-02 -1.821934671430476271e-01 3.693491318740180652e-03 -2.037808253240098219e-04 2.733448711245903620e-03 1.192505369880052790e-01 -3.897913042683867624e-02 1.596189880625414892e-01 8.322325079598881514e-03 1.244191563811396836e-03 1.894447836054029971e-02
3.538390125560649663e-02 -4.514901614787522610e-02 4.946306026085157265e-02 7.291250104355569313e-03 2.522467325823859671e-03 1.112078355697964163e-02 -4.116083913350534335e-02 4.343031261332799819e-02 -5.010180076456272058e-02 -3.952462133813671417e-03 7.472953356018026752e-04 -1.082382510127842014e-02
-1.410809734211909694e-01 4.787237544094019581e-02 -2.918553083494017097e-01 -3.858311017351788203e-04 9.227542368928076926e-04 2.810705228935964084e-03 1.582677276520780274e-01 -5.110194148450059731e-02 3.175911907966654235e-01 -1.860620629153567768e-02 2.700474160662601729e-03 -2.991925479920069103e-02
-1.308167035810190726e-01 8.317666391054438779e-02 1.673061242647838343e-01 3.450311247919994172e-03 -9.466502130620242390e-05 -2.511163880128884553e-03 8.322325079598881514e-03 -3.952462133813671417e-03 -1.860620629153567768e-02 1.172749722580964798e-01 -7.609933079810372869e-02 -1.455238754365931753e-01
6.968260227703597376e-02 -8.486947629836727458e-02 -1.034104473819424941e-01 7.420127893621708201e-03 -2.282415237245726848e-03 -1.073255211510266288e-02 1.244191563811396836e-03 7.472953356018026752e-04 2.700474160662601729e-03 -7.672584989277038414e-02 8.652956155656997550e-02 1.093631312571558684e-01
1.278998688279551210e-01 -1.026820182359075018e-01 -2.516060619671138254e-01 -1.166681713353657102e-03 -5.369378567876940955e-04 5.586309915325739055e-03 1.894447836054029971e-02 -1.082382510127842014e-02 -2.991925479920069103e-02 -1.453301616467327639e-01 1.096996346360217811e-01 2.759582345129997782e-01
