4.481897760805358152e-05
5.295189896194164511e-05
7.301059780391439664e-05
1.105141213505396355e-04
1.445340616454171600e-04
5.785400571064123142e+03
2.555025377547723669e-05
3.583610622901770921e-05
5.589982324894037359e-05
1.416214541440692794e-04
1.443468365634541738e-04
1.443863762861770283e+03
5.285087719379478003e-06
1.362448905891520350e-05
1.806675770567714499e-05
2.094989058277539162e-05
4.180102555793240661e-05
1.450217916122716588e+03
1.414678932478796981e-05
4.345127773759441237e-05
4.452059350062423701e-05
5.874043203602949349e-05
6.635131851718504160e-05
8.502009495728140109e+02
0.000000000000000000e+00
1.231176083061293592e-05
3.874722860996572229e-05
6.327164569632091255e-05
1.388648345916592818e-04
2.444571633697751167e+03
1.358222794654155020e-05
1.409664409469188015e-05
2.307591035679776642e-05
2.450609949144971842e-05
3.359095147399859718e-05
5.632321546901341662e+02
8.248494680951100330e-06
9.515709174177637038e-06
1.398126993194251109e-05
2.091623209749509713e-05
2.181420638790629207e-05
6.989165382914060274e+02
9.931455825915489160e-06
1.064476599988885450e-05
1.164347082709066020e-05
1.607574629120082175e-05
1.689990426466793120e-05
6.344101967468426437e+02
2.748866418003708734e-06
6.387510855738096389e-06
7.511247070049179622e-06
9.961860438148416400e-06
1.262237614832803970e-05
5.608380554422158184e+02
6.350747885807804295e-06
9.790892880594174281e-06
1.136957716705392066e-05
2.231157041198551214e-05
6.755898532324577086e-05
2.128947672613953273e+03
5.942823276211617026e-06
6.487568081138928741e-06
6.827560810343496001e-06
1.655413232976791954e-05
1.732355459002461336e-05
4.955471071564913927e+02
2.668141191302655825e-06
8.732172344493714818e-06
1.106358437720185877e-05
2.538708911795369114e-05
2.605270793450163982e-05
5.633969985514878545e+02
7.194342485245773115e-06
9.868777614677545643e-06
1.217484394903086754e-05
1.500360814269426707e-05
5.110050755095447338e-05
1.576908068762689936e+03
2.735789779338133442e-06
5.630682003948824475e-06
5.865086252259646589e-06
9.028324650717110667e-06
1.806675770567714499e-05
9.467340439670726937e+02
3.592397473553610304e-06
6.446915622284923436e-06
8.197943726429071643e-06
9.273851092127289875e-06
1.806675770567714499e-05
9.460519819952874059e+02
5.691072405557757836e-07
1.719175052899827999e-06
1.965526854859875947e-06
2.258344702884669369e-06
3.932016978885963610e-06
2.998342041242288474e+02
1.642792650577581589e-06
1.698828222650383272e-06
1.755486123591345593e-06
3.193781716912325191e-06
3.263856545468045861e-06
2.561569715117661872e+02
1.471724274412412795e-05
1.783560583368059039e-05
2.261557805554498910e-05
6.136267060277106702e-05
6.153824272991055880e-05
5.589890670662560979e+02
5.306448688935215150e-06
9.175503241317073096e-06
1.367489231015706996e-05
1.566294345138565978e-05
1.806675768693773027e-05
6.754423665804733901e+02
3.191520424400468108e-06
4.102715757579515380e-06
1.355006822917642418e-05
3.069453500072150066e-05
3.614669682457403782e-05
9.663537618466467620e+02
2.980451292354222414e-06
9.581345117345209270e-06
1.002326609991291790e-05
1.189160751092901740e-05
2.876075612276817657e-05
1.006981537779745736e+03
2.264716069806047406e-06
3.479374518050132265e-06
9.170935643461828999e-06
1.105365437412914671e-05
1.898187087579881625e-05
8.891227211148664082e+02
2.361085893491817087e-06
3.374695312133542365e-06
1.012996933332061894e-05
1.151534375221908337e-05
2.347355879300502200e-05
8.620193972988479345e+02
2.305883298937861982e-06
7.123995481477269944e-06
8.538513301280537671e-06
9.231664588910088549e-06
1.050127891149079121e-05
7.383553277991936739e+02
5.333951876503568128e-05
8.384604814469472968e-05
2.036936606371949764e-04
3.041932435518499315e-04
3.661996721084193702e-04
3.949883566979108798e-04
1.678032716231507720e+03
9.570353126409772813e+03
1.688116722499793104e+04
8.884838152702469530e-05
9.034833851043755902e-05
1.165601566289477898e-04
1.375163445806491054e-04
2.022298894388203699e-04
2.403770589291611987e-04
2.529542302796302010e+03
3.241561761183368617e+03
3.261295208459392143e+03
3.522710419458887677e-05
5.935576401881016907e-05
6.271774091929125479e-05
9.324742244916913532e-05
1.272921804256635185e-04
1.635457039626970750e-04
1.472194100726982697e+03
2.242142255610059237e+03
3.666116515929628349e+03
0.000000000000000000e+00
2.146709217015320287e-05
3.384908126231018182e-05
3.513081555254623595e-05
3.813881112358158344e-05
5.068947811670891196e-05
1.020824515356963843e+03
1.112211887509791723e+03
3.622312114488814586e+03
1.606516366821983540e-05
2.387604413786333335e-05
4.101139150628952301e-05
5.151512129612938781e-05
6.832125266447605064e-05
1.261384741672227699e-04
1.280172628399164068e+03
1.545719320322773001e+03
1.638148435361905740e+03
2.665101649734514922e+03
3.453122585828880801e+03
3.462314857228943310e+03
1.949019320088296332e-05
2.764084742226868222e-05
3.303176558438844246e-05
3.421656999669542455e-05
3.724269996610109267e-05
3.765052093616988633e-05
2.995893779764657552e+02
1.186327321631871428e+03
1.417473366732474915e+03
1.562408153581759279e+03
3.396625755500359901e+03
3.454573201273451559e+03
1.163930049852072494e-05
1.697929209032843714e-05
2.875270034730119444e-05
3.466185675158621249e-05
3.862989271224493218e-05
3.881755600932177932e-05
7.787393656053553741e+02
1.054374048012714638e+03
1.478456629528876647e+03
1.596747942982952736e+03
3.413055636488437358e+03
3.456008412534271429e+03
1.054489345866084857e-05
1.296516815661268696e-05
2.241153653407373022e-05
3.406338162994203278e-05
4.059100213435581412e-05
5.534143257032303747e-05
9.684831232943255372e+02
9.893241235126781703e+02
1.012063380926808577e+03
1.438035181895585538e+03
3.389759535248354041e+03
3.466031096193053600e+03
1.994186689520514069e-05
4.416133955881718001e-05
6.350931621223656210e-05
1.251701690970773195e-04
1.311558032010297890e-04
5.794279930342489934e+03
1.293241497658125111e-05
3.035127833833193043e-05
4.040575015584509918e-05
4.450478254861455813e-05
5.649104977879593144e-05
7.813526597601694448e+02
4.013248406816575769e-06
1.404753638069741560e-05
2.018765110310215391e-05
2.201256764392807663e-05
3.128879575767262879e-05
2.418096261618936182e+02
1.938791176127047891e-06
4.152510925898567469e-06
9.061139287284124762e-06
1.478419820256538251e-05
1.724496972651140095e-05
7.390914289797417496e+02
2.102469453077825632e-06
3.225507519642123113e-06
4.927665424717108465e-06
7.243645134889522680e-06
8.607949640243822524e-06
5.524029578038093860e+02
5.433381622615409220e-06
1.228070537584249933e-05
1.285746829263944370e-05
1.922107583700843051e-05
3.129254227426932986e-05
1.197740343631177439e+03
5.509282132874826542e-06
9.290510101199287726e-06
1.048247772927162399e-05
1.843968205992480250e-05
2.856605214216887911e-05
1.118685747188138066e+03
5.874173403245136199e-06
9.714742177232084836e-06
1.063974337138994756e-05
1.113966348576819942e-05
1.570587292847277133e-05
4.907836424224858547e+02
2.213189563243698351e-06
6.734149904096767805e-06
1.179330370216876401e-05
4.472743987968749182e-05
4.731567363663680495e-05
5.414636799862024930e+01
1.708294891402401438e-06
1.215886232704922023e-05
1.277512688773861834e-05
1.454460386749144872e-05
1.484892663707428330e-05
5.544301351781020912e+02
3.387517062484427485e-06
4.730299363917752328e-06
5.616110249003570791e-06
5.744657692323123247e-06
8.301907009508388744e-06
2.070739854349947962e+02
1.993099735663764258e-06
4.789371147564248341e-06
6.465209460133810415e-06
8.150633695738036203e-06
8.450569272046894661e-06
2.412941352860617599e+02
2.718938030257917741e-06
3.078398537796837904e-06
3.446928066062424146e-06
4.561159719671374137e-06
6.960685857238504104e-06
3.002864441162230946e+02
8.070754468701901354e-07
1.574832456362907179e-06
1.743892263026935579e-06
4.551761439065776101e-06
7.711761314184279289e-06
2.888132913441564256e+02
2.670380605168621110e-05
2.803920068147979950e-05
3.238909224568973572e-05
6.397401460995274115e-05
9.164197200761266238e-05
4.339808960335676602e+03
2.702641279632986550e-06
6.029658053799996612e-06
1.091622005309919983e-05
3.108083854863551133e-05
3.284276598907043948e-05
3.972082929213514149e+02
4.457091311051458516e-06
5.975018469379159418e-06
1.662164048941926865e-05
1.737264842002838005e-05
2.286488780345972559e-05
5.242436961459644635e+02
5.049812268930265317e-06
1.073298962824822348e-05
1.458119937208959416e-05
2.304207976717696804e-05
2.760221346635994253e-05
5.667279422989332716e+02
1.012213837619787697e-06
3.586108494315546836e-06
5.787005435682231835e-06
8.096085147304046595e-06
1.498016403012354517e-05
6.560197298486533555e+02
8.870721850248030835e-07
2.574975817698033671e-06
3.496991245074032418e-06
6.181594773165425345e-06
1.531102832070438651e-05
6.016025567881652023e+02
1.166988812667371199e-06
1.538788245878011161e-05
2.277002119048255943e-05
2.677666202728683437e-05
7.391301911452718987e-05
1.154464290207911290e+03
4.103972677931231302e-06
9.226825992807540628e-06
1.355006827790141680e-05
2.439029871798478123e-05
3.520920009241389149e-05
9.920270820090074722e+02
2.756389872257278303e-06
7.546399115170023801e-06
8.449952163994444416e-06
1.613884488403973108e-05
3.186937441177864244e-05
9.890666565374244783e+02
2.543976328821062719e-06
3.628560137311654764e-06
6.005881537039747663e-06
6.387563428479285492e-06
7.293231827968228377e-06
7.479802747286273643e+02
1.051146776781624031e-04
1.256346837476105698e-04
2.043855511056114657e-04
2.786555278958892682e-04
6.011387894901222334e-04
6.080879252695789395e-04
2.104205800400121916e+03
1.216601997031247447e+04
1.924675341850552650e+04
4.022638760687044588e-05
6.026361781411088738e-05
6.646823674708877202e-05
1.378612623691935371e-04
1.391768463640877251e-04
1.561963124555494642e-04
1.311224696718984433e+03
3.289301218392505689e+03
5.173436106509412639e+03
3.385893580803577170e-05
4.493102315226217184e-05
8.407232240154365792e-05
9.941672175466700337e-05
1.333263906097962074e-04
1.551356921515728842e-04
1.476522865094027793e+03
3.728435284904573109e+03
3.981125806940589428e+03
1.339653373527064615e-05
2.022101790865589677e-05
2.395656947378991413e-05
3.337844298266256685e-05
3.355592571997636201e-05
3.652756121779578505e-05
1.840503665938841849e+01
1.366323241518438635e+03
3.746508380079313156e+03
1.181796732703780894e-05
2.315845562533745764e-05
2.705557123008540699e-05
4.584102958266122134e-05
6.200691684624768806e-05
6.775774380951140132e-05
9.221407810933299061e+02
1.071815608709735670e+03
3.620430652527804796e+03
2.517341235805291709e-05
2.774005614970122028e-05
2.798831782085078364e-05
2.923791096121355172e-05
3.106295126784084038e-05
3.589721604261158778e-05
7.562879275679210878e+02
1.321031358935292019e+03
1.437921180490071492e+03
1.545290319948298929e+03
3.373711922565182704e+03
3.439673158138818962e+03
7.105054985118264046e-06
7.269666844415463354e-06
1.062044841220327166e-05
1.720941819101148699e-05
2.571529101746184811e-05
3.449444325333806495e-05
1.020483483713160126e+03
1.080516630847016359e+03
1.092237659502680344e+03
1.443920366754761062e+03
3.399396956377555398e+03
3.447052922132492768e+03
1.428552613542039717e-05
2.200123942880644379e-05
2.950070110759398035e-05
3.760260202317906023e-05
5.659814670884954596e-05
5.661535208027975200e-05
9.059006112052770732e+02
9.123589840940330760e+02
1.041204543483753696e+03
1.393293288130739711e+03
3.395472267968545111e+03
3.453081156573288808e+03
1.299655162692192221e-04
2.327605811489900835e-04
2.845029493595570671e-04
4.469247340636164434e-04
6.738002468858224478e-04
1.156291222020829082e+04
1.814468878145142109e-05
1.889929981207318470e-05
2.627864194036568651e-05
4.156152099813922027e-05
1.084635543109124323e-04
3.717217872199085377e+03
2.291232699012080539e-05
2.950902254692883359e-05
3.306696454292481075e-05
4.219955895410548773e-05
5.108700218926848149e-05
8.079302239820840441e+02
3.817866655638947620e-05
5.295753856568656250e-05
7.226703082270857998e-05
8.453918488380527145e-05
1.831156901207196830e-04
3.102928095473454050e+03
3.089336567344786529e-05
5.302825828829820095e-05
8.126894391197288443e-05
1.142642085686755164e-04
1.694492869358078877e-04
3.127922941446768164e+03
7.295762801655559184e-06
8.506699614169363274e-06
1.134707348833292686e-05
1.628515525282656974e-05
2.704816437046418908e-05
7.226699680708238702e+02
8.541793513881637396e-06
9.967481932455427555e-06
1.330196123326495292e-05
2.029364393478297132e-05
2.190902034484385816e-05
7.223404464000931284e+02
3.836387892323430994e-06
8.399903541727546949e-06
8.558202070235285168e-06
1.355006799261940387e-05
1.508814849268630394e-05
5.814259907920085197e+02
3.080976669388960691e-06
4.297452183161126646e-06
1.048416211751372553e-05
1.591685432463755824e-05
1.852806670711843229e-05
5.814834543034241960e+02
1.191977391252771510e-05
1.661313292277955239e-05
1.806675770567714499e-05
4.720118444604550449e-05
5.427617152228933917e-05
1.311411713326881454e+03
1.704532547017953027e-06
9.234531478253051411e-06
1.041073759418617690e-05
1.324850824077427759e-05
2.246708914448501362e-05
2.764251429658903021e+02
5.891796861192353995e-06
6.206955165047113586e-06
7.737456977298397989e-06
7.819908070484389478e-06
1.151556181089261992e-05
5.674704367841942485e+02
4.563077260817056108e-06
5.883020551303457972e-06
6.171564867088343897e-06
9.838484022612474882e-06
1.243297450640009079e-05
5.188246476708600312e+02
4.576176527423035607e-05
7.076224979028028180e-05
9.925199081278318061e-05
1.251701690970773195e-04
1.567088594869008175e-04
3.504309228636913758e+03
9.900317898049779510e-06
1.201983268540046571e-05
3.077634241991568945e-05
3.111006248603975143e-05
8.079699672582446525e-05
2.352413759625793773e+03
1.770632014336122281e-06
6.288094701239275088e-06
6.869460975971671769e-06
8.449952147715724779e-06
1.187057013188093509e-05
2.569011297610247766e+02
2.678162683634676586e-06
4.593518915319280013e-06
7.224383130401857233e-06
7.276923246942230548e-06
7.984454282121765566e-06
2.890208816656177646e+02
9.988452721145760050e-06
1.057116780737944652e-05
1.326904170709062588e-05
3.474391193761663059e-05
5.807630791166252073e-05
2.625424870086596911e+03
2.216022160597561376e-06
3.766372563536991521e-06
9.236486965853553871e-06
1.661165200171076353e-05
2.097410569096077058e-05
4.669387810206229688e+02
6.937755820393999200e-06
8.327219343601904202e-06
1.689990435270749897e-05
1.854648503005946968e-05
2.114951897115411680e-05
6.236171190108282190e+02
3.260820095279898569e-06
3.382217301564314066e-06
4.929276318177445179e-06
9.033378831482393478e-06
9.094468630109120549e-06
5.842570503980675767e+02
1.772066453727448528e-05
3.002981629762053228e-05
3.444190578684397190e-05
9.642181306320376339e-05
1.142642085686755164e-04
3.690221806129053675e+03
1.975719983391465333e-06
2.037006899282608346e-05
8.850867537081020771e-05
1.035115907742272868e-04
2.103690963077968522e-04
3.054368944691653724e+03
2.016403477456634287e-06
6.084900226523691399e-06
1.085852346697703693e-05
3.419380121282849399e-05
4.151089169561034245e-05
7.363380517230002624e+02
1.466160245542702410e-06
4.170908827073616584e-06
5.322249563308232701e-06
6.387563457049506903e-06
1.256969740911503251e-05
7.620268677215913158e+02
1.036747611613886896e-04
1.500620251063037420e-04
3.380886438525465337e-04
4.339450708148494609e-04
6.088319936902725346e-04
7.645846369295458992e-04
2.093914554723814490e+03
4.049837717003633770e+03
5.403042885513619694e+03
4.986388062377070948e-05
1.223568055827479214e-04
1.626130301801943724e-04
2.293693825649551301e-04
2.930437067128118531e-04
4.641206037739206659e-04
3.849230242930394070e+03
7.770038427561403296e+03
1.328700549918362958e+04
2.974581009186440575e-05
3.698894101185673977e-05
5.464396352351448582e-05
6.054685766122345331e-05
7.504850222437136069e-05
8.322188254651355290e-05
9.989619056208537131e+02
1.896492230851187514e+03
3.609564084907906363e+03
2.210412721588477249e-05
2.830015679036652456e-05
3.042740146874456576e-05
3.576317309831742103e-05
3.917634806512140165e-05
6.983460150817475353e-05
8.266977785681477826e+02
1.303169447057836351e+03
3.623325098373591572e+03
1.638051368971719986e-05
1.682165698459777814e-04
2.007659965129569434e-04
2.256552783386102780e-04
3.077586397701800739e-04
4.688797911838947204e-04
2.195913791635652160e+03
2.357692547416599609e+03
3.262556939910513393e+03
3.691987609110037738e+03
5.654645751266263687e+03
1.076018692269403618e+04
5.976438136535207430e-06
1.086556354999467122e-05
4.197808050306466054e-05
4.249115342247463881e-05
4.682702890412908077e-05
9.853781018083471502e-05
1.133649808886566234e+03
1.373212692470684715e+03
1.698772381317269264e+03
3.041817987985078616e+03
3.421048518149616029e+03
3.451669201458060797e+03
1.328271184487218907e-05
1.724947362652556914e-05
3.366950986965524373e-05
4.932616458916949111e-05
5.392727072110692978e-05
6.590099806853413976e-05
9.313719536587598213e+02
9.928061339765278035e+02
1.009692588864612503e+03
1.443874676398092106e+03
3.399937328158861419e+03
3.445098197172821074e+03
3.138710142168753210e-05
4.281070619681773064e-05
6.155324736627455697e-05
6.202927969689623039e-05
1.251701690970773195e-04
4.385859253723759139e+03
4.054688843337179025e-06
1.198507404520134101e-05
1.432064203109943431e-05
1.768955299200611193e-05
1.916269053318857304e-05
7.675697189422876363e+02
5.428865408306072502e-06
7.998969424146848441e-06
1.051916498551583666e-05
1.288085485734115166e-05
1.469899804783310816e-05
6.229087564864914839e+02
2.459336006622910850e-06
4.199283653961886025e-06
1.328603114184951531e-05
1.659537556965495485e-05
1.791409153104477588e-05
5.792091963436745345e+02
1.886580044846217823e-05
3.762977959899270399e-05
6.704244745949426135e-05
7.463945871855722696e-05
1.229426276211362853e-04
3.453365860500845884e+03
1.522632660648026384e-05
2.961666368214486115e-05
7.226703082270857998e-05
1.127432983487943201e-04
1.144988230847953894e-04
2.743485194150932784e+03
1.806675770567714499e-05
1.896142380919019587e-05
2.408519166669144683e-05
4.213405886443635600e-05
5.186282455876047590e-05
1.220464211895372500e+03
1.210087364917549471e-06
4.994604616626332814e-06
1.277512688773861834e-05
1.620703196544867909e-05
1.718868750091764779e-05
5.227618854569345785e+02
7.819783515486293995e-06
1.555919139839096285e-05
1.642808577062442775e-05
2.091349843704554487e-05
2.328636309778402450e-05
4.915104841185523696e+02
1.508542849301435037e-06
8.644235143876509981e-06
1.195009790602624190e-05
1.819634932920379810e-05
1.866073449836439644e-05
4.534275723429314553e+02
2.525317817167323874e-07
3.033091592953337503e-06
5.132257544698696426e-06
6.189263973080146093e-06
8.449952168529026829e-06
5.576939840006249369e+02
9.825935678595799856e-06
2.242691685131303604e-05
5.104953105637977795e-05
7.637357643789300570e-05
1.311034340638048460e-04
2.831917080573102339e+03
1.044588052003935513e-06
1.435221330218784498e-06
3.121039083446187584e-06
9.288634459760495882e-06
9.664960058714415072e-06
5.690439066043868479e+02
2.825339216111011961e-06
3.456320659966572938e-06
4.210632871636781043e-06
6.107922228318914845e-06
7.581693008767213456e-06
2.930095510078494954e+02
1.150032156146350363e-05
1.649565782562116494e-05
1.929603544915369978e-05
2.719157850839047140e-05
2.985285568176302649e-05
5.810439368780662335e+02
1.242168488880276048e-05
1.441198323739526994e-05
1.689990428012381592e-05
2.273700816853657604e-05
2.298221753910372950e-05
6.685461310820311382e+02
4.088253801405381407e-06
9.765646470197068515e-06
1.676462338036724476e-05
1.699833602194113287e-05
1.843553208275507910e-05
6.437118018963326449e+02
4.106105203531776478e-06
5.354320292744764781e-06
1.002588497472464424e-05
1.009962458450152066e-05
1.187804765464845189e-05
6.069040692028983131e+02
3.057895339518697684e-06
7.561764954939533916e-06
5.382341303122644484e-05
7.079880867193278434e-05
1.022010151019089468e-04
3.109913834945531562e+03
7.976405073495604551e-06
8.650634625417521546e-06
1.174474523429939899e-05
3.117973243354578742e-05
5.253984290948113863e-05
6.525039811162787373e+02
2.496234098209425662e-06
8.201851721956939577e-06
1.059257559678189697e-05
1.512666156863730746e-05
1.710419644422690052e-05
9.868374285035315552e+02
9.725256340616866883e-07
9.298178784753482698e-06
9.750085659623432139e-06
1.349941717143120966e-05
2.449924414237031881e-05
8.365722590041407329e+02
1.973014623921648713e-06
2.662385928496903308e-06
8.142577626181092808e-06
1.314630595214250759e-05
1.901628849545231541e-05
7.702356536510044407e+02
6.083543020664793701e-05
1.898363444411143870e-04
2.055182733829174796e-04
4.772167458029786527e-04
9.528117869287999232e-04
1.045852132668454240e-03
1.358213827359320931e+03
1.247628313409921611e+04
1.906628376018315976e+04
2.858760137663691670e-05
3.459756142805006727e-05
4.200694440435459576e-05
4.887213416146779233e-05
5.752330498013043562e-05
6.705946734634662249e-05
1.211983331392506898e+03
1.781223766643331146e+03
3.745992353387513049e+03
2.852095998997548104e-05
3.737898172364989004e-05
7.308994777239767745e-05
8.316373626310541792e-05
8.410732889619830738e-05
1.007945758978143381e-04
3.106910704582571725e+02
1.477895515959884051e+03
3.768834734538574594e+03
1.017623165528604073e-05
1.508697383687819031e-05
2.491345070608216316e-05
3.027814357823781737e-05
4.889700947527230178e-05
5.729575309413857020e-05
9.870190598613917246e+02
1.459446295002704574e+03
3.613060768081095375e+03
1.386061751178537954e-05
2.702050136762572217e-05
2.826188852614253667e-05
4.713490488494719830e-05
4.722937845899888569e-05
6.054150254357797470e-05
6.136085730851900735e+02
9.149689754335829548e+02
3.620701643204717584e+03
3.910895604325954547e-05
4.788901205546635461e-05
8.032477954533392267e-05
1.071263894159285303e-04
1.463511625156453048e-04
1.800193254407865279e-04
7.481743056661141509e+02
1.450966614071614458e+03
2.244203267044554195e+03
3.500547774605064205e+03
3.551432700700718215e+03
7.038311043857500408e+03
7.121139497327040176e-06
3.542086497380052815e-05
3.593958178030076293e-05
4.572418032545863759e-05
1.028077193077193518e-04
1.040844075514955506e-04
1.130802813527608578e+03
1.513929433921435930e+03
1.647831835002490379e+03
2.599628178762254720e+03
2.823987160001329357e+03
3.442130786379711026e+03
6.573145560340569820e-06
1.357826370262089624e-05
2.219493042257837984e-05
2.379204290016910292e-05
3.213573638047357602e-05
3.594011572383380015e-05
9.380793787673005681e+02
1.120998183560127700e+03
1.312353257739805713e+03
1.490767961256843364e+03
3.400519810394261640e+03
3.431291172981808359e+03
2.860193570503230916e-05
3.713413254954604672e-05
4.383541319063142519e-05
4.874087582599827089e-05
5.316201353113929996e-05
5.857948441179264997e-05
9.158941750519852576e+01
9.463725712340320797e+02
1.042978097933593745e+03
1.590116112038335814e+03
3.416631311407098110e+03
3.438569335333288564e+03
5.756430992465867019e-05
6.468849180436241346e-05
1.086625342723977641e-04
1.272602060454896416e-04
1.615939934516489305e-04
5.678629844196466365e+03
2.080077671659793728e-05
2.860368937204514286e-05
3.542110228483143463e-05
3.613351541135428999e-05
3.991922611998418891e-05
1.409254478207626107e+03
1.106358437715107067e-05
1.378698581612527161e-05
1.441533695590935359e-05
2.141484191403846687e-05
2.379988542359900638e-05
7.256452496305464592e+02
9.115346517396387562e-06
1.689990434933000930e-05
1.863147142684995155e-05
1.960004511412902125e-05
2.146399718624144884e-05
7.703674932281742258e+02
5.405158077140993512e-06
7.668521282487983568e-06
8.449952153209795621e-06
9.853708876622559689e-06
1.230239938547725387e-05
5.582668369025820994e+02
2.527859785691780208e-05
2.620749752411664674e-05
3.051253657208116840e-05
3.957454319528126702e-05
8.061068523023887230e-05
3.402073142298535458e+03
7.823744834956743993e-06
1.472791647148747697e-05
3.613351541135428999e-05
4.009169936594238887e-05
6.577149697595460200e-05
1.882672891767244664e+03
9.009033505226906092e-06
1.086275272428069277e-05
1.259164354091552216e-05
1.343537072267528138e-05
2.212716884270255193e-05
7.119434566057919938e+02
4.929527488599926077e-06
8.706246553508491202e-06
9.285479096205429900e-06
9.967557889084209579e-06
1.106358439241310852e-05
5.443849591247709441e+02
2.335725823885563742e-06
2.605704817141068146e-06
1.331251867520144233e-05
1.628485290993697757e-05
1.649874495021980410e-05
5.210712559498101655e+02
1.194245867538610104e-05
2.129749039284313373e-05
2.886350178882813141e-05
3.613351541135428999e-05
5.394177154145511838e-05
3.038730545386154063e+03
3.181978891780037686e-06
4.170494831208877179e-06
7.669808759700922238e-06
1.023909069175230687e-05
1.579721164373105224e-05
7.350847097651693502e+02
3.687837543889761526e-06
4.852932846861667645e-06
5.377487768848515535e-06
6.481939193561436218e-06
7.158181209410423300e-06
8.330663996095131552e+01
8.258832889239140908e-06
1.541726417400352242e-05
2.085143520825306950e-05
3.033335198063371178e-05
7.226703082270857998e-05
2.562761904822898032e+03
7.251644387390509640e-06
1.255632123537029105e-05
1.345524002918095820e-05
3.307672228123570922e-05
4.212772768867274525e-05
3.680146283756471348e+02
8.543131769017200632e-06
1.149362022198320105e-05
1.833369160848732300e-05
1.855297897886567005e-05
2.133278559470457234e-05
6.667685505804028026e+02
7.349157098812660238e-06
9.264131364570279978e-06
1.101588521752036104e-05
1.365946793989850894e-05
1.538041866473532465e-05
6.339059458622117518e+02
2.335767778999397432e-05
3.656289480422173925e-05
4.885114359845268544e-05
2.922266556716478117e-04
4.009812328739283810e-04
5.377760123644662599e+03
2.539171682316029004e-06
9.430448381952444940e-06
1.138933660123332841e-05
1.347686352673996091e-05
3.854711745429570830e-05
9.874877203525859386e+02
1.963937231457016636e-06
3.788099249372425903e-06
6.756044902111141548e-06
4.089931691033160454e-05
4.339193997975006106e-05
8.226765542364457815e+02
8.104767693423391863e-07
1.942244805183273385e-06
7.949851103880145242e-06
1.043859389554903731e-05
1.290992252995373595e-05
7.616730315688156452e+02
1.370107568611602701e-04
1.506891295905600915e-04
1.835184310884720486e-04
2.628943023292288792e-04
4.733403867784764796e-04
6.265327994994701654e-04
2.993411555591391789e+03
8.646141336604347089e+03
9.550587878219575941e+03
1.626747255397939155e-05
6.344000844181845442e-05
7.889246423669149066e-05
1.058290142641886048e-04
1.350234542671349604e-04
2.438443912101291567e-04
3.094155862145053106e+03
3.161355853097792078e+03
3.661035313221233082e+03
2.626373213676920534e-05
2.897002944145636526e-05
7.147548569581374349e-05
7.912886817991759720e-05
8.223169503132611807e-05
1.012612419957610409e-04
7.434258650007009237e+02
1.357265465323124317e+03
3.641834457509853564e+03
4.584956649667648051e-05
4.903424081193129372e-05
5.629429169965148729e-05
6.509822390655724148e-05
8.303905928705845993e-05
1.107101965792994038e-04
7.726003776207714964e+02
1.061314012108073712e+03
3.624087157153622684e+03
1.015644462012505410e-04
1.219822948065366709e-04
1.862924153290241409e-04
1.954246759836199146e-04
4.101009748174993391e-04
5.147142364526266761e-04
2.825504436596260803e+03
3.313872724340877994e+03
3.599963824803905936e+03
3.760859023397697001e+03
4.738511867971514221e+03
5.358306000688275162e+03
6.809251051920703899e-05
9.399793586717396004e-05
1.065999618797503564e-04
1.341821128073938485e-04
1.386522757034367652e-04
1.704643625479957477e-04
2.315680303625238139e+03
2.997482819189645852e+03
3.100542088000656349e+03
3.451238352828367169e+03
3.470359608671811202e+03
3.663261180390069967e+03
1.346929026887969687e-05
4.848760462214029638e-05
4.911669095407772141e-05
5.767281778070641279e-05
6.649650945194208009e-05
9.809007660547366437e-05
1.042579609195695184e+03
1.424950924564676598e+03
1.814211691975960321e+03
2.593492844402779156e+03
3.091669439721804792e+03
3.536261781190137299e+03
3.643172591098497212e-05
1.112666540895923051e-04
1.163717150141211135e-04
2.826873025681343374e-04
4.261905415738426943e-04
4.634020126477632275e-04
1.857296905158582831e+03
2.663732448688380828e+03
2.910725068504601950e+03
5.112140273065436304e+03
7.167021437026771309e+03
8.070047260764235943e+03
4.970870016888329312e-05
4.997309539833236534e-05
1.068248443161145741e-04
1.133609927012673921e-04
2.086194617496881843e-04
2.866938050983676672e-04
1.133877636623532680e+03
1.924698605037679954e+03
2.536596664487061844e+03
5.048723599547458434e+03
7.282370671860584480e+03
8.017244023081610976e+03
1.536502743627801088e-05
1.998622157015269576e-05
2.371570692863978806e-05
3.539854023212141647e-05
4.533044115520611024e-05
4.969152470752320814e-05
2.115077572681070421e+02
1.036506663562989161e+03
1.330198866586897793e+03
1.746698337731620541e+03
3.409566746519311437e+03
3.469069542064580673e+03
2.101452045750955058e-05
2.346850462063621078e-05
2.405721765023288250e-05
3.640783037530478402e-05
4.446345669172246164e-05
5.128225446542643339e-05
9.575649210330144570e+02
1.012507683261235684e+03
1.038380345160225716e+03
1.435706066359429087e+03
3.398243127821137932e+03
3.447612839129494205e+03
