2.772874594972826179e-01 -1.071557614360312133e-01 1.651846013897192988e-02 -1.277092468099997463e-02 1.518997774882614032e-03 -1.971105652710125492e-04 -1.315563330365417116e-01 3.527033414255247717e-02 -1.408809779154530928e-01 -1.315525301584677120e-01 6.971431102319762541e-02 1.273659944645519349e-01
-1.065550679686978891e-01 9.638229268204945299e-02 6.032180744388850047e-02 -1.367358182618871876e-02 3.488482795742164216e-02 -7.801215028550355021e-03 3.869541540798028534e-02 -4.521801682703600889e-02 4.752406959363565664e-02 8.399851347384064415e-02 -8.486475245060637329e-02 -1.023783033189696462e-01
1.338102065980612508e-02 6.054480692878110720e-02 5.632256000866646684e-01 1.773666581996371583e-03 -7.801095098442669892e-03 -2.424298855842165271e-02 -1.822044925219182265e-01 4.914148879657399133e-02 -2.919514814044221751e-01 1.663007265926747802e-01 -1.030378874156911706e-01 -2.523112756589260264e-01
-1.277092468099997463e-02 -1.367358182618871876e-02 1.773666581996371583e-03 4.624423730904127054e-03 -8.157936987877502800e-05 2.275172842088665076e-04 3.521179817243496116e-03 7.292079203402314878e-03 -1.159617018174155479e-03 3.868697019344849875e-03 7.489451986989230196e-03 -1.341094275923079013e-03
1.518997774882614032e-03 3.488482795742164216e-02 -7.801095098442669892e-03 1.373481360454545516e-03 -3.565771501657089698e-02 5.812265153976987897e-03 -3.860144166435100651e-04 2.614027704559319411e-03 4.041446832790117653e-04 -1.532512498461457854e-03 -7.497563141703684000e-04 1.290896839559104239e-03
-1.971105652710125492e-04 -7.801215028550355021e-03 -2.424298855842165271e-02 -4.305981187401476917e-05 5.573194135811828862e-03 1.467793251233338175e-02 2.616998805446586317e-03 1.169149852508875875e-02 2.603287770697181123e-03 -2.445476081526177983e-03 -1.082251467441996094e-02 5.619554587325511705e-03
-1.315563330365417116e-01 3.869541540798028534e-02 -1.822044925219182265e-01 3.521179817243496116e-03 -3.860144166435100651e-04 2.616998805446586317e-03 1.191983412673874587e-01 -3.850387134235849773e-02 1.589932572083889994e-01 8.847532274283108344e-03 1.112934146372151264e-03 1.903407833941491573e-02
3.527033414255247717e-02 -4.521801682703600889e-02 4.914148879657399133e-02 7.292079203402314878e-03 2.614027704559319411e-03 1.169149852508875875e-02 -3.976570030702518410e-02 4.196500708761240206e-02 -4.885990289330866682e-02 -3.817423112917271363e-03 9.302217519709120351e-04 -1.075864841010849837e-02
-1.408809779154530928e-01 4.752406959363565664e-02 -2.919514814044221751e-01 -1.159617018174155479e-03 4.041446832790117653e-04 2.603287770697181123e-03 1.603335742326249813e-01 -4.961886889545081419e-02 3.184359416299987200e-01 -1.868412022771964373e-02 2.616883484500460121e-03 -2.989440854775403042e-02
-1.315525301584677120e-01 8.399851347384064415e-02 1.663007265926747802e-01 3.868697019344849875e-03 -1.532512498461457854e-03 -2.445476081526177983e-03 8.847532274283108344e-03 -3.817423112917271363e-03 -1.868412022771964373e-02 1.185310973571364473e-01 -7.785555511167269183e-02 -1.452928477053079814e-01
6.971431102319762541e-02 -8.486475245060637329e-02 -1.030378874156911706e-01 7.489451986989230196e-03 -7.497563141703684000e-04 -1.082251467441996094e-02 1.112934146372151264e-03 9.302217519709120351e-04 2.616883484500460121e-03 -7.703566511033936581e-02 8.434946964519658696e-02 1.105048321112717252e-01
1.273659944645519349e-01 -1.023783033189696462e-01 -2.523112756589260264e-01 -1.341094275923079013e-03 1.290896839559104239e-03 5.619554587325511705e-03 1.903407833941491573e-02 -1.075864841010849837e-02 -2.989440854775403042e-02 -1.445976634357780677e-01 1.112366798072720597e-01 2.773512053736664762e-01
