3.709954654098883697e-01
1.884546925058920921e-02
-7.073146763287333719e-04
-8.333078487845035475e-04
3.848799511269780931e-04
3.007990554386104614e-03
1.265978237549555407e-01
-1.054620248937654354e-04
1.877426423054403065e-05
-2.258594855350330304e-05
5.828459742952318617e-04
8.301840092925783497e-05
1.910913810326449744e-05
1.593629930809470487e-05
-1.947894147470060410e-05
5.267882604532332928e-05
3.830317799046930043e-04
1.120253872102357651e-03
-3.823193422876069731e-05
-9.889729323008318758e-04
-1.563493961456163817e-04
2.138292908388480021e-04
-2.358962083444548943e-04
-7.479983396739461323e-04
2.358348019405524354e-04
6.364724829869643208e-05
-1.428623922770988540e-04
1.042126560561943804e-04
3.024600494616613844e-06
-1.114026111631805040e-04
1.525473903117075328e-02
3.171846642603911356e-04
2.346515610761231371e-05
0.000000000000000000e+00
2.022304253921654695e-04
4.167975254590894352e-04
8.893006504486766772e-04
2.604661324116186666e-04
1.921274725423434900e-05
-1.537233841363431553e-04
-2.183878309054421220e-05
-6.960227126525294483e-06
1.053397549791649677e-03
1.141353759825426001e-02
2.174337229588763631e-01
1.212383835243654052e-06
8.328724255037833757e-04
-3.173410146652215345e-05
-5.601744187149944874e-05
8.387212453498567592e-05
1.183669165549128293e-04
6.093873658419290792e-06
1.025508389738879130e-05
-1.506797654967269859e-04
1.958568960746938869e-04
1.276628538002810842e-04
-9.096335562076637501e-03
-3.495084704828606802e-03
-6.217720737873936795e-03
-1.510105973505426801e-04
-4.140689337038446085e-05
2.910597021809365305e-04
-1.432435122150906492e-03
-2.470017809071152872e-04
6.655437748318930580e-05
5.419250863467543582e-04
-9.379570608233725752e-05
7.191573193788950748e-03
2.756286086137056950e-04
2.506760882092466149e-03
1.376848271839451777e-02
2.651301572239509580e-04
2.385001312783223025e-04
0.000000000000000000e+00
3.102507639797543295e-04
-1.552097900814875062e-03
3.663755560753045653e-04
2.355426776459168672e-05
5.204060693506947334e-04
-6.109448291318949340e-05
2.200391176713963612e-04
2.829329436176604982e-05
-7.776462150563971708e-04
4.651744748810434532e-04
3.384558191284803069e-04
2.621733688919011145e-04
-6.846493246833359156e-06
1.538819437305827210e-04
1.329516281220281262e-04
1.526139573959269522e-04
8.219647854512678753e-06
7.738627042102042268e-05
1.027990496194064547e-06
-1.693453561561660545e-04
-5.218406319181431019e-05
2.472004032285571979e-04
-5.023291372810767324e-04
-5.254141104274031616e-03
-3.128998330368415372e-03
-1.115559876524792760e-03
-5.771665490420148787e-05
1.261387852251235340e-04
-1.521726433642966959e-03
-4.864074818961080398e-04
3.298691186273868399e-05
1.625800407832667159e-04
-1.293851408396810452e-04
-2.155189654405198388e-04
-3.750403714105251300e-06
-1.771215232565071071e-04
6.935129873423854455e-04
9.011129095646053027e-04
1.338911846704204987e-04
0.000000000000000000e+00
3.689819088549854079e-04
-3.072913453338466192e-03
1.235012378649609998e-04
4.457589954367883740e-04
6.519278487510474793e-04
-2.327443238772097800e-04
1.310276520203027982e-04
-2.604661022086970142e-04
8.980086792526191563e-04
-5.962570087447271582e-04
1.116081939014542225e-03
1.841935632841407156e-04
2.091308517196225627e-04
1.313318198030044462e-04
3.626474189396766907e-04
6.068292882803009472e-06
1.093821089265848784e-04
2.811791407649755214e-04
4.029915175616090805e-04
4.043173534801584315e-05
-4.730731975764641974e-05
4.496380154133117473e-05
-9.054219737294699972e-04
-2.699758969692071450e-03
-7.875649387472094531e-03
-2.531664236416597655e-04
1.488523792202804223e-05
-2.741681265140035527e-05
-2.537870584634986106e-05
4.407199559279817707e-05
-8.797063148206311900e-05
-9.554139310943287624e-05
-1.332962379121690024e-04
5.190752968533847824e-04
-9.687802856750415292e-06
3.246730744892604385e-03
3.058898395736287662e-02
4.034935439298633296e-04
0.000000000000000000e+00
0.000000000000000000e+00
2.432967672628535082e-04
7.168659999516140125e-05
8.443286002653612926e-06
-2.858193265436422600e-04
2.733678811351003763e-04
8.965767237978372606e-05
8.925454978816471110e-05
7.215889602910714913e-04
2.970956707825396894e-04
3.051783514629313573e-06
-1.479011750854889900e-05
-8.249468541462097470e-05
6.100781068791860391e-05
-5.043611855112959536e-02
-3.684343310609664893e-06
-1.979813443333533620e-05
1.861835275329681807e-06
4.033369475565281030e-05
2.389336367003558422e-06
9.005790932160214206e-05
6.869096330260522812e-06
4.594344826741533078e-03
-5.728573276585861569e-05
1.883323792121586538e-03
1.938834207296421115e-05
-7.601455317046849946e-04
-5.326626787541736789e-04
3.426823444703982081e-06
-2.587227192124267770e-04
-1.003442970230731699e-03
1.196552752211162612e-04
9.041485076733598030e-05
-5.353784750519619429e-04
2.620159767790693759e-05
6.066304438330227540e-05
8.484621673796748130e-04
-8.384248233165673789e-07
4.670520197082399092e-05
2.247664452596535520e-04
0.000000000000000000e+00
2.512213154547045731e-05
-1.482861570628972064e-05
0.000000000000000000e+00
2.969610384244703027e-04
9.244470636686023801e-05
-3.517083515819733610e-05
-3.123322866902385696e-04
2.764885852375516978e-04
