1.693910564532969121e-01
6.111062099360820704e-02
3.007809148855974057e-04
3.682276316305651219e-04
-3.795219832998464327e-03
1.572392211555273447e-03
-2.279661846438093328e-03
3.337896654244628444e-04
1.534093738127199381e-03
-3.339593397254077556e-01
1.125095887206721068e-03
-1.741541629569631834e-05
4.163577773367658871e-06
-7.830212461317669417e-03
7.924334143834718320e-06
6.477584301370745840e-03
-3.807923979221812961e-03
2.882482791949728953e-05
-3.046530860393599884e-04
-3.329274831339953944e-02
-6.487682901072341132e-04
5.726864533792230382e-04
-4.095134837879636634e-05
-4.086362289824396537e-04
-1.999760872969010356e-05
3.025583493784604199e-05
-5.102897122269286177e-03
-5.314778706370937474e-03
3.961274855007775389e-03
1.238611641058688260e-03
-3.212664518012001841e-02
7.757328514469049034e-05
-4.773583392844467539e-03
0.000000000000000000e+00
8.023490532237697800e-03
-1.451785471822268137e-04
-3.718220874097492591e-06
-5.987641929820301112e-05
5.124830596861965591e-03
4.305019344396458498e-05
-2.640230660747218823e-05
2.456782003523579560e-04
5.214337302610546308e-03
3.225202802771054205e-04
2.360592227740653526e-01
1.880070675415416483e-03
-5.449394672405460802e-05
1.264878218307134185e-03
-4.950932114523502563e-04
5.158098982256550252e-03
-5.861174347958779439e-04
5.706596056281520654e-03
5.117196661982662957e-05
-9.080062981517800919e-03
2.779013622524750951e-05
-8.556219368338982903e-03
2.403189834995285879e-04
5.711013793006832753e-04
3.646882263150056920e-04
-2.989017882612055119e-03
1.146816966851371743e-04
-6.355471137763638728e-03
1.993949709744313567e-06
-6.756110505416283326e-07
-2.863514101435112318e-04
-1.039011156983349392e-04
2.031514035617891026e-05
2.428944281145950426e-03
4.489467576214896680e-07
-3.190358813339362874e-06
1.678605798263500121e-02
-1.762345008501665228e-02
-8.180828987966452803e-03
0.000000000000000000e+00
3.666195514882748953e-05
-3.599596598111605861e-03
7.814422494156759281e-06
9.792597336423606094e-03
8.142336589413397881e-04
1.252386695799116267e-04
-1.440313220630725310e-04
1.104691673278127950e-04
2.941275930887332743e-04
3.786654505885630236e-04
1.300120740974482713e-04
3.298510096613268433e-04
-8.668814228195860158e-03
2.596102506524644582e-04
-7.240334000202371069e-04
8.243175985418460256e-05
-5.480071443931292755e-04
-1.134714935333569519e-05
3.480893210620431868e-06
-1.046416012957792317e-02
1.287087578451047876e-04
8.391319543310516222e-06
-6.136110812870576147e-04
7.238667362490532444e-04
-1.151014703294219073e-02
-6.077749550201794058e-05
-1.213395543727753989e-04
-2.696853338246506943e-02
-1.878328236124549022e-04
-7.309998187774935201e-03
-2.483973143604008547e-06
1.380697709624308545e-04
4.284571867962938435e-07
1.136191757212297792e-03
3.941758026400065957e-05
2.257274956246983213e-05
8.795446776347582091e-04
-8.586003861373795246e-03
-2.637784658584182203e-03
0.000000000000000000e+00
1.089527226131092928e-04
-3.396108204521434970e-02
5.829933968145202888e-06
2.711555208976257212e-05
7.071823726518081674e-04
5.763321227134632216e-05
1.191742313397803377e-05
-1.600080591856271263e-05
4.972627658625346832e-04
5.100786233516619184e-04
3.432435084237924535e-04
1.110267522733436032e-03
-1.069151972756069783e-05
-1.689708804641550490e-03
-7.203207424420228879e-04
1.049434572868731234e-04
-8.793350477010649638e-04
1.069379644924595056e-06
-4.974078901173569628e-03
9.850247414915505942e-04
1.048333888980283301e-03
-7.252902167068272501e-04
6.522140516068031680e-04
2.892097128972685228e-04
8.757359542745923333e-05
-4.356170513456521579e-03
1.308885421343516062e-05
1.023383475503199724e-06
-2.424044875620667751e-03
-9.230682040838396503e-04
7.609755974676465218e-06
3.762012459191943221e-05
4.318731466737742581e-05
-2.201655011207762861e-03
8.511820145093254868e-05
-7.850542652647026550e-04
1.914366635404187167e-01
-4.546255800172050061e-03
0.000000000000000000e+00
0.000000000000000000e+00
-1.488615452608736286e-06
5.068285992845478422e-04
7.145590490568546990e-06
-2.575460171956459932e-04
4.767433008909686097e-03
6.314083872357063875e-05
2.899917821430619824e-06
2.938520385585145431e-03
4.078967867027216487e-07
-4.881858438935973016e-02
-1.089486482052962231e-02
-9.355918794466215255e-06
-2.200397742055197197e-05
1.361871394220429132e-01
1.023161825293901918e-06
6.187701508347428212e-05
6.286621515405599495e-06
-6.032142506221897274e-06
6.048094437195080113e-05
5.455577731930875800e-04
-5.912572549454579544e-04
2.585230735642326128e-03
2.071675333762031720e-03
2.478754721059603025e-02
-2.067061757853316738e-05
-1.051112766786085721e-02
-1.726863588140941166e-02
3.957199522317544769e-05
-2.174224449841363413e-02
-7.258102423621896025e-03
1.431817594488293821e-06
2.588840832634886841e-04
3.014981366859774024e-04
-1.131897477183230248e-04
-1.544792750995949149e-04
7.419033460737504417e-05
3.681269777688515616e-03
1.664937387111577183e-02
-4.091534139316621746e-06
0.000000000000000000e+00
1.511509849119185810e-05
-4.099027678391967133e-02
0.000000000000000000e+00
-1.393946969338255516e-04
-4.667907059740912523e-02
-1.966013843188196830e-02
-1.586614935463378023e-05
-5.787435633241103800e-02
