5.877533785237124553e-01
0.000000000000000000e+00
1.497787453824282466e-01
-2.862002984608339948e-03
3.163314205113001987e-02
1.314190278158309903e-02
1.480681467916244998e-03
8.550364195145718216e-02
6.000923138265538146e-04
1.086458394594350981e-04
-5.634189911042519587e-03
5.999805515048972908e-05
-8.252740297695975238e-03
1.964279088937222542e-02
-1.657287072564690364e-02
7.336754422194014143e-03
1.791925771736512518e-01
1.147131070211450561e-02
8.070690662914689617e-02
4.918239336191367050e-02
1.195311229307500778e-01
2.711091371681758071e-04
2.688667542032599847e-02
3.497252009373796183e-02
2.273113667118353831e-04
3.158901710830548659e-02
-6.665515965902369104e-05
1.020354235268097244e-02
-2.961304073873405221e-04
1.437957415146851048e-04
1.544210967527063771e-01
-2.163810434573291530e-04
2.677651532704494958e-04
0.000000000000000000e+00
1.077916357132768831e-03
2.539407959831060154e-03
5.556132529578835296e-04
3.486760302789641440e-04
1.356514199433943996e-02
2.237256849887403476e-04
-2.306102166965991575e-04
-1.186486004353781682e-04
1.436463563828175583e-01
-3.057836996015798458e-03
