5.367189641061264060e-01
0.000000000000000000e+00
1.836948613337422874e-03
5.118473457412246221e-03
3.866564879808248589e-01
-1.430374950604096406e-03
6.916333042131298653e-03
2.217779097807658084e-02
1.972695174316513658e-02
2.061759950940556148e-03
1.301007996433118860e-02
8.293356160931075749e-04
2.567257756793861478e-02
1.679484006237958946e-02
5.120306836790167355e-03
2.243755272754384064e-02
3.782947788099527142e-01
-3.869126995645002370e-02
1.337289877024305795e-03
1.435862134550632560e-03
9.408908081506146782e-04
-5.333038776265268443e-04
1.602252758650616693e-03
8.774433018938099672e-04
-5.066063110285235144e-04
-3.566704463011660800e-05
2.428364616433883235e-03
3.436477154170466172e-03
8.741718127737385874e-04
9.495935764373871759e-04
7.749275326057734059e-01
9.739597180740910964e-03
1.284109824383582454e-01
0.000000000000000000e+00
6.561352974319470920e-03
9.270328344230398254e-02
5.736232097257524913e-04
-2.032646963513462524e-04
2.895763512345298982e-03
8.526802681304568310e-04
-3.543702341814765865e-03
2.383555642529588871e-03
2.396975023221862774e-03
4.942564089482059768e-03
