7.198031626670896577e-01
2.951259827283432211e-02
2.005719895134353974e-05
1.074017807383957109e-04
7.526216942850050056e-04
8.703930724272002637e-05
5.487844819298537538e-05
1.034409749362345426e-05
2.248611355383752289e-04
2.158005262530922948e-03
3.393357366835732638e-04
6.416054826921425026e-04
4.389720113912476298e-04
2.886165597142387117e-05
-1.081314543080284378e-05
-8.307366331409641458e-06
4.221989291249320878e-04
3.649501073208642255e-04
-1.090680761794970892e-06
2.683178384002967375e-04
-3.362834397660607985e-04
9.924749119427644928e-06
1.590350210672545738e-03
-1.137225937906446039e-03
1.574344012289360050e-04
-1.453559351358713093e-05
8.162610341784966317e-06
8.615811112170987038e-03
1.682685683139043898e-06
3.637125029879821095e-06
2.661017010870990185e-01
-5.494319138817556866e-06
7.111833817875871109e-04
0.000000000000000000e+00
5.504690817032716890e-04
1.081085129391727009e-03
2.803297412886281498e-05
4.467815842216597652e-06
2.431795331789610159e-03
-2.496781931757100919e-05
-1.962333712042981299e-07
-8.406213866255877416e-07
6.724239003761622868e-03
3.509217701475423614e-05
3.513245680647659741e-01
1.364650359807928373e-04
-4.560933858970421030e-04
-2.487275394112531510e-04
1.128236620772327060e-04
-6.587881196559249204e-04
1.331353722872815335e-04
-2.287291494647666033e-03
2.699144602084461393e-06
1.412108122979353412e-05
-1.652120153378492664e-05
-2.643093137707127133e-05
1.189923364711213119e-03
-2.039299239278332451e-03
-2.428439263366821525e-03
-2.456123480105332386e-03
7.711033998726894104e-04
4.301852174128336422e-04
4.586008701383074272e-07
1.386479159321367010e-05
-1.475823654863983592e-04
6.926046282294784709e-03
-3.260847924900555977e-04
1.297766183372895538e-02
1.521897059463632011e-05
-2.958446185749400852e-05
1.342232231904187147e-02
4.344082946309650065e-06
1.429711953987045136e-03
0.000000000000000000e+00
1.443992156005620810e-03
8.942257799150106772e-05
1.905277249905819732e-05
6.702418119489757416e-04
8.546040635991625223e-03
-3.179942573085329925e-05
2.583641838237819223e-05
-4.208675025210162481e-05
5.370581234082442426e-05
3.055270596556229019e-06
1.462379390715880581e-04
1.830292934040356309e-04
3.287518849822331296e-06
-9.605077135529012388e-05
8.319373380835473912e-05
2.418651572227092873e-04
3.039027597138514443e-04
5.081169065487870732e-04
5.148284517660546747e-06
-8.853763353577903672e-07
-9.704680245185374682e-06
-2.068787663095742748e-05
5.840574721765578580e-04
1.578237277335991975e-03
1.188731037935190389e-04
8.623454149389845778e-04
1.700145411807814851e-05
3.374884567039900581e-03
3.158030211277606993e-03
5.424521897812173421e-05
1.333720751538184810e-04
-6.025793568665467896e-05
9.886549903400284467e-06
8.377369502003422300e-03
2.500115381002624909e-05
-3.813475097197797372e-05
2.561744488424137420e-03
3.310576314670872923e-06
-1.256481852757544320e-05
0.000000000000000000e+00
5.872288776417026622e-04
5.326695256635538556e-05
3.543448382824054940e-04
1.501669567856023303e-05
2.293104469833927295e-02
-9.706627420613678225e-06
7.944953693791076050e-06
1.068210696417715189e-05
1.015999783378814489e-05
3.447045516461836467e-05
1.928105424725175818e-05
2.729964552592726874e-03
1.958540019327455714e-06
-4.277332901390170521e-04
1.198735768008107910e-04
-3.758059360481717510e-04
2.872044857309408172e-04
2.183788726635900806e-05
-2.258242743143768026e-03
3.673027266204442753e-05
7.664153898492286911e-05
1.598719357623975103e-03
2.454493010191146512e-04
-2.203297306266005452e-04
9.672999231209382202e-04
7.914552677191470263e-04
7.696594205455209448e-04
8.252504785413172783e-04
8.598127846232077147e-04
6.314770392974455588e-05
5.708187917488726903e-04
5.560929736767065371e-04
-1.776601583975967525e-05
1.055238400876519923e-03
1.716225568787847213e-05
2.253314332138304800e-06
1.524238606218901171e-01
-9.652510898002045767e-04
0.000000000000000000e+00
0.000000000000000000e+00
5.330173428239752586e-04
6.032742427222922006e-05
7.583871842194630025e-06
6.929413960410357731e-07
3.529179013620856960e-06
-2.250588439040394353e-05
2.311318280797299357e-05
5.868460103159482081e-04
1.664638823835792000e-06
-6.736233109190988688e-06
5.210407735872853337e-04
8.664237759720509193e-05
1.236162003467026647e-04
-8.603141205936415620e-04
-2.575008468794252273e-04
6.136037366684110323e-05
1.053887082533326109e-04
1.344618989576051826e-05
9.067783393586677920e-06
3.504183090681234076e-05
2.095628113783165548e-04
7.684224267571574540e-06
5.245161269473719470e-06
-5.370506125127016538e-04
-2.057609560557634555e-04
8.437911940510171160e-06
1.724654273319211202e-05
1.341666084497816726e-06
8.900137767102004810e-06
3.905792697252626755e-06
5.242430208525957783e-06
-3.304466692040837748e-06
2.927992303066580758e-04
1.769399694677901416e-03
4.361123574585512857e-05
-1.752289669935939596e-04
-8.703353193636094115e-06
1.548760302839006630e-03
-1.018560475759174541e-05
0.000000000000000000e+00
1.740015418788713264e-03
3.584021563951322658e-04
0.000000000000000000e+00
7.612484742403650365e-04
-2.140511437344387157e-03
1.621731824916672251e-03
-6.723164727458670789e-06
3.857285129201433810e-06
