3.207462643692156612e-01
0.000000000000000000e+00
2.309018173083092831e-02
-4.726154686871838042e-04
3.512600812330772260e-01
2.992101824766864662e-03
8.670837768730706510e-03
3.226607936432964591e-02
6.152293437923842673e-03
-8.833092903264949235e-04
3.702230114825940353e-03
2.457631820732072200e-03
6.904689710408451128e-03
3.639244754195535281e-01
5.637147804571429610e-01
2.082251207726776854e-01
-3.751653880146051719e-03
4.959833631845637740e-04
7.009706614817455550e-02
-7.079120377735807421e-03
6.492612383878571328e-03
-8.556357978694473232e-03
-3.566381454072664429e-03
6.886649179220371945e-03
-9.229360441833912160e-03
2.025602857727933429e-03
1.066063988262455717e-03
1.607060499980620671e-01
2.689238226155558193e-04
-3.305346442442706756e-02
-9.370233948947676028e-02
2.731800067364338874e-03
-3.426022697850106182e-03
0.000000000000000000e+00
1.194298732345139558e-01
-5.482857394108245873e-03
-1.549641201684289317e-03
-3.205049440330798478e-03
1.301914646193519723e-02
3.136218589730699249e-03
-1.906760082269901902e-04
1.906198658471872434e-02
1.156026365873098066e-02
-3.252734398200877401e-04
