6.050089768238545718e-01
3.625777459700365440e-02
7.869779891212698724e-05
-8.659239139684915976e-04
6.059733063544577893e-03
1.420601787772168747e-03
-7.282995947550293661e-04
-4.933291598365825877e-04
2.070899549441707153e-03
-2.624852839069254373e-01
4.144451283905799537e-05
1.336602415435243322e-05
3.095821259857522989e-05
-3.908987190562814712e-03
-6.873251605807132196e-05
-1.143627745078849373e-04
-5.402060584735875149e-04
1.133973468179079957e-04
-3.650007350911025749e-03
-5.485984129218465094e-03
-4.004219317014593582e-05
1.025213827333656090e-03
-1.448909073408436842e-03
-6.558289094886168066e-04
2.330895768806628856e-04
9.881130294478643035e-05
-3.171859596960062075e-03
1.796524843531432800e-05
1.431535653500404129e-04
5.516384514747822753e-04
2.498641339707711739e-01
2.480828106978065010e-05
-2.663231330248816555e-05
0.000000000000000000e+00
8.746791750890992034e-06
-2.082493445487720947e-06
-9.364892184818471006e-05
-8.659428603331834626e-05
4.400371299797682157e-04
-2.109795230414768295e-04
-3.821470830112823629e-05
-1.690019910961367499e-04
-6.975738188622257181e-05
-4.014216719016620253e-04
2.084084435359712384e-01
1.123729379642490799e-03
-8.084000131457417908e-04
-3.493406718418105503e-03
-2.341578391154749001e-05
1.968496340947201094e-05
-5.261869204494414720e-05
6.690244383171784208e-05
3.586302937441665675e-06
1.937275684017099940e-05
-3.013487000817309175e-06
-4.100984470213712703e-04
2.046470421562140876e-04
2.320167035748295708e-05
-1.649694727025696858e-04
-2.140990822156485420e-03
1.045367397320233065e-04
-1.233219892486575250e-02
-7.313086268391148607e-04
-4.323942598398618740e-03
5.173220127711708038e-04
2.559567204282512786e-03
2.428617155728988743e-06
-7.695837080086882786e-05
-5.989510970387060792e-06
-2.360886391969222868e-05
2.087245524750902612e-03
-1.008785936107029803e-02
-2.389928457908852694e-02
0.000000000000000000e+00
2.712793755702547216e-04
-1.502223645600933750e-02
2.508163857939393681e-07
2.002154189732247361e-02
3.976377606651482211e-05
-4.275756267200225700e-05
-4.164662494408055557e-05
2.273396416549259695e-05
-5.414605964615478058e-04
1.657573411593116219e-04
4.138043117784576900e-04
8.676501444300951238e-06
-2.982506453053690269e-03
-2.780824538602215119e-04
-3.527126074486382559e-03
1.132394474137784075e-05
4.690358652496451233e-04
8.062178956642703127e-04
-3.746498456991265158e-05
-3.131870206481002141e-03
-5.045675494678529581e-07
-1.886435718989905698e-04
-6.381797585566524990e-04
-6.280719272763560527e-05
-1.364037766498597251e-03
-5.832745082297133808e-03
-8.246453607326342371e-04
-9.975798963546878700e-03
-1.005105651817750443e-03
-5.916125311872925431e-03
4.380394085723438194e-06
8.754400840169207065e-04
3.883515988602074588e-04
-6.275696900504001974e-05
-8.966555657513216313e-05
-1.248909169000223028e-04
-1.138376991998886862e-05
9.279584861831151376e-04
-4.679246023378377112e-03
0.000000000000000000e+00
-9.787809210392906835e-04
-7.983648613633468130e-03
1.472705866893223979e-06
-1.108700596576343427e-04
3.241244363608064452e-04
-7.273856893580769314e-05
-1.599631972185600048e-04
1.821185668323306933e-05
2.162302293216233852e-04
1.753290307098994414e-04
6.769615026357008250e-03
5.511619604751327945e-04
9.800339744484946869e-06
-7.345338217040457305e-04
-1.837187325203171141e-03
1.361209833472543138e-06
-1.794052818046224917e-03
5.301064516295047051e-05
-3.628133094508208516e-03
-7.492032987430789076e-03
-5.597039614326138404e-03
-5.563260918194487016e-03
1.298173080586032923e-04
-1.568706224374475590e-05
3.671336138599823329e-05
-1.503583958171702097e-03
6.653981172544121306e-06
-1.905834309563481167e-05
-1.477901777355465152e-03
3.987994255779300079e-05
-4.529621273621220603e-05
6.099530604954865425e-04
2.926112239811651385e-05
3.041553357661830499e-03
7.412545525996202525e-05
6.387116917102749619e-03
1.047453440002516778e-01
1.223369152836732178e-03
0.000000000000000000e+00
0.000000000000000000e+00
6.088191478826517349e-05
4.526644282530541277e-05
6.928679428182723388e-06
-6.468905024307562690e-05
3.747059623215553883e-03
3.555791088113065533e-06
5.252253540576716224e-05
1.262196712511864981e-03
-6.053516892941720445e-08
-7.675910882275105603e-03
-1.761653702803071342e-03
-2.362316993650045103e-07
-1.946194889253701282e-06
8.304064778872133129e-04
-7.634671439016305072e-05
-3.871223009567585491e-05
-1.019514602928750556e-03
7.759329407996951034e-06
3.695107474147955163e-07
-2.079091090421147789e-05
-1.276158989099718255e-04
-1.706769805919587036e-05
-1.738472477157652386e-03
9.495302077294490856e-03
-2.731534467207071513e-03
-1.056854056630684296e-02
-4.149894460005946312e-04
2.466030022526173943e-05
-1.407347253977922659e-02
-4.988943834264417988e-03
1.349912861832169920e-05
-9.249322237115572003e-05
-7.010229597633681024e-04
-6.265835869022480476e-04
1.427789709262198662e-05
8.768153774263431899e-06
8.186190525967991484e-07
1.605271491509641059e-03
4.261362049488385914e-06
0.000000000000000000e+00
5.867039048248405379e-04
-1.083957084672821855e-02
0.000000000000000000e+00
-3.837650834878081341e-04
-2.776829285101497721e-02
1.868265425770676625e-05
2.551923002395521063e-06
-1.055526521425612270e-02
