3.748872558504821595e-01
0.000000000000000000e+00
-1.274496760254580606e-03
8.538711614415994255e-04
6.112933440395156709e-02
2.572360734786270642e-02
3.599970999080307713e-04
5.765874200386080645e-02
1.439311852002942982e-01
4.735341919063499466e-03
1.019617220552837501e-03
3.313741552514034346e-03
7.465480915275064756e-04
8.460256474178629027e-02
2.187369611406901225e-04
1.778552755896804435e-02
3.338452873665406218e-01
8.657072531910902508e-03
9.698107438476344724e-03
-1.405476772596481270e-03
4.135452714230621225e-03
3.627923775814408504e-04
-1.427189727849357539e-03
6.440282974151971193e-03
2.356270306762153592e-03
1.352477058643897917e-02
-3.065829798179930954e-03
-1.698780867959255245e-02
1.501434200289031404e-04
-3.502837595555911409e-03
6.502973090443099347e-01
2.049487401587611612e-02
-2.962952436971866385e-04
0.000000000000000000e+00
4.220276425150697001e-03
4.522849996442894135e-03
-7.799067886524735913e-05
4.059359548265047634e-04
-1.234828968466703501e-02
1.666258350728081882e-03
7.333913650736960041e-03
2.530728777599470809e-03
-1.732804545579765508e-03
5.614237833675576926e-04
