6.576600377909173067e-01
1.303748391042475196e-01
7.241726272736744409e-04
1.155498949165778589e-05
4.552745404570749700e-03
-8.412793209346921749e-03
1.186178850007094977e-02
1.179940376018391969e-03
-1.189190575563763355e-02
2.720064259483915593e-03
-8.086456767812204283e-05
-3.367217044064528264e-01
3.466410120842804837e-02
-9.046450070750356245e-03
-3.697831866416257047e-04
-7.496299636961064293e-03
-2.164984147268918799e-04
1.132964465196920891e-03
8.381028481913466600e-04
2.714292222647518571e-04
3.102962287408095494e-03
2.766715186639386558e-03
2.746854787250156194e-04
8.623563466749381004e-04
-2.514819634422312271e-04
1.062544020143585486e-03
6.362020669022102172e-04
-2.764173107476786061e-05
1.076628163530468727e-03
2.238813462396294085e-07
1.232027741446891256e-04
-7.271896354927124553e-05
-2.399309678215259326e-05
0.000000000000000000e+00
2.696521694004324287e-04
2.391954382668482035e-04
-2.107138534443997322e-05
-1.085260287193208946e-05
5.656204871051932802e-04
-7.082044676190483393e-04
-1.568522113136368786e-05
-7.144879725176596971e-04
2.340271216222008230e-05
1.476968361210688040e-03
9.055953861637268121e-01
-3.890029135175036130e-04
3.326715783267967467e-03
3.265534818230146348e-04
-7.406411264193531532e-03
-2.821288617849360136e-03
6.257269955362695403e-03
2.019616110366643678e-04
-2.413301069639247134e-03
2.605205493606010860e-03
-2.489865862924907705e-03
-1.003913794784587043e-03
1.952696469345268238e-03
1.481521653836657092e-02
7.407911165894468832e-03
9.769311609442092419e-04
-8.608875105485329013e-03
-3.571468874855340033e-03
-7.432311667846895609e-05
1.195051766895412768e-03
-2.508460933576831843e-03
-6.905995379839750424e-04
-2.249591895244762576e-05
-1.495658471066067246e-06
-8.631890484587235166e-05
2.298131175278624388e-05
3.563768464379372556e-04
2.024411384540088731e-04
4.704914287026869756e-04
0.000000000000000000e+00
-8.547862264859004328e-06
-5.787929321099986261e-04
-1.033872040137051551e-05
6.782877974924754515e-04
-4.182646845090065839e-05
1.017566335508342809e-03
2.880289261938025552e-05
1.382713469376343606e-03
-1.736296062015973973e-05
1.099631276097490142e-03
4.996128799212185435e-04
2.846348694721371640e-04
1.753567221988034872e-02
1.339821095286904606e-03
-8.378843379972848726e-03
-2.435334225297506715e-03
1.379683366220407770e-03
1.001243201338808441e-03
1.173714706127049895e-02
5.877727353445642670e-03
1.242032791304984764e-03
-3.570649264212843836e-03
5.636765131179040898e-03
5.854546056517525437e-03
7.414078283608190913e-03
1.182502055311695967e-03
1.971435811306247125e-03
-9.369185024909798326e-04
6.635174507046685431e-04
2.725335046261164341e-03
-6.559148811054645214e-07
1.967867479135243622e-04
-2.555522474509460112e-03
-9.645823961122567802e-04
-2.840550152412764638e-06
-6.688786769474041943e-04
2.022191623762085378e-05
1.498228506441175558e-03
1.938279635019431733e-04
0.000000000000000000e+00
4.477287671082796688e-04
2.392217068685198456e-04
-1.650616442573508481e-04
-9.815782840433643632e-05
-7.118325966292508573e-05
-5.463843646567512549e-03
-8.482361935462368323e-05
-1.044143391449899603e-03
9.274647857362946276e-04
6.190149113430484502e-05
-2.203744859700022373e-04
-1.153831926043332422e-03
8.888796253272360573e-03
1.996718753020787409e-03
-1.817518023082611428e-02
-7.842287444851751821e-06
3.865375590604403053e-04
-1.304561586895254916e-05
1.795365890860729438e-02
6.712836339921442142e-04
2.162970329337432496e-03
-5.122761215559101799e-06
-2.127011130017536847e-02
-1.778577524350547943e-03
-2.933668075880291153e-03
9.257813742849470891e-04
4.786501626274919374e-06
-1.432531353683071671e-03
7.844732821419657376e-06
-5.507941135976413428e-04
-2.554741578960258513e-06
-2.465838014155201027e-03
-2.313840710067024010e-03
1.466354523820934228e-04
7.532842586202237673e-04
1.703406251630380092e-02
2.428305411377496281e-01
7.394486534393118543e-04
0.000000000000000000e+00
0.000000000000000000e+00
4.305841682812338873e-05
3.103560042748402690e-04
-5.899709933204396459e-05
3.140362985790826956e-04
-4.471627185176352609e-06
-1.253477924760522952e-03
2.126805702766946583e-04
-3.244235588106973212e-04
-1.492716821187567365e-05
1.600708489653731098e-05
2.745127435067014950e-04
-2.116813595660508706e-03
-2.048566444832200382e-05
2.653778814852617973e-03
-1.771195045095811781e-03
4.613234769244356492e-03
-8.029469148695416239e-03
-8.052457744304556161e-08
2.869409599346524949e-03
-4.162470927869218237e-04
6.646990029517334080e-04
7.504448374295942699e-04
7.630397471125667692e-04
1.892339285596681764e-03
-4.685657419014551545e-03
2.519520519788098699e-05
7.771213095454861802e-03
1.073547441375518260e-05
-9.905020547622766201e-04
5.712810849825185507e-03
3.545540167379993674e-04
5.896622519713308648e-04
1.175867581556070806e-03
7.327702899088720748e-04
2.922599172385723868e-03
7.929604213629056104e-04
4.773003757245764249e-05
4.300653837358151877e-04
2.750604005748632279e-06
0.000000000000000000e+00
1.872104189184768197e-03
2.126289221542639442e-04
0.000000000000000000e+00
6.941053605021100257e-04
2.916305743925429400e-04
3.009754419106928490e-06
1.824377030149038070e-03
2.681178930305986425e-04
