4.780230179195503748e-01
0.000000000000000000e+00
-1.007271066912918817e-02
-1.027212438226570226e-02
4.211688804540634212e-01
4.858872084669811284e-03
6.763108907228295406e-03
-4.459434022273291859e-02
1.491370937473670590e-02
1.946593365900404354e-02
5.670496773321142929e-03
1.823383829059147974e-03
-5.488184725168136161e-04
4.925635777468619081e-02
-7.426739349714447935e-02
-9.699703586052063056e-04
6.180829553909478191e-01
8.002186802895099038e-03
-7.070017692254608509e-04
3.605554648638327909e-03
-1.916892198540705642e-04
4.373411693955235081e-03
3.102211966286979369e-03
2.326567474478198952e-04
1.494680298203965394e-03
1.687673363884541634e-03
-1.162510862171717329e-03
-1.573664307229057525e-03
2.370777599367176189e-04
-1.371714143633010873e-03
4.023945187175947402e-01
2.585145651208353799e-03
1.030372736212735278e-02
0.000000000000000000e+00
6.203544769397158903e-03
1.502752264387274134e-02
2.031559351508693736e-03
-6.142220179199260567e-04
-1.985298566378079776e-03
-4.070437196040692027e-03
2.106932773921676300e-02
-1.154481351903828079e-03
-8.693027029871758585e-03
-1.327581385631003245e-02
