4.255919027528664628e+03
1.547633686437286769e+03
1.544975327820656958e+03
8.943468278400135887e+02
1.941027049371078192e+03
9.211665160651361930e+02
6.668238440538564191e+02
6.202855794259604636e+02
5.796705344801416686e+02
1.933385901686318675e+03
2.372112298134932189e+02
5.620981524095656141e+02
2.059032587015969057e+03
3.983372637388261523e+02
3.920375794306732473e+02
2.906795610172788429e+02
2.759646710042272275e+02
5.400501354095921442e+02
6.703848041610444852e+02
9.881674446377378445e+02
1.004198210643799939e+03
9.556454010216662027e+02
8.959662844144091878e+02
7.360557529843301836e+02
1.675749239311525162e+04
4.512558102539275751e+03
3.320305467494099503e+03
5.447858231627521491e+03
3.698855572558077256e+03
1.368646084490131898e+03
3.890605592744985643e+03
3.711212638687554772e+03
9.615330742386233851e+02
3.614999208257794180e+03
1.050665301248654714e+03
9.605072876869132870e+02
3.525265781824709393e+03
3.409968241078460323e+03
2.777111533352079732e+03
1.384237212374340288e+03
1.176722833507814130e+03
8.480247203770143187e+02
3.493085534408523927e+03
3.391242232832749323e+03
1.368353113412443918e+03
1.267717242569384553e+03
1.155927492092558168e+03
9.760720142771740484e+02
3.496550686195779690e+03
3.388503256699062149e+03
1.414689741404119331e+03
1.270155093687577846e+03
1.118866450972420353e+03
8.863096905979832627e+02
3.430434112323547197e+03
3.396038095812999472e+03
1.173326328117551839e+03
1.067831566129301336e+03
9.765442627407022655e+02
9.074048244340798419e+02
4.295764634422356721e+03
7.633491736146140738e+02
1.614692468083045242e+03
7.435392087882725036e+02
5.538418946628917183e+02
1.407272763062983131e+03
1.254182448854149698e+03
5.853885257353284715e+02
5.946761961238451022e+02
5.132081175117565408e+02
3.107146343838256257e+02
3.089563890578784253e+02
2.973853969510346360e+02
3.515041347962060172e+02
4.075958620579453054e+03
3.300683558058534572e+02
5.234707245207775941e+02
6.765863991221212927e+02
6.575070834091532106e+02
5.889769845275087619e+02
5.452527731397938169e+02
1.257965831198070646e+03
9.851351417494892075e+02
7.606748773033842781e+02
2.180079338817441749e+04
3.086746952091552430e+03
2.502856842174912344e+03
5.334024537768536902e+03
3.319735649578100492e+03
1.044830618904164112e+03
3.726176695580981686e+03
3.506739012407756491e+03
1.207296490986202798e+03
3.636342345038880921e+03
1.250732514274360028e+03
7.561040667852860224e+02
3.619325721516499470e+03
1.098050699635261026e+03
8.726076394394345925e+02
3.468243359022794721e+03
3.395687592227739970e+03
1.412670875308048608e+03
1.373404735336475369e+03
1.220933133917349778e+03
1.117140659482339970e+03
3.472393555178703991e+03
3.369110242558585469e+03
1.245380317593213022e+03
1.000037824638524626e+03
9.898852706415244711e+02
9.183854402481347279e+02
3.473231791229667124e+03
3.368109453521733485e+03
1.229981205820215337e+03
1.007593139799992855e+03
9.215164495081216955e+02
8.403639843122360844e+02
6.394984901133688254e+03
4.244697906957364467e+03
7.362595994496323328e+02
4.441199149151960228e+03
3.825006524258325499e+03
4.035178006707924396e+02
3.341871142677170496e+02
5.810972425227704434e+02
5.813676064088828070e+02
1.280914151102124606e+03
4.454622930483936898e+02
5.649859617763580673e+02
4.701607222453553732e+02
3.091366423815730741e+03
2.859021473905281255e+03
2.445305196312760074e+02
2.832206339199219087e+02
2.432947774919053700e+03
6.440090065772174910e+01
5.877445573925003828e+02
5.867234893864798551e+02
3.536873633372127188e+03
1.202833455317280823e+03
5.255800947456809809e+02
7.511264161267266672e+02
1.259565196286453647e+04
8.347589312584917934e+03
3.199076895983100258e+03
1.283185772142323549e+04
3.676117616839686434e+03
2.787979391601522821e+03
3.606686374712171983e+03
1.564908788159777941e+03
1.039978956917542064e+03
3.628264105075262705e+03
1.480089191987081449e+03
4.579221265345864822e+02
8.450615854172852778e+03
6.955974246501407833e+03
3.832198554388249704e+03
3.481591387345275052e+03
3.034972751648802387e+03
1.250649200379990589e+03
3.462000996948862849e+03
3.364343508238157028e+03
2.645924131260268496e+03
1.582623765251962595e+03
1.493610393834088200e+03
1.294288542795685771e+03
3.474336087303423483e+03
3.368691107617848502e+03
1.251534580908522457e+03
1.001514833615407611e+03
9.699589690171675329e+02
9.282264188125425335e+02
4.531186993824031561e+03
7.025244448061240519e+02
6.160363975860515211e+02
5.721508279609500960e+02
2.881975876081967726e+03
2.419266304282713463e+03
7.277738677460433792e+02
5.474931349134054699e+02
4.491851303227360290e+02
4.981967937489805536e+02
5.341232452041110719e+02
2.685738100435124124e+03
4.786452253414593088e+02
2.886703327612122507e+02
2.504528641551105181e+02
6.674702079432703385e+02
6.668233228005479987e+02
6.604604664971617467e+02
1.185086597102290170e+03
2.000699184866675182e+02
9.978517762253860610e+02
8.254724259392105523e+02
7.666963842061336436e+02
2.034577081136152628e+04
3.694486247998969247e+03
3.308476717298116455e+03
4.555892814533552155e+03
3.639939775919497606e+03
1.210263707795546907e+03
3.668556235435054077e+03
1.220179907747773996e+03
5.550086282832622828e+02
3.637415113730890880e+03
1.087502191054558580e+03
9.293488266158132092e+02
3.615147614776488808e+03
8.609945095836446853e+02
8.580083217008706242e+02
3.111148889569630683e+03
3.047635541426381224e+03
2.215226386745178388e+03
1.697090644180841764e+03
1.402881399246381989e+03
8.233774710719242194e+02
3.508871050496130920e+03
3.395576965920284238e+03
3.105797105018499678e+03
1.445577661933401259e+03
1.220847015824514301e+03
9.933573788432162246e+02
3.472291331496032399e+03
3.368005886929535336e+03
1.265385199707081483e+03
1.101913793026395069e+03
9.895289195989344080e+02
8.073242205218472236e+02
3.472191680527330846e+03
3.369326560576166230e+03
1.256572916543392921e+03
1.025322047329347470e+03
9.941860290416981343e+02
9.238634767789930038e+02
5.830503108927395260e+03
7.116100504194654377e+02
6.412727885495062310e+02
7.656815721098658969e+02
5.429361891807702705e+02
3.202815177973265691e+03
1.395407331492961703e+03
4.726159167042724789e+02
5.564389829286194527e+02
4.618479769224022675e+02
2.859650796353608712e+03
1.006643806520900398e+03
1.519714953666994006e+02
2.699988451795852598e+03
5.494642580176843012e+02
6.293748929169923940e+02
6.171104152871680526e+02
2.537877326464988073e+03
1.015885251335580733e+03
8.349773942895618575e+02
7.571710325212769703e+02
2.201896929529430054e+04
4.967592754015167884e+03
2.353404798380038301e+03
4.218288162228254805e+03
3.012241129039492080e+03
1.323844007993958712e+03
3.614768181097623255e+03
9.946370855529013397e+02
9.935855182777708023e+02
3.616131520157734485e+03
1.060864253139392531e+03
9.556554094740962455e+02
1.335275155046590589e+04
5.561700657218742890e+03
3.839501606690379958e+03
3.308733255948039641e+03
3.048551265552613131e+03
3.000052184945244790e+03
9.052029552430498370e+03
3.496866976593756135e+03
3.414377554167494964e+03
1.727200203427607221e+03
1.712083918153344257e+03
1.065350875430564201e+03
3.487854786727197734e+03
3.217350618259637486e+03
2.989728370979878946e+03
1.768455671258770280e+03
1.063686259999581807e+03
6.023225380286796735e+02
3.140443726874887034e+03
3.068771282420182615e+03
2.627661297882294093e+03
2.492546333794357906e+03
1.055729746077838172e+03
6.825884351737015550e+02
3.193230321083128729e+03
3.083145839238022745e+03
2.754984570358949441e+03
2.611248300481008755e+03
1.033970207693888142e+03
9.147513117643966325e+02
3.477330738538960304e+03
3.364144583413230066e+03
1.295120286869897882e+03
1.225029560791864469e+03
1.025897166930600406e+03
8.501634448413170730e+02
3.473073622132947548e+03
3.368154925831826404e+03
1.243911541258557918e+03
1.018729074413468766e+03
9.683859992343756176e+02
8.848150575942647720e+02
