6.438191595412159907e-03
8.975196921665642633e-03
5.922084130045192352e-02
2.659199472572417616e-04
5.028979314410733387e-04
4.114645984722438077e-11
3.359301726584839904e-04
1.372285108468776493e-03
2.963657243483130868e-04
4.560280584185867728e-05
5.540689999564367592e-03
3.577815753161032379e-04
4.656675943523346677e-04
5.560666088129509249e-05
5.983566003884194023e-05
5.958323673223936629e-04
6.019523551738563622e-04
6.710942982144994090e-05
5.882286295817502246e-04
6.526260904575919468e-04
2.405584285376411466e-04
4.966288408775145803e-04
3.718518181544093210e-04
6.178690529819385550e-04
3.691326972314106300e-05
4.020911422856433874e-05
3.716766369797529983e-05
1.421303297702484038e-04
9.266383900100362298e-04
6.902337569173732377e-04
4.246767557913626247e-04
9.268449631182161877e-03
5.447525386089832920e-05
6.227415613731680094e-04
0.000000000000000000e+00
3.936724306087725105e-04
2.129151527688370130e-03
4.981509546467627428e-05
4.144054875916345086e-04
6.479973925971061746e-04
4.412489931650111024e-04
6.009162573785849747e-04
3.959833174718824212e-04
4.065483302297417294e-04
4.023692768405184145e-04
4.090855981594905509e-06
2.851881574725478267e-04
1.332942928818655302e-02
1.395787003027295439e-05
1.045961336590864091e-05
5.363241456852384193e-04
3.366106355619908984e-05
1.175967761197150869e-03
5.148128260736310659e-04
4.223589346171038807e-04
3.123061242326730189e-05
2.739086481746398909e-04
4.956392303691482121e-04
1.165244373714099644e-05
4.584071825326556339e-04
3.082234037763717602e-04
1.783331247387052227e-06
2.712948453199944985e-04
3.397925101490007903e-04
1.885638898340704460e-06
9.984764997563990102e-05
4.724817768876023638e-05
3.206091253473138743e-04
5.596990867095401377e-04
5.076308736579362416e-05
3.815582942569526424e-03
1.353167053680385257e-01
2.090210507869602607e-03
0.000000000000000000e+00
0.000000000000000000e+00
1.059065772516328561e-03
1.421504622537152337e-03
1.636928053843403591e-04
1.885442094199619653e-04
5.443722931586556608e-04
5.606379978928457269e-04
7.284125779956808629e-05
6.907419061078179379e-01
3.427526610005061756e-05
1.501123627510204646e-03
1.098322540229172383e-05
1.910381886498979927e-05
7.819299406986999264e-04
9.770495019046423888e-06
2.524581996084645239e-04
2.443576477563154728e-02
9.378746330417630248e-06
6.670893697359043780e-04
2.229995385991066607e-03
2.203183810034261560e-04
5.251988316252644701e-04
2.332301996661000342e-05
1.805532702503244696e-04
5.877896678463064885e-04
2.532032881450671139e-05
9.279676056947278268e-05
2.376662217158728859e-04
6.599226055599110956e-04
3.527473114314880632e-04
2.593296479046131289e-05
7.537359053971660460e-04
1.181948973116963414e-04
1.999108816682676113e-04
2.889315195260125173e-04
6.798927230543950866e-04
2.894097279291491073e-04
1.616615972877325424e-03
2.051498346450890561e-04
1.328798756839188772e-04
0.000000000000000000e+00
1.726121304424328359e-04
3.404616570077103536e-04
0.000000000000000000e+00
3.913724893986330212e-04
5.078613826147577632e-06
1.306504858872501946e-05
2.604991200714527067e-05
1.868333393941709077e-05
