8.771247599862695352e-03
9.428802652117509314e-03
7.110750317728249670e-02
6.307964210198297676e-04
5.890165168897012202e-04
9.615475634086261621e-10
1.606106203907664782e-04
1.939706905294680934e-05
6.308110913524575016e-06
3.249766333491889853e-05
2.890610044612081255e-05
1.495673615500797170e-05
4.747675881512494268e-05
3.532109559857076570e-04
1.214894068645373972e-04
4.247232160221837624e-04
4.764182828943411903e-04
3.132641915902024715e-04
1.598069695785669507e-04
3.017810627445946655e-04
2.786385141010651019e-04
3.634490230571498946e-04
4.289671670770470635e-04
7.170576822730722428e-04
6.838465188527396608e-05
7.008940139566138339e-04
3.161977108642722808e-04
5.153792496302400357e-04
1.874896114913563719e-03
2.524571845064000307e-03
1.254173793433655719e-03
5.830029445231018313e-03
3.346329528690362965e-04
5.597714446197673589e-04
0.000000000000000000e+00
9.195388847052482061e-04
4.922142033545813707e-04
2.660991153897072849e-04
6.444720029178045533e-04
5.366953082372463929e-04
1.720452200134166753e-03
1.320039073363822027e-03
1.461619730239022402e-03
2.039529485663880634e-03
5.559689423777926633e-04
1.966408541695818682e-04
1.126214360606730486e-04
1.223897246778553327e-02
1.738125956205801962e-05
5.534920939163007404e-05
8.973657022023750346e-03
4.225757760003780492e-05
7.165465695194658553e-04
4.253730928864607247e-04
8.020572758907819084e-04
3.808351056677225868e-05
4.591545747600281205e-04
7.455468963428401544e-04
3.244263310936580788e-05
3.661370629973956519e-04
2.627507495220774499e-04
3.981244906714303886e-06
5.758112454329895446e-04
9.043566212369972418e-05
1.872931954485505916e-06
4.670148557933459900e-04
4.505347701517219573e-04
6.113262890702127889e-04
3.203945388115525972e-03
5.315993158866493071e-04
7.638386561149406720e-04
2.080844942455923330e-01
6.755695218685812227e-04
0.000000000000000000e+00
0.000000000000000000e+00
5.300584538237873870e-04
2.781584753127716472e-04
5.459986953925897698e-04
8.230318343262505582e-04
1.582282988256069819e-03
1.991932207284196829e-03
1.011281219486286510e-03
5.858434445096933896e-01
3.312647563999513730e-05
6.966297950408099210e-04
3.900421854674387739e-04
1.449803243054914083e-04
3.369915340652703678e-02
2.199661557121249374e-05
2.068279267599632627e-04
5.439962236838593451e-03
1.995924147612480136e-05
4.631174806844498901e-05
7.048708539824086790e-04
2.563485604537540908e-04
2.199610690688294490e-04
1.470635004000118030e-04
2.249264936181728065e-04
4.492481915178041306e-04
1.363717157826554365e-04
4.663226496213283812e-04
3.784436792648131339e-05
4.467201857581792977e-04
5.420689450495260906e-04
7.109127095250640407e-05
3.342513944453865998e-04
1.242214705550241098e-05
4.146504274962773870e-04
4.639214422858100868e-05
8.369827381843290425e-05
9.910755080328392200e-04
1.381764240211273730e-04
1.867254708857460572e-04
5.304843335176279015e-05
0.000000000000000000e+00
3.664580450284789454e-04
1.705829605063100007e-04
0.000000000000000000e+00
2.628331191040093927e-04
1.014307664192446205e-04
6.947353190023546239e-05
5.072277625559082570e-05
5.275908598120725553e-05
