1.461223689060505981e-01
1.000027783893322614e-01
1.105465662197565452e-01
7.165253938069231221e-02
3.877166216721767301e-03
2.003851056797655075e-08
6.284102804814717218e-03
2.937252978902882370e-03
6.870279062900219724e-03
7.563034815975313956e-03
6.024596460996876207e-03
3.972738252052751898e-03
3.284995248462188946e-03
3.509019313827880723e-03
2.797806447491472601e-03
4.137942089782319956e-03
6.432065551613748433e-03
3.277293291431550466e-03
7.434210697326150939e-03
7.468684396086041309e-03
3.831775487367199487e-03
1.265941574192681884e-01
2.550478089858113258e-03
5.126659862721654956e-03
2.597441275005087525e-03
3.711465279662922757e-03
6.438331294420567182e-03
1.398046697425935590e-02
3.668294450377023765e-03
1.761811318304629679e-03
2.958305760836910450e-03
2.565402524377629612e-01
6.813274389040812826e-03
3.118734789497275024e-03
0.000000000000000000e+00
1.598749491627358271e-02
4.660840802525654733e-03
6.803819355589321022e-03
5.565020673122153018e-03
6.547544354711240175e-03
1.014944071641699259e-02
3.282023329435028534e-03
3.116906460815261400e-03
