1.359921320134204470e-01
1.076953148802512611e-01
1.139729987482867440e-01
5.687691071513425317e-02
4.728715602943260078e-03
7.763941851489731834e-08
3.089698891690748246e-03
1.590208630664701958e-03
1.442337924849745098e-03
6.954897526954669168e-04
4.653219838622887710e-04
1.379309004332019122e-03
3.271714223630466361e-03
1.202468258996090790e-03
1.754323295934076196e-03
4.588300995768269074e-03
4.364222932389088747e-03
2.153699502150721850e-03
3.712448807325424531e-03
6.463288726312264865e-03
2.141294460496838328e-03
1.184312113143402151e-01
1.595943896864223353e-03
3.399700533557202618e-03
6.065544934392079479e-02
1.316520353262883632e-03
5.066096523074155138e-03
5.909236506220736339e-03
2.109253044307706978e-03
1.182127707302086305e-03
1.958175096483443130e-03
3.113095652691831305e-01
2.653483052217959007e-03
3.496620999147460711e-03
0.000000000000000000e+00
1.483681858829052295e-03
3.127015019178871948e-03
2.022167859147974613e-03
4.450797144789510502e-03
3.481454165748654531e-03
2.474885031872249650e-03
3.333958350054079187e-03
2.962379939944829229e-03
