2.100819949317097590e-01
1.217762191210884637e-01
5.926334316846306599e-02
1.879692508425496317e-02
1.107611661658612807e-02
8.317626459323345557e-08
3.770749029945249381e-02
1.398233136405290953e-03
1.909960278426687998e-03
1.100606492689964631e-03
6.414266362374702359e-03
5.931593010642623696e-03
1.237737524677194091e-03
6.534080731817771583e-03
1.425435929233967620e-03
1.446008195787924430e-02
1.584236945054036481e-03
2.132293980334635467e-03
1.609581045744245056e-02
2.225281392964532836e-03
3.117259691072697594e-03
1.573266284616007052e-02
9.810000950162302280e-04
1.420078326544601003e-03
1.681498219665157612e-02
5.275194915699424683e-03
5.709742904236437752e-03
2.520674856679888144e-03
1.799361205065266823e-03
1.529737739494453977e-02
2.086079740056939139e-03
3.478428611500597456e-01
1.811150886659957347e-03
1.985450182832145839e-03
0.000000000000000000e+00
1.009565364494084683e-02
6.422634585038478582e-03
5.113064490827181480e-03
1.844104711331251336e-03
1.046203219649852190e-02
5.635953177139211255e-03
9.339923234104105867e-03
7.540966970678355044e-03
