8.219516521900102624e-02
2.432505226400843434e-01
5.954344250514669729e-02
1.688112001613512048e-02
1.702515520628003834e-02
3.782037440643142099e-09
3.561912773390179393e-02
6.845811720629192687e-02
4.542576139428052863e-03
4.247813363189065217e-03
1.341063410140243273e-02
2.660306595246802238e-03
5.323185793655823596e-03
4.528435823414170974e-03
1.787955398135166601e-02
8.331012555180837553e-03
5.162420772182057041e-03
2.460580019073982036e-02
9.095504631872541185e-03
5.336993126157608611e-03
3.826356902787228162e-03
5.263790430732858197e-03
2.405428810285479592e-03
1.976240354902182063e-03
3.842234368815769952e-03
4.247901167945773715e-03
7.976706533177604572e-03
4.394818177960549931e-03
5.694590059084605506e-03
4.888226399184682561e-03
4.052664712615718264e-03
2.249826961758165100e-01
3.320469449950314792e-03
6.605889832520812910e-03
0.000000000000000000e+00
2.851195257383329004e-03
1.107291201511158979e-02
1.865444544262563273e-02
1.296176151584360094e-02
1.456729261098514000e-02
1.307716760428264194e-02
2.490059801655974871e-03
1.275026099363267898e-02
