5.203706941478139015e+03
1.087191762394797706e+03
3.841168660723035941e+02
6.533721586391068286e+02
2.229695416862092770e+03
4.196304744044750805e+02
6.873156409009029630e+02
6.186715634151138374e+02
5.474944579511804932e+02
2.093974548952951864e+03
7.255401001354797472e+02
5.650292603586028690e+02
1.591361139588869491e+03
7.570559062816610094e+02
6.029847494735306555e+02
2.839327839808350404e+02
2.661824630572189676e+02
2.591192237198801536e+02
6.620509100483902785e+02
9.597726382504356479e+02
9.924183962769136542e+02
9.497438901253967742e+02
9.234077686857204981e+02
7.456741137221193867e+02
1.864397850967042541e+04
5.554656991201628443e+03
2.246898220742330977e+03
7.066234587839232518e+03
3.638807853272870034e+03
1.524023787617981952e+03
3.637569323323462413e+03
3.628241081861278872e+03
1.569498145634082903e+03
3.604495107996353909e+03
1.086619191030632692e+03
1.035216387923310776e+03
3.484683477000573475e+03
3.444413199698242806e+03
2.451489691169725575e+03
1.649516398781455109e+03
1.589914328101726369e+03
1.205672632743265467e+03
3.436798955773969283e+03
3.407240029445765231e+03
1.507167110938086580e+03
1.364992117469310188e+03
1.200824667642175655e+03
5.680753940597869587e+02
3.434132345420465754e+03
3.404322494559121878e+03
1.471894929731487764e+03
1.229300240958273207e+03
1.115953755717443528e+03
5.761521401819127277e+02
3.437138506775414498e+03
3.380992891497825894e+03
1.411832883130709661e+03
1.012703604911427192e+03
9.331337184265249789e+02
8.656039874925616004e+02
5.249768924721800431e+03
5.003592260376843797e+02
1.129370036869855085e+03
7.828867219436905316e+02
5.541821183515824032e+02
2.272387737518690756e+03
1.422124552548447582e+03
1.412836410379162260e+02
3.586830605879614495e+02
5.515316822481978534e+02
7.448283404133071883e+01
1.865480367421288861e+02
2.928809539979629335e+02
3.086127889513567197e+02
3.639046252502593234e+03
3.714330014171130188e+02
5.542086684657592741e+02
6.408312929905749797e+02
6.578269987733458493e+02
5.920892161169821293e+02
6.491000590072478644e+02
1.009784839033858020e+03
9.973107068905861752e+02
7.508165732969181363e+02
1.473127211523013830e+04
5.161121297767363103e+03
3.745728251772607109e+03
7.479593105707086579e+03
3.673616273472476223e+03
1.942914077161186697e+03
3.630858672372748515e+03
3.610998813987986523e+03
1.529914101877594248e+03
3.523316007460628043e+03
1.120193194687829646e+03
6.337748239962187426e+02
3.612273686722355706e+03
2.659305975672481509e+03
8.811963123286179211e+01
3.443332225514280708e+03
3.408529695809672830e+03
1.521216040898087158e+03
1.471108578135479092e+03
1.269476459028728641e+03
9.377929999938405672e+02
3.669447379391043341e+03
3.516819752198882725e+03
2.295432579179126151e+03
1.823702541513231381e+03
9.527126203161656122e+02
5.889782686749482536e+02
3.450047634736099553e+03
3.393184889369169923e+03
1.404005834552091528e+03
9.340575692783261275e+02
8.166627034493801602e+02
7.889517542491616950e+02
8.671968375346599714e+03
3.507863270376524270e+03
3.838997391548110727e+02
4.172058076990851077e+03
3.565617474951197892e+03
6.644788808086320842e+02
6.777846614596249992e+02
5.597793602685080714e+02
5.437382258161735535e+02
1.594430360518568477e+03
3.479516788253864661e+02
5.660439553338045471e+02
5.189623166731212223e+02
3.666484813788454630e+03
2.063354741472540354e+03
1.615783773839842752e+02
2.717344905281506726e+02
2.571311155257217251e+03
3.969644913456352810e+02
5.902065780063265947e+02
5.657538409356668581e+02
2.973322988899034499e+03
1.823546214277715308e+03
6.045953055804721998e+02
7.387815510370808170e+02
1.837044476959113672e+04
5.519626048180804901e+03
2.699288130385745717e+03
1.082138510718181351e+04
3.387262604737936726e+03
2.742604853028139587e+03
3.569541175101281624e+03
1.480417899580070980e+03
1.326080168451804639e+03
3.514006859394062303e+03
1.479793186770153625e+03
2.582666980377922528e+02
1.560439352398054507e+04
4.418937897932736632e+03
4.084871641494054984e+03
3.649238373623511052e+03
3.495900191169753271e+03
1.883473496879931417e+03
3.480667868061751506e+03
3.445771164474211218e+03
2.434743354977430045e+03
1.625620978528285832e+03
1.615482785165813311e+03
1.235273327206451768e+03
3.439829235872994104e+03
3.397303424752048159e+03
1.432364979567485534e+03
1.032202872426982140e+03
9.949478177732015638e+02
9.804222516048789657e+02
4.268850463715982187e+03
7.611048038378821730e+02
6.025655824085254153e+02
5.681445021128115513e+02
3.710174757343497276e+03
2.914911601707932732e+03
1.093208306177932627e+03
6.393831238498820539e+02
1.677751404647596871e+02
5.136127087793221335e+02
5.444403302669006735e+02
3.494292770695523359e+03
5.187821229098037747e+02
2.908099530799120203e+02
3.959719058532695044e+02
6.687117227489985680e+02
6.443136878171046646e+02
6.459141783878380920e+02
1.675083728521711691e+03
6.885048535429145886e+02
9.994803540288827435e+02
8.509009031765958753e+02
7.790214574349955683e+02
1.365539450056332862e+04
5.281800885406046291e+03
3.829078909652216680e+03
3.577578419655889320e+03
1.715554300005792584e+03
1.403938170759044624e+03
3.517460720154448154e+03
1.257537808586972233e+03
8.821561498406116471e+02
3.556259257812500437e+03
1.084212607999750162e+03
5.412506362590758044e+02
3.683947222266811877e+03
1.001262419027295095e+03
9.101618010257087690e+02
7.012771688815109883e+03
3.495822401828580951e+03
3.457657336355742245e+03
1.709323173036993467e+03
1.594365198701484132e+03
1.457443159508075496e+03
3.433987411249555407e+03
3.425330549982630146e+03
2.421519367837612663e+03
1.623746114962045795e+03
1.562699439553954107e+03
1.230647664126311611e+03
3.421298922307658358e+03
3.397785361624464713e+03
1.464346722355903694e+03
1.238165867069359820e+03
1.101152515711685510e+03
6.685621442479434791e+02
3.442744007005718231e+03
3.401051373498145040e+03
1.441195331430471697e+03
1.105637521795836392e+03
1.002321712186809464e+03
9.734230445349575120e+02
4.977965092984394687e+03
1.290476062107692542e+03
7.192774313713398442e+02
7.864995319432017595e+02
5.283324907832999315e+02
3.972644563670598018e+03
1.509007178217769933e+03
5.021070216156639958e+02
5.669180281003095843e+02
5.158867743555173320e+02
3.442269347053272668e+03
1.031733080441190850e+03
2.379793557823846228e+01
2.662009659524424478e+03
4.665845181041532328e+02
6.693174058390044365e+02
6.144651681818178304e+02
3.862014825237133664e+03
9.992067389220965197e+02
8.546137388920354852e+02
7.528651493059375071e+02
1.503131135188675944e+04
5.816266856149750311e+03
4.032612326050611046e+03
7.356770951855167368e+03
3.635711986188985520e+03
1.190583482959531011e+03
3.644324691249451917e+03
1.129718862278925144e+03
9.968944668599743864e+02
3.660075320752122479e+03
1.058681520273285741e+03
1.018403843800743743e+03
9.581583500398328397e+03
4.237007790328430929e+03
3.607298258373523367e+03
3.456471523877969503e+03
3.072720209837944367e+03
1.224793394581161920e+03
7.372318249201226536e+03
3.456960825820730861e+03
3.387527810364765628e+03
1.529106415491793996e+03
1.240109247379283715e+03
1.349275895659159517e+02
3.476199851416968613e+03
3.453691601731173250e+03
3.379048208714642897e+03
1.613820261292247324e+03
1.537253608738948515e+03
1.144096428744569494e+03
3.601904438231381846e+03
3.521739547192342343e+03
2.505156412719122727e+03
1.792701917271219600e+03
1.742054218227159708e+03
1.387895299547961031e+03
3.779780680627230140e+03
3.583179249839014119e+03
1.958401165581584110e+03
1.677776771708689239e+03
1.639131288307407203e+03
1.404464133516012680e+03
3.435533494113321012e+03
3.395669519857045088e+03
1.464168297421168973e+03
1.367304815893724481e+03
1.151184478862029437e+03
2.920746354152604454e+02
3.444289982321792650e+03
3.398934277446528995e+03
1.431822850801428331e+03
1.040823087715848033e+03
1.011750395343117930e+03
9.745069484856486497e+02
