2.765100696620482190e-01 -1.060992847130045880e-01 1.326860561977512287e-02 -1.286139948999998235e-02 2.696770587311030781e-03 -2.875216503937009192e-04 -1.312150306367677044e-01 3.485114834124655725e-02 -1.411478005012189729e-01 -1.308799292328123032e-01 6.996284341843450605e-02 1.276994019674112246e-01
-1.049773349299212011e-01 9.847857569920072385e-02 5.930984075984747222e-02 -1.230219880419122953e-02 3.397963284064535461e-02 -6.870306695975331689e-03 3.860189372390264440e-02 -4.533465001740796113e-02 4.762511557235037107e-02 8.365429238985014337e-02 -8.537635062189398438e-02 -1.022903506880491892e-01
1.329462028612148940e-02 6.013157279394432814e-02 5.637239309149979505e-01 1.595776353615312301e-03 -6.870220098928115499e-03 -1.809285689364533226e-02 -1.819473976381423552e-01 4.896406723802337185e-02 -2.921236029328243555e-01 1.661011195411598862e-01 -1.037994529513639325e-01 -2.520675809782937371e-01
-1.286139948999998235e-02 -1.230219880419122953e-02 1.595776353615312301e-03 5.525487741660466481e-03 2.636336610666371506e-06 -6.278929168763646858e-06 3.817677835001590230e-03 7.829358582083369156e-03 -4.859467225847885659e-04 3.782028144420063361e-03 8.098436001364773401e-03 -1.604281618164630314e-03
2.696770587311030781e-03 3.397963284064535461e-02 -6.870220098928115499e-03 -2.740237119726660737e-04 -3.596518786799391548e-02 6.288355110123652197e-03 -9.311049017307818218e-04 8.326422668169721365e-04 -4.755448927570670023e-04 -1.710403729668265359e-03 -1.887297230886709511e-03 2.042282334412556539e-03
-2.875216503937009192e-04 -6.870306695975331689e-03 -1.809285689364533226e-02 -1.535335189903409259e-05 6.278366468045560277e-03 1.188083881233333375e-02 2.955747166906046598e-03 1.225312780774705582e-02 3.141280060581434601e-03 -2.513998788570009999e-03 -1.184584108302420662e-02 5.864229296466643218e-03
-1.312150306367677044e-01 3.860189372390264440e-02 -1.819473976381423552e-01 3.817677835001590230e-03 -9.311049017307818218e-04 2.955747166906046598e-03 1.190248246196521920e-01 -3.859573307677681420e-02 1.603579524115571475e-01 8.600744105125176370e-03 1.029015970889714422e-03 1.893017694377747626e-02
3.485114834124655725e-02 -4.533465001740796113e-02 4.896406723802337185e-02 7.829358582083369156e-03 8.326422668169721365e-04 1.225312780774705582e-02 -3.856192099427682013e-02 4.347089216068104889e-02 -4.965998357086506831e-02 -3.951229714182765557e-03 7.817349567610705095e-04 -1.061495117222119138e-02
-1.411478005012189729e-01 4.762511557235037107e-02 -2.921236029328243555e-01 -4.859467225847885659e-04 -4.755448927570670023e-04 3.141280060581434601e-03 1.603595098739197811e-01 -4.970389275162621218e-02 3.185132904319987746e-01 -1.853129861164561423e-02 2.550036842056597943e-03 -2.963866209338625671e-02
-1.308799292328123032e-01 8.365429238985014337e-02 1.661011195411598862e-01 3.782028144420063361e-03 -1.710403729668265359e-03 -2.513998788570009999e-03 8.600744105125176370e-03 -3.951229714182765557e-03 -1.853129861164561423e-02 1.179125997060340297e-01 -7.701818455807227237e-02 -1.448403663718405565e-01
6.996284341843450605e-02 -8.537635062189398438e-02 -1.037994529513639325e-01 8.098436001364773401e-03 -1.887297230886709511e-03 -1.184584108302420662e-02 1.029015970889714422e-03 7.817349567610705095e-04 2.550036842056597943e-03 -7.733054628307226008e-02 8.494959876029918588e-02 1.110499873427367723e-01
1.276994019674112246e-01 -1.022903506880491892e-01 -2.520675809782937371e-01 -1.604281618164630314e-03 2.042282334412556539e-03 5.864229296466643218e-03 1.893017694377747626e-02 -1.061495117222119138e-02 -2.963866209338625671e-02 -1.448272618757812935e-01 1.110651849682905007e-01 2.777147484706664615e-01
