-4.561798943833824836e-05
-4.207701755775656276e-05
-6.380179843672526600e-20
-5.839350108342726420e-20
1.372740196815934222e-20
4.284829149095499744e-20
8.779384956633736708e-20
1.530447581468495267e-05
3.389208146853618566e-04
-2.171278577581792259e-05
-3.104128375728948717e-20
2.931216156177644387e-20
5.065317186802669574e-20
6.621885143933901905e-20
9.868483054712556674e-20
2.420305743602123232e-06
1.701260641502867847e-05
6.143112905953816412e-05
-2.038833977679525676e-05
-2.099190747692144664e-06
-2.320647130633568981e-07
-3.985896977981187790e-20
1.012481435013406147e-20
5.088283119527497022e-20
6.191938169324250989e-20
8.651075009714441883e-20
3.328481216614737916e-05
-9.856483567874936531e-06
-2.575112716712797457e-20
-1.479665387276269901e-20
-6.176504103747045209e-21
2.953735922473129066e-21
4.770188557230147176e-20
6.596715747471772294e-06
7.648309455961991619e-06
2.962789466063632188e-05
-8.983567604257474273e-20
-2.742207164231767832e-20
-2.292716656244681564e-20
4.521884283863127070e-21
5.142921146467669724e-20
4.535111806904399785e-06
8.569034015510320273e-06
9.046959484498298408e-06
1.376283924165241285e-05
-1.601498660667915598e-05
-3.788572272652460263e-20
-2.792786060321798964e-20
2.383080180678078511e-21
8.791332794632586222e-21
5.916251920935337778e-20
8.275904291005821908e-06
8.834025878952367949e-06
1.365049274593708382e-05
-1.110748708046283542e-05
-1.231746704593458807e-19
-3.794570292829974249e-21
2.398364550226532654e-20
5.617043088184954547e-20
1.743189909036195533e-19
5.936540202290278797e-06
7.132308449970792016e-06
3.022462362047817125e-05
-3.544879654288888029e-06
-2.345255039075454411e-06
-2.471055175117921264e-20
-2.440312973799595315e-21
4.307952997614371876e-21
2.582082994023590718e-20
4.685476964790846102e-20
1.178914350025067872e-05
3.118191272672630977e-05
-5.958836207877298639e-21
3.464530597380975219e-21
6.642986142443657857e-21
2.141786063458466749e-20
5.425950099295129608e-20
2.407542033755845549e-07
6.821333077693538555e-06
1.938730581524351635e-05
5.799519178587412459e-05
-4.542161982527363740e-05
-4.230614493770242196e-05
-1.982217519859012603e-20
8.355772190908287165e-21
1.151917662482136740e-20
2.046067152830583150e-20
3.516363022374160912e-20
1.527704248766636937e-05
3.389080628951628886e-04
-4.437497455650720243e-05
-4.110874884465958085e-05
-6.879849287616438661e-20
-1.635015895891567399e-20
1.985111755283443811e-20
3.456345909817772709e-20
6.008941896259208810e-20
1.949545819563406517e-05
3.381533930048180332e-04
-1.344579260023068807e-05
-7.202754779857589025e-21
-6.026690947661234455e-21
2.002390486849055510e-20
2.468188939543246472e-20
2.679745327647428128e-20
1.545704243670157767e-06
1.301824778732058922e-05
6.289951456081478308e-05
-2.360114449621866380e-05
-1.112727172873034580e-06
-1.158239863332567694e-07
-1.652179060824936079e-19
-8.969978056876380672e-20
6.927978624102322161e-22
5.259731292052376479e-20
1.145273088107177290e-19
3.069007792165385622e-05
-8.510091327444026814e-21
3.470906562282717605e-21
1.363368492731818539e-20
1.903765808360405469e-20
6.163790352197061510e-20
2.694311656225698826e-06
3.005816108863927518e-06
1.086177385737885270e-05
2.867707798349509554e-05
-4.358857733914664913e-06
-3.520592156978832314e-20
-2.025771996137853089e-20
-4.262926204087213464e-21
1.474491533015189461e-20
2.944299747594644058e-20
2.384297193288477046e-06
2.736861496780166986e-06
1.181122146011517871e-05
-4.248076498918855533e-06
-1.104135579562319930e-19
-2.220362311924870028e-20
-2.968481462274253622e-21
2.195314436906605215e-21
4.241913480972178574e-20
2.156080365792744721e-06
2.665619943332868670e-06
1.181308295476337598e-05
6.042830973620849034e-21
8.986106486909283296e-21
1.219376392159350748e-20
4.368197450104216685e-20
6.385981710213350112e-20
1.676642472618725676e-06
2.793024465096570970e-06
9.788354669117842560e-06
3.008578310056454503e-05
-1.956907144178609107e-06
-3.374212750504948428e-07
-1.145418456274423315e-19
-4.651620366507511407e-20
-3.595004063201048250e-20
-9.406713965353091210e-21
1.047592504934316716e-20
9.298360965709038948e-06
2.711836332416034905e-05
-4.526215588386330624e-21
-3.401578582755316538e-21
4.461398252613240136e-21
2.397772850847630568e-20
4.215773409292605017e-20
6.174423647904646736e-08
1.312501349708820943e-06
1.351721116254772156e-05
6.256658561244129470e-05
-4.439370596790799984e-05
-4.113666841072903524e-05
-4.672259525551970139e-20
-3.370303813343276328e-20
-1.099636794532482312e-20
1.315013106734766702e-20
6.032196541925650600e-20
1.936316884901481835e-05
3.381524466089773774e-04
-5.026041995760730083e-05
-4.633120418898165516e-05
-1.066828422221254655e-05
-8.066989097070434942e-20
-5.120976277818707569e-20
4.349675864453472914e-20
5.745584402357533256e-20
7.061124562421215670e-20
3.413757856504872029e-04
-1.056346154543292395e-05
-4.084531613320550252e-20
-2.638769044963589404e-21
1.173616218829665110e-20
1.793982005097140802e-20
2.742846689715694181e-20
4.411109662552013598e-06
9.990509787681257090e-06
7.054890440708663215e-05
-1.927253862135789449e-08
-1.687704617404217895e-20
8.739976304746201098e-21
2.628685196035793141e-20
3.090811418882353781e-20
5.042861014621957571e-20
5.122229834602247488e-07
2.103731851704090522e-06
2.531201590260220692e-05
-1.152105327039848899e-05
-1.463581228944914798e-20
8.930376948262224482e-21
1.880668540589580805e-20
2.850926613804438304e-20
4.448697094413387401e-20
5.299144426762121088e-06
6.904112431340970980e-06
1.925702766316921908e-05
-3.258000851901831950e-06
-4.575647274871801527e-20
-2.416089909060994672e-20
-1.584987379247660404e-20
1.512945243779628989e-20
4.499471361900556953e-20
6.113751747901754876e-06
8.177462884759608655e-06
9.809776001732199160e-06
-1.197925801480556240e-05
-2.535211814452891329e-06
-2.761115492873936215e-20
-1.289429403742339473e-21
9.462540711023671750e-21
1.204717953024446462e-20
4.151307449765470287e-20
5.741342015882607519e-06
8.022081902931719747e-06
-1.439019063501023544e-05
-3.102075540270175147e-21
6.718909228799309555e-21
1.804389809646188649e-20
3.058143354321658219e-20
6.669791317793925733e-20
4.546478406761407471e-06
6.482948348489998239e-06
2.196970890075077994e-05
-1.355011915904516276e-06
-8.618886955433364027e-21
-9.739050923349934293e-22
1.076778139174946994e-20
2.193398200192904105e-20
4.309024704025620310e-20
1.306703908972704482e-07
1.415717216169791394e-06
2.709514269415953534e-05
-9.739567289151844341e-06
-3.163169910291340899e-20
-3.234526736176535782e-21
8.753023646802285641e-22
7.953651728539283820e-21
1.932282999275823410e-20
4.120252320149819810e-06
9.942721271698983746e-06
7.009832306255674649e-05
-5.020808403556925890e-05
-4.639626926546343603e-05
-1.115507855870526093e-20
-1.297383698032367233e-21
1.931611741713295832e-20
3.884125205064033634e-20
9.350301173557190535e-20
1.342817316575034540e-05
3.413350897086132700e-04
-4.565670726895149241e-05
-4.438232261347975694e-05
-3.040612591819689829e-20
-1.412504310436848530e-20
2.045376826463118288e-20
4.596297112317947411e-20
6.389555454499591173e-20
1.785799906104104789e-05
3.372195809312127871e-04
-8.424910132654459330e-05
-2.629989913867938699e-19
-2.336324642836221775e-19
-6.961285516585084940e-20
-1.721425271842479047e-20
1.684693868593204465e-19
2.173833359170477067e-06
4.903855185752442034e-05
9.853652889529192183e-05
-3.058398253385976535e-06
-1.172067121064023645e-06
-1.868354692356299121e-19
-1.603598908676813659e-19
-1.524632190915387388e-19
-2.352950613943651491e-20
1.337795442042284644e-20
2.661469038291828997e-05
7.070514663209590510e-05
-5.314594357356384847e-20
-3.095759586100560545e-20
-2.110825161866809934e-20
-8.250935488795900487e-21
6.558265470101013283e-21
3.249365554651480520e-06
5.024039240741533012e-06
1.231150676070136250e-05
2.809874089923074472e-05
-2.308760543472896656e-05
-5.315268801301218569e-21
2.219567614499067595e-20
2.681416053042699554e-20
5.762461699585621762e-20
7.642390556308333504e-20
8.531820879158281051e-06
1.140912829595202649e-05
2.405806564188999052e-05
-2.280350057664408200e-05
-6.111897918537909149e-21
1.625025218846686051e-20
3.450052001707603684e-20
5.869673023967825531e-20
6.173007660653001748e-20
9.005504684969528367e-06
1.143551903297769417e-05
2.356051920491722041e-05
-1.041068971436165606e-19
-3.521189875270701153e-20
-1.170331515963162976e-20
-4.820333673563668501e-21
5.652360339038937899e-21
2.234641172573094042e-06
8.547662370235252388e-06
1.215276687606981462e-05
2.758732011333175541e-05
-2.786349889075130056e-06
-1.128416397500294235e-06
-2.292163175051989738e-19
-1.647529266096296180e-19
-1.228941398965701613e-19
-1.178148822208182373e-19
-2.520013711984011018e-20
2.731864943504179718e-05
7.203005863389020985e-05
-4.047370119745818978e-19
-2.712629269901317711e-19
-1.716858963276441607e-19
-4.055234790102244457e-20
1.215790604711557325e-19
2.164574759190497727e-06
4.117104862844250439e-06
4.925992304843374579e-05
9.816657277519142061e-05
-4.565544932069604949e-05
-4.460041576629333486e-05
-7.429791449760978559e-21
-2.290560701269065995e-21
2.324653085056761609e-20
4.202798491859031267e-20
4.221570792271815549e-20
1.343638866239160574e-05
3.371575600185777190e-04
-4.564653692256667250e-05
-4.251205802172247254e-05
-9.781234800656377345e-06
-1.732309545029070458e-20
6.110219551050022602e-21
1.360235025883777852e-20
3.978419336358870108e-20
9.479206394792830434e-20
3.308470303198559996e-04
-1.713835818439207972e-05
-5.088824305618617841e-20
-3.213709434483615171e-20
1.578024372907888704e-20
2.276538089597136057e-20
3.628943561984044277e-20
7.928725326747378428e-06
1.315819109649428053e-05
6.719491982024466427e-05
-4.301662526575757568e-06
-2.646825720933394233e-06
-4.843649185544297893e-20
-7.058996115725874328e-21
7.978480438307637406e-21
8.069532182801357643e-21
6.772725794529818055e-20
8.255765294103309542e-06
2.702484962409762608e-05
-1.891613613954808369e-21
1.937558018999453481e-21
1.700216144669367546e-20
3.522744062822740555e-20
3.937996842168549551e-20
1.283674011198095752e-06
3.109745135690332267e-06
3.679309291620672291e-06
2.201541824405987407e-05
-5.799537789918680801e-06
-7.678285356824475809e-20
-2.084269460466950079e-20
-1.469030278698370340e-20
-2.704354959921262034e-22
1.062543526319950793e-20
2.133208242591579461e-06
4.063539895739858417e-06
1.239179109672941520e-05
-1.715223714339224532e-05
-6.141209544931153125e-06
-4.027318312651628324e-19
-1.422694658926713607e-20
4.915238896922236407e-22
1.503632003666971085e-21
3.281334657222338282e-19
1.440175403520082488e-06
3.754543562864613598e-06
-1.512136016422318100e-05
-9.318499772526794861e-21
2.806924386537443409e-20
3.637881738258348433e-20
4.840660535585733816e-20
7.047381415428519969e-20
2.517753223168735416e-06
3.475139618396147481e-06
2.206714639740406402e-05
-5.418792032750665590e-06
-3.416159972930732154e-06
-2.663171683635195084e-20
-1.123589957935031159e-20
-4.732335475087899251e-21
2.244497045561005539e-20
5.052871616923453726e-20
7.976103927701398461e-06
2.841439922616099275e-05
-4.350681797545777155e-07
-1.838105187039793021e-20
4.461756313868304172e-21
2.206511905105063471e-20
2.303047307872195102e-20
3.757885926921005367e-20
1.022419581804932882e-05
1.081497699026450930e-05
6.760176794121947736e-05
-4.561516681729907224e-05
-4.248418716745236249e-05
-1.172447324219228564e-19
-4.437612598581255907e-20
-2.722314574874863420e-21
1.105282623921670507e-20
7.680022169698327408e-20
3.800622916844135874e-06
3.308367558924466055e-04
