4.036906358864690000e+14
2.063464783494916250e+14
1.386615114800847812e+14
1.579748331243733438e+14
1.336587177392427500e+14
1.537623575302467188e+14
1.582132474836967500e+14
1.411200552814100312e+14
1.716463196836687500e+14
4.036818963319806250e+14
4.072628882413870625e+14
1.867225248988138125e+14
1.338702429819409531e+14
1.365132339812591875e+14
9.901930322907256250e+13
9.761328749147662500e+13
1.314480556405525938e+14
1.162012984744649375e+14
1.473496802525176250e+14
4.071329225020521250e+14
4.045541239202132500e+14
1.919602545575545938e+14
8.327537734960965625e+13
1.443017629344675312e+14
1.165719296961268438e+14
1.167138556654269375e+14
1.493751129666282500e+14
8.991169490216651562e+13
1.893019787456901250e+14
4.090742684808993750e+14
4.087500965970509375e+14
3.131026389445152500e+14
1.861539347100185938e+14
1.459083576773193750e+14
1.817211649785861875e+14
1.817581026987420000e+14
1.493514858716052500e+14
1.866790198872370625e+14
2.318748577893510625e+14
4.025551360126270000e+14
3.926837646577606875e+14
2.131852625142272812e+14
1.336389827048101094e+14
1.079149824471690312e+14
1.067587355063701562e+14
1.107614754814459844e+14
1.366394591299964062e+14
1.399737175396734062e+14
1.744475897924333125e+14
3.792580936752418750e+14
