7.877696606322669437e-01
6.453746137193917543e-01
1.079897691694972961e+00
6.829410657663800288e-01
6.410247174939710524e-01
7.658445137115887924e-01
5.021845809460957488e-01
5.220129650708283942e-01
4.730717148412109108e-01
4.599195085806201400e-01
1.769073390218620090e-01
2.338959995361299671e-01
1.620314326081927769e-01
1.261349615409991520e-01
1.084188867890101549e-01
4.883600252232588035e-02
6.507495340776621451e-02
5.938385345236121826e-02
4.697698643654518030e-02
4.775168090894328643e-02
1.482375531411602276e+00
1.202516970095920179e+00
1.153306523336660616e+00
1.170508779273861322e+00
8.510025276537429573e-01
9.982486098583922551e-01
5.707620652539832085e-01
7.560816798048475285e-01
8.463569093937389765e-01
6.548703629402525817e-01
4.877330741928874169e-01
4.491303057105319185e-01
2.522496808330753071e-01
1.808418160177408529e-01
1.275608420638742468e-01
1.716774261841370330e-01
1.405972997543464276e-01
1.301940785399779699e-01
1.195285348099276584e-01
1.076028911882033617e-01
6.315746864481160960e-01
4.406283363865964864e-01
3.760624006521944840e-01
3.176693561661902421e-01
1.940941211459477622e-01
1.784941424105344066e-01
1.483707961810547815e-01
1.613692445802766273e-01
1.338520404363230387e-01
1.350264710057196282e-01
9.841196779214226309e-01
9.699702664978826494e-01
7.339346073833064032e-01
9.087923005483751204e-01
8.717220004810255496e-01
6.864109805256060071e-01
6.392346834368441977e-01
6.702818218505943726e-01
5.728897274487759761e-01
5.615562593003807779e-01
9.310345166162824204e-02
4.212138689634684768e-02
3.564708411579364106e-02
2.942023184876964292e-02
3.182240764080666168e-02
3.164806938175826478e-02
2.851147303846037276e-02
2.707523778195273720e-02
2.879445722352166198e-02
2.726276015233844788e-02
4.384185278956559406e-02
8.245237298915816457e-03
1.055842978484565313e-02
1.263103863731943922e-02
9.968777623218313608e-03
9.779473466279645436e-03
9.763929869111884208e-03
5.798000741394002816e-03
9.362608644307594818e-03
6.360318383205159666e-03
1.626275673677743949e+00
1.521278934124681737e+00
7.664336339788965224e-01
9.598665707242135525e-01
1.128639844393255265e+00
1.224708460674245103e+00
1.159022081488959577e+00
1.117153833763210535e+00
9.407886384721805273e-01
1.079668921692714223e+00
7.846194634554425340e-01
4.649450102791382045e-01
6.933162802648185075e-01
7.586831674784052515e-01
7.380824300404964511e-01
6.789716123630600286e-01
5.973328833471609478e-01
5.201610281063375751e-01
5.068540848153604284e-01
5.063391070006395545e-01
