4.736129184464061836e-01
4.575710623748208833e-02
6.904273928824509188e-01
1.099818085246627997e-01
1.347915664556318394e-01
5.540318960751859922e-01
3.169055034757391198e-02
7.490434482469317777e-03
1.095990064810175468e+00
5.003209748096633103e-01
5.804367263295354684e-01
8.447079093996004429e-02
7.670702151141939318e-01
1.650585110602912353e-01
2.071173362963239784e-01
7.017865429615960382e-01
3.233513586374812954e-02
1.082392863772832850e-02
1.216457616483331838e+00
6.075224179104751210e-01
6.491116942115557897e-01
7.428647698295784418e-02
9.220734461834457774e-01
1.866099686192104756e-01
1.986888151550715575e-01
7.800383335771580162e-01
3.326551060793580400e-02
9.767566071315767623e-03
1.152654655536992756e+00
6.809270335337208602e-01
7.407934310526941291e-01
1.147262630778080467e-01
9.030898665731861286e-01
2.483295210943746445e-01
2.302763178199595251e-01
7.544627492166089411e-01
4.762343891651624195e-02
1.943468933085652425e-02
1.087730093980705970e+00
7.254736994807836625e-01
8.162870578337376726e-01
1.981484244425233965e-01
1.091434545857949523e+00
3.424090909285858464e-01
3.206868431738597036e-01
9.588912768010648957e-01
5.718554235477283504e-02
3.379990602553768070e-02
9.580784185667896580e-01
8.350217749862944849e-01
9.324407875711814286e-01
2.095116653918462635e-01
1.238895301429532081e+00
4.445000114780331968e-01
4.085236005874902654e-01
1.102511606578466363e+00
8.145756249863798926e-02
3.276895718397092316e-02
1.163626859980564587e+00
9.233080675447791208e-01
