5.249411041104928843e-01
2.659550063636634820e-01
4.183882407169564610e-01
3.634620092658625290e-01
2.943662245505148101e-01
2.877632463415190633e-01
2.218190385811414089e-01
1.726031905740668670e-01
1.681635201147601844e-01
1.632430270855604604e-01
1.939691784733192648e-01
1.534614114635962367e-01
6.740974209210434664e-02
4.122886245114767284e-02
3.393181953248643884e-02
1.072917873862713235e-02
4.456336221932483133e-02
6.252682243406102423e-03
1.476788267596444368e-02
1.354294089786990500e-02
1.014886377772629134e+00
8.779474648038495532e-01
8.916397023625279861e-01
7.452732616381231301e-01
2.951930523278576413e-01
2.652568401899704775e-01
2.187109090803424083e-01
2.577456547026403255e-01
3.171620955482072901e-01
1.666442647679304279e-01
3.065344519478213070e-01
1.251664155978459148e-01
1.052407560684552879e-01
1.562211574936630265e-01
1.019339665224991143e-01
8.958901551192526014e-02
6.981661381168102753e-02
7.070922733219074663e-02
5.997226224883423634e-02
5.830920078451982264e-02
2.085554552424116470e-01
1.826237095144829792e-01
1.513867041334543417e-01
2.039091869304900939e-01
1.336806833273278539e-01
5.576876607699823157e-02
6.714897049972283483e-02
6.357419805376088306e-02
5.239412600680706106e-02
4.506551082911459255e-02
5.488831390794429721e-01
6.381323246383362457e-01
5.234721451756505495e-01
6.366591028502004423e-01
4.338398066380386164e-01
1.765383485134553732e-01
1.605367355144976527e-01
1.525365574706714356e-01
1.575176824200887615e-01
1.327227693134256925e-01
5.181731819728887384e-02
1.047330676985888248e-01
6.191982894667152210e-02
4.864708744759998343e-02
4.414398538335042449e-02
1.959953854927081254e-02
2.643646014739295738e-02
1.936027348296317716e-02
1.360298852545963229e-02
1.573050091975180739e-02
3.602275885782545151e-02
2.194821712933258187e-02
1.252987652980708938e-02
8.527454707899959421e-03
9.340051464650165822e-03
7.308280521741875729e-03
8.443825519655273962e-03
6.381785363791150911e-03
1.124359939687435798e-02
7.293783439736719991e-03
4.693691088679355361e-01
4.980358643682026298e-01
1.132726367491709407e+00
3.084520505876557350e-01
3.095029418093637186e-01
2.418159178501376738e-01
3.231305548558795482e-01
1.964869033355347572e-01
2.767855687245950325e-01
2.843526388139508976e-01
8.258128253103366179e-01
4.392373084056016008e-01
2.878735036326821595e-01
5.438358546845249997e-01
3.585570651854020907e-01
5.205524466780304671e-01
2.367635565958101651e-01
2.289834819500705387e-01
1.984675851935228941e-01
1.950440101584820785e-01
