7.565064493636267651e-01
3.289068135648320901e-01
3.224865755967206704e-01
1.040983628087017859e-01
3.477663134432259495e-01
2.736453847582873689e-01
4.302152297180653617e-01
2.649540646363895413e-01
1.911522925683349361e-01
1.907700544679019061e-01
2.025648431597620869e-01
2.182849436101055307e-01
7.581766346846094407e-02
3.539154781248361054e-02
4.088809540186548463e-02
3.863006757699047333e-02
4.450714147067486026e-02
2.076821176849634812e-02
7.610528024538282081e-03
1.196555116001198245e-02
1.094780698991923762e+00
1.068563032381566025e+00
7.541637321491150292e-01
6.082614556541795503e-01
4.691101763380000067e-01
7.232635054825796717e-01
4.718769080820678363e-01
4.774575095719799656e-01
2.834462749858603359e-01
3.445115287526349102e-01
3.905509826456498024e-01
3.352874695229581259e-01
2.238466876832099772e-01
3.128136916837251924e-01
1.231494203492087408e-01
6.432179971214610492e-02
8.646873190290339795e-02
1.128534375545664770e-01
9.963025211732455533e-02
8.941675343373918505e-02
3.849181607991931653e-01
1.234406787964317520e-01
1.308883860446919956e-01
2.179182720951814145e-01
1.313248043216757865e-01
1.360640262843091086e-01
1.039385185463663624e-01
8.924214756153925343e-02
8.767267191914764057e-02
9.306252815661779365e-02
8.283197379487454715e-01
6.554071152763700780e-01
6.978167097812415509e-01
5.852509995999015668e-01
3.269663675780155598e-01
2.972478285447393564e-01
2.309841787665510016e-01
3.157535845241020711e-01
3.112383221362349794e-01
2.974020470756885692e-01
8.640369757393093209e-02
7.809357280855812322e-02
1.332391453809494974e-01
4.514727198517325818e-02
8.417553851198147918e-03
5.020624311389788180e-02
4.673357745296367882e-02
2.776676701928675051e-02
2.558505547527728866e-02
2.456245901219821642e-02
1.130759215226883642e-02
5.933877163221840806e-02
7.694962670251784265e-02
3.031918983446530921e-02
7.091596010764544822e-01
1.553786117330865912e-02
7.700282272103431934e-03
2.795199960759528479e-02
1.233596475977837524e-02
2.412213167241818515e-02
1.454003838855372210e+00
1.696468348858137243e-01
1.946832972869597445e+00
4.348293810563770290e-01
9.597454521951097606e-01
4.402010284867293732e-01
2.857155722398563857e-01
1.018700415958112560e+00
1.924154207742072853e-01
1.834105877508687144e-01
8.912918337111074285e-01
7.809547160711427516e-01
7.650990269830371115e-01
6.133635225662548152e-01
5.174122213836348516e-01
2.535535008768023957e-01
2.059376526040298250e-01
2.343478790935534795e-01
2.226478483570518141e-01
2.150392286225224492e-01
