1.642824577770778671e-01
1.323272356295527100e-02
1.747205223537111884e-01
5.678658897504564734e-02
4.723167864646951597e-02
1.382672881643886020e-01
1.738374872826670137e-02
6.552219994041946598e-03
2.577297113212925761e-01
1.764610016381049362e-01
2.510125130811579064e-01
3.051673237908004988e-02
3.469624484636604222e-01
1.005348436271437523e-01
8.620445346383794061e-02
2.716018341738752895e-01
2.410620009764578853e-02
1.399248329183067248e-02
4.659792237439838725e-01
3.312893299517771228e-01
2.818589699755406630e-01
2.588003846608966096e-02
4.450184494690322401e-01
1.149587127883806570e-01
1.004657526656231731e-01
3.236916776420004638e-01
3.004288957928010276e-02
1.431297779596341947e-02
4.472132007360173911e-01
3.609468082247702658e-01
3.228650670623752217e-01
4.095308850925176436e-02
5.079132933490102531e-01
1.399776651520103499e-01
1.420125631710142666e-01
3.996083893553030175e-01
5.102287222805351741e-02
1.323940544611677123e-02
1.193966135432538378e+00
4.397626856824745079e-01
3.739792902837610900e-01
6.928635469203629771e-02
6.077639871273508021e-01
1.930730746040976720e-01
1.785405354381061904e-01
4.536025885446318684e-01
4.290074227839659610e-02
1.282112620442985539e-02
7.496539651406576299e-01
4.972099825785557536e-01
6.034342799286903647e-01
1.702327050171089373e-01
8.405219436785835718e-01
2.563620856942623871e-01
2.482812626704695713e-01
6.294889163593246906e-01
6.191437698772883635e-02
3.041705736572348009e-02
1.475394362974207230e+00
6.982061391503726622e-01
