4.736129184464061836e-01
4.575710623748208833e-02
6.904273928824509188e-01
1.099818085246627997e-01
1.347915664556318394e-01
5.540318960751859922e-01
3.169055034757391198e-02
7.490434482469317777e-03
1.095990064810175468e+00
5.003209748096633103e-01
5.804367263295354684e-01
8.447079093996004429e-02
7.670702151141939318e-01
1.650585110602912353e-01
2.071173362963239784e-01
7.017865429615960382e-01
3.233513586374812954e-02
1.082392863772832850e-02
1.216457616483331838e+00
6.075224179104751210e-01
