1.085306434402249609e+00
5.982244495081621150e-01
9.087407358443428951e-01
8.454503232814766234e-01
7.142102176318867457e-01
9.459202772534460735e-01
6.974436494226610161e-01
7.557215043407917721e-01
8.152718016464561845e-01
3.353251792776538731e-01
2.190524024338237341e-01
3.693737335248870046e-01
1.822597485426706576e-01
2.889816360122393624e-01
1.666313572854076219e-01
1.518951786760008582e-01
1.323243864360721112e-01
1.706803804530563073e-01
1.541489428835634556e-01
8.608197951402406234e-02
1.652336514615141416e+00
1.806330406353443330e+00
2.923229458603383346e+00
8.136712418747114040e-01
1.840888743560307406e+00
1.715436868166546169e+00
1.497144945432567376e+00
9.515951988614643753e-01
1.787938568992743393e+00
1.209571334467883563e+00
7.441221033694677134e-01
4.395200187620217913e-01
4.208664605439255690e-01
3.177729890431770232e-01
2.809030597879814128e-01
1.497307390291580387e-01
1.735362425688698473e-01
1.969389372480159495e-01
1.897445601966754325e-01
1.908595585111781678e-01
4.540718820022926483e-01
4.426625159325071612e-01
3.037264217397710464e-01
3.256169090289947610e-01
3.288987124603693357e-01
3.047233119670004209e-01
3.921152060936932138e-01
2.671989238283112300e-01
2.083977634086068009e-01
2.089485255683406761e-01
1.729550972505361939e+00
1.005974493030023176e+00
1.125642574476000135e+00
1.841160792219590725e+00
9.310769845542348211e-01
1.115791703686591418e+00
8.622475928005558510e-01
6.588455663731805911e-01
1.030900272818453756e+00
1.041641351346898725e+00
2.086063638184240676e-01
8.666607273921010657e-02
2.903729459853949049e-02
7.390976086802900080e-02
2.927721691399537765e-02
3.739410497391121302e-02
2.792688821915822323e-02
5.095111030846957711e-02
5.760558609283701614e-02
5.223177317880943471e-02
4.970160656107096980e-02
7.697633271200080007e-02
2.456839318721256923e-02
3.253905445275730862e-02
1.136073282385923894e-01
6.454304082391638941e-02
2.070483880522892839e-02
4.474052415481301337e-02
3.086011953166252139e-02
5.319124143013731487e-02
2.422673405213683129e+00
1.273459390056675522e+00
4.701356299124256899e-01
1.582199404565700629e+00
7.350343513923697225e-01
1.326299922642872664e+00
1.211855323108293581e+00
1.455820245880814712e+00
1.010881672046299418e+00
1.115934949920104780e+00
1.036848052180943336e+00
7.072008081322010975e-01
1.684178179938823572e+00
1.264918626042671246e+00
3.516373211767689355e-01
7.309047303816795793e-01
8.236212662123816308e-01
3.726143066857394159e-01
4.171665951147258133e-01
3.203663198201448514e-01
