1.642824577770778671e-01
1.323272356295527100e-02
1.747205223537111884e-01
5.678658897504564734e-02
4.723167864646951597e-02
1.382672881643886020e-01
1.738374872826670137e-02
6.552219994041946598e-03
2.577297113212925761e-01
1.764610016381049362e-01
2.510125130811579064e-01
3.051673237908004988e-02
3.469624484636604222e-01
1.005348436271437523e-01
8.620445346383794061e-02
2.716018341738752895e-01
2.410620009764578853e-02
1.399248329183067248e-02
4.659792237439838725e-01
3.312893299517771228e-01
2.818589699755406630e-01
2.588003846608966096e-02
4.450184494690322401e-01
1.149587127883806570e-01
1.004657526656231731e-01
3.236916776420004638e-01
3.004288957928010276e-02
1.431297779596341947e-02
4.472132007360173911e-01
3.609468082247702658e-01
