-3.023650722855414363e-02
-3.023650719999998460e-02
-8.088641779287845121e-17
-1.734731621669144865e-17
8.876480331382954583e-17
6.908635140285539489e-01
-2.155736000315155998e-02
-2.548451396120684320e-17
2.803782413339473762e-17
5.536463958378774596e-17
5.799815220000001381e-02
5.799815220315161085e-02
-3.214461740332787143e-02
-2.009658818139816254e-17
3.473677829419732674e-17
5.209958166786036106e-17
5.189646380000000753e-02
5.189646380332793574e-02
-9.252101697901612409e-01
-9.252101696000001319e-01
-7.008117268296663600e-16
-4.442186018060211184e-16
6.928595342897057621e-16
3.877062923790160376e+00
-4.926902025489420835e-04
-3.198462148624643617e-18
1.872724919954589194e-18
8.399209680274501479e-18
6.385330140000000654e-02
6.385330140254877329e-02
-2.155736000315155998e-02
-2.548451396120684320e-17
2.803782413339473762e-17
5.536463958378774596e-17
5.799815220000001381e-02
5.799815220315161085e-02
-7.769994783957409612e-02
-7.769994779999998824e-02
-1.328551381525706798e-16
-4.179966297220794254e-17
5.834157970118500017e-17
9.216660358395737385e-01
-1.266611738721556942e-17
-1.732971257558161574e-18
8.982398479412735365e-17
5.259351499112716044e-02
5.259351499999999346e-02
2.766785690088727212e-01
-3.214461740332787143e-02
-2.009658818139816254e-17
3.473677829419732674e-17
5.209958166786036106e-17
5.189646380000000753e-02
5.189646380332793574e-02
-3.023650722855414363e-02
-3.023650719999998460e-02
-8.088641779287845121e-17
-1.734731621669144865e-17
8.876480331382954583e-17
6.908635140285539489e-01
-8.678576817902852145e-18
-4.595555652200246727e-18
9.511952404298079725e-18
4.251477259899142519e-02
6.797756860000003787e-02
6.797756860100831466e-02
-4.926902025489420835e-04
-3.198462148624643617e-18
1.872724919954589194e-18
8.399209680274501479e-18
6.385330140000000654e-02
6.385330140254877329e-02
-9.252101697901612409e-01
-9.252101696000001319e-01
-7.008117268296663600e-16
-4.442186018060211184e-16
6.928595342897057621e-16
3.877062923790160376e+00
-1.266611738721556942e-17
-1.732971257558161574e-18
8.982398479412735365e-17
5.259351499112716044e-02
5.259351499999999346e-02
2.766785690088727212e-01
-8.678576817902852145e-18
-4.595555652200246727e-18
9.511952404298079725e-18
4.251477259899142519e-02
6.797756860000003787e-02
6.797756860100831466e-02
-1.908050962207706659e-17
6.984161089261906313e-18
1.373775333441757593e-16
1.839537303526129763e-01
1.839537304000000151e-01
1.381152569847386102e+00
-2.719645574097307979e-19
1.865611936406175333e-17
7.882735239712418039e-17
2.376897761903380701e-01
2.376897762000001191e-01
4.818857370096608639e-01
-2.637175228691298612e-01
-4.999370510860124033e-11
-1.662398219068380605e-17
4.178093327311303789e-17
8.116030739999997856e-02
8.116030741912387547e-02
-1.785140672029585929e-01
-1.693833788421530288e-17
2.775793451636933077e-17
8.307695533493894331e-17
4.170825679999998203e-02
4.170825680295869864e-02
-1.363211974113903713e-01
-2.624595140843988702e-18
1.050519886478830780e-17
4.563097586356531647e-17
2.589139519999999334e-02
2.589139521139046871e-02
-1.520329657657454314e+00
-1.520329657300947712e+00
-1.908838368249344466e-15
4.163336342344337027e-17
1.345594504635203716e-15
1.258208541655838353e+01
-1.908050962207706659e-17
6.984161089261906313e-18
1.373775333441757593e-16
1.839537303526129763e-01
1.839537304000000151e-01
1.381152569847386102e+00
-3.247384324198915317e-01
-7.254859733281083786e-17
1.130556138295714706e-16
2.047362652822866587e-16
1.826499011999999922e-01
1.826499012198918859e-01
-3.552492838199613479e-01
-5.638343790867413837e-17
8.670309012266821049e-17
2.150154819961475546e-16
1.516044410000000620e-01
1.516044410199615944e-01
-1.552874837486903914e-01
1.735326904233664528e-18
4.161742739042718925e-17
6.455313354096895033e-16
3.303313182427025652e-02
3.303313252441969494e-02
-1.275407783011097021e-16
-5.421010862427522170e-20
1.224577204823389408e-15
5.072199393342560238e-03
5.072199683827759500e-03
3.107723661922825897e+00
-1.908050962207706659e-17
6.984161089261906313e-18
1.373775333441757593e-16
1.839537303526129763e-01
1.839537304000000151e-01
1.381152569847386102e+00
-3.375086489012750067e-17
-1.283004450422477938e-17
8.039256244279293410e-18
1.794159599135658478e-02
2.367280968059027879e-01
2.367280970027402509e-01
-2.166832825669350593e-01
-7.401885388374444131e-17
1.112524828469679756e-16
5.000020514999918482e-11
2.134071796000001076e-01
2.134071796169353941e-01
-2.076839088201273553e-01
-4.823738456226060140e-17
-1.789145342837895891e-18
3.150697548061145602e-17
5.235932141348714763e-02
5.235932160664046736e-02
-1.520329657657454314e+00
-1.520329657300947712e+00
-1.908838368249344466e-15
4.163336342344337027e-17
1.345594504635203716e-15
1.258208541655838353e+01
-1.908050962207706659e-17
6.984161089261906313e-18
1.373775333441757593e-16
1.839537303526129763e-01
1.839537304000000151e-01
1.381152569847386102e+00
-3.247384324198915317e-01
-7.254859733281083786e-17
1.130556138295714706e-16
2.047362652822866587e-16
1.826499011999999922e-01
1.826499012198918859e-01
-3.552492838199613479e-01
-5.638343790867413837e-17
8.670309012266821049e-17
2.150154819961475546e-16
1.516044410000000620e-01
1.516044410199615944e-01
-1.363211974113903713e-01
-2.624595140843988702e-18
1.050519886478830780e-17
4.563097586356531647e-17
2.589139519999999334e-02
2.589139521139046871e-02
-4.519929202267551349e-01
-4.519929200441966666e-01
-3.346509553336207649e-16
-3.093736243434373540e-16
4.447854709327056510e-17
6.391652696670942824e+00
-2.166832825669350593e-01
-7.401885388374444131e-17
1.112524828469679756e-16
5.000020514999918482e-11
2.134071796000001076e-01
2.134071796169353941e-01
-3.247384324198915317e-01
-7.254859733281083786e-17
1.130556138295714706e-16
2.047362652822866587e-16
1.826499011999999922e-01
1.826499012198918859e-01
-2.637175228691298612e-01
-4.999370510860124033e-11
-1.662398219068380605e-17
4.178093327311303789e-17
8.116030739999997856e-02
8.116030741912387547e-02
-2.076839088201273553e-01
-4.823738456226060140e-17
-1.789145342837895891e-18
3.150697548061145602e-17
5.235932141348714763e-02
5.235932160664046736e-02
-1.355423578075867254e-02
-1.355408188750943828e-02
-5.268801332722245882e-17
-1.766677550281435784e-18
1.921791394816812653e-16
1.710804664068266145e+00
-3.749053219448690073e-17
-5.834792273274929899e-18
1.987971897337473493e-16
8.431852655639412997e-02
8.431862061178449497e-02
8.878236538318201587e-01
-1.995510750108794307e-01
5.927942555469992456e-19
1.895131368164532819e-17
4.165710425917875085e-17
7.497337779940871361e-02
7.497339701147102964e-02
-1.729422458084430847e-01
4.043679907057286412e-18
1.387724493651313994e-17
1.029942336862335431e-15
4.023951400395907319e-02
4.023953440448320429e-02
-1.368888006063881668e-01
-2.653073390441968264e-18
2.019008908899031646e-18
1.890447521196328108e-17
2.462124212330255371e-02
2.462124268308579778e-02
-1.784093696461426459e+00
-1.784093181297344399e+00
-1.387627427594364822e-15
-1.105219268479119142e-16
5.084818380296143862e-16
1.233033449855875219e+01
-1.355423578075867254e-02
-1.355408188750943828e-02
-5.268801332722245882e-17
-1.766677550281435784e-18
1.921791394816812653e-16
1.710804664068266145e+00
-1.013101520551954252e-02
-1.141496129418326477e-17
-1.524294359405096492e-19
1.079807801262079718e-18
1.292269828093937090e-01
1.292270459961255835e-01
-1.051050500088273471e-01
-4.534207542516968419e-18
-1.127422449188336320e-19
8.832741168295242411e-17
1.179857984005892729e-01
1.179865196082382911e-01
-1.550253724573919523e-01
-4.999996397628328470e-11
4.837385309434607964e-19
5.000002846955335139e-11
3.173211700226119536e-02
3.173211785513099792e-02
-2.325146407170813612e-01
-2.325144412204766808e-01
-2.028768574642354417e-16
-3.993181319875238979e-19
4.122925275917178781e-17
3.243847662337553395e+00
-1.355423578075867254e-02
-1.355408188750943828e-02
-5.268801332722245882e-17
-1.766677550281435784e-18
1.921791394816812653e-16
1.710804664068266145e+00
-2.562215275010792628e-17
-1.589614634595686858e-17
1.060927279890068546e-16
1.235775809606745740e-01
1.235776702274811872e-01
4.224083436118434842e-01
2.261752385371017540e-17
2.747321926593331681e-17
2.291408892367929988e-16
1.336327415027349919e-01
1.336328982965943879e-01
1.503346070006706947e-01
-1.881112794094403073e-01
-7.324750291810911165e-18
1.078628941041322457e-17
3.565397959970584152e-17
5.027997940175166908e-02
5.027998740768895025e-02
-1.784093696461426459e+00
-1.784093181297344399e+00
-1.387627427594364822e-15
-1.105219268479119142e-16
5.084818380296143862e-16
1.233033449855875219e+01
-1.355423578075867254e-02
-1.355408188750943828e-02
-5.268801332722245882e-17
-1.766677550281435784e-18
1.921791394816812653e-16
1.710804664068266145e+00
-1.013101520551954252e-02
-1.141496129418326477e-17
-1.524294359405096492e-19
1.079807801262079718e-18
1.292269828093937090e-01
1.292270459961255835e-01
-1.051050500088273471e-01
-4.534207542516968419e-18
-1.127422449188336320e-19
8.832741168295242411e-17
1.179857984005892729e-01
1.179865196082382911e-01
-1.368888006063881668e-01
-2.653073390441968264e-18
2.019008908899031646e-18
1.890447521196328108e-17
2.462124212330255371e-02
2.462124268308579778e-02
-7.130254995573250820e-01
-7.130248167180412988e-01
-1.397843201869469263e-15
-4.780743058555207463e-17
-4.011614957107921946e-17
6.245853817075358805e+00
2.261752385371017540e-17
2.747321926593331681e-17
2.291408892367929988e-16
1.336327415027349919e-01
1.336328982965943879e-01
1.503346070006706947e-01
-1.013101520551954252e-02
-1.141496129418326477e-17
-1.524294359405096492e-19
1.079807801262079718e-18
1.292269828093937090e-01
1.292270459961255835e-01
-1.995510750108794307e-01
5.927942555469992456e-19
1.895131368164532819e-17
4.165710425917875085e-17
7.497337779940871361e-02
7.497339701147102964e-02
-1.881112794094403073e-01
-7.324750291810911165e-18
1.078628941041322457e-17
3.565397959970584152e-17
5.027997940175166908e-02
5.027998740768895025e-02
-1.280158054598545536e-01
-1.280158054000000434e-01
-1.996279153677350864e-16
-8.331904905687297099e-17
1.337607993977745940e-16
1.384902626859854102e+00
-4.063229142962565543e-02
-4.063229140000000628e-02
-4.578044829678463800e-17
-2.084064439859506807e-17
3.412373243358658310e-17
7.084149980296253757e-01
-4.292596700262715781e-02
-1.293193273340434825e-17
1.071558798927474102e-17
2.763906678462428534e-17
2.365772019999998893e-02
2.365772020262718600e-02
-6.442100540305628620e-02
-1.070433493203893889e-19
6.951383427441442349e-18
1.384947821693242417e-17
1.278085959999999965e-02
1.278085960305633435e-02
-5.290558960237209257e-02
-1.024779811897180137e-17
1.426685017795966980e-18
4.348950446166305298e-18
7.002840399999999896e-03
7.002840402372113686e-03
-1.788203837321383105e+00
-1.788203837031087096e+00
-1.497466219030024268e-15
6.938893903907228378e-17
4.137771028596159695e-16
1.217206069295245463e+01
-1.280158054598545536e-01
-1.280158054000000434e-01
-1.996279153677350864e-16
-8.331904905687297099e-17
1.337607993977745940e-16
1.384902626859854102e+00
-1.140739721637782845e-17
-1.584140607241495636e-18
4.833628585328716636e-17
2.456725739694131869e-02
2.456725740000001088e-02
1.015710624030585485e-01
-2.311201661706925751e-18
2.322155184572596571e-18
3.524118634417053199e-18
2.760903019893332436e-02
2.760903019999999888e-02
5.416474940106654617e-02
-5.983434385275181178e-02
-4.999998786123746800e-11
-9.205232975063325449e-19
5.204170690635433181e-18
9.648907999999995974e-03
9.648908002751820784e-03
-3.206802853238056028e-01
-3.206802849982294257e-01
-7.632783294297951215e-17
-2.781323505658421533e-17
2.497526241161366611e-16
2.766291323522030332e+00
-1.280158054598545536e-01
-1.280158054000000434e-01
-1.996279153677350864e-16
-8.331904905687297099e-17
1.337607993977745940e-16
1.384902626859854102e+00
-8.101276143920605605e-04
-8.101276000000007509e-04
-1.105274307379769919e-17
-4.320097614456506184e-19
4.235276242838876230e-17
3.632368420143919363e-01
-1.500883959849885916e-18
3.377876060876737829e-18
9.027335772427687226e-18
1.691530799326106810e-02
1.691530799999999349e-02
1.873089732067388380e-01
-6.484699645321481687e-02
-4.999998992624425578e-11
-8.390163793743166715e-18
1.041614195579289036e-17
1.631989900000000229e-02
1.631989900321487511e-02
-1.788203837321383105e+00
-1.788203837031087096e+00
-1.497466219030024268e-15
6.938893903907228378e-17
4.137771028596159695e-16
1.217206069295245463e+01
-1.280158054598545536e-01
-1.280158054000000434e-01
-1.996279153677350864e-16
-8.331904905687297099e-17
1.337607993977745940e-16
1.384902626859854102e+00
-1.140739721637782845e-17
-1.584140607241495636e-18
4.833628585328716636e-17
2.456725739694131869e-02
2.456725740000001088e-02
1.015710624030585485e-01
-2.311201661706925751e-18
2.322155184572596571e-18
3.524118634417053199e-18
2.760903019893332436e-02
2.760903019999999888e-02
5.416474940106654617e-02
-5.290558960237209257e-02
-1.024779811897180137e-17
1.426685017795966980e-18
4.348950446166305298e-18
7.002840399999999896e-03
7.002840402372113686e-03
-7.577376650235030375e-01
-7.577376648324553043e-01
-1.449101862635040049e-16
3.469446951953614189e-17
1.301734159170113194e-15
5.710821142855950328e+00
-1.500883959849885916e-18
3.377876060876737829e-18
9.027335772427687226e-18
1.691530799326106810e-02
1.691530799999999349e-02
1.873089732067388380e-01
-1.140739721637782845e-17
-1.584140607241495636e-18
4.833628585328716636e-17
2.456725739694131869e-02
2.456725740000001088e-02
1.015710624030585485e-01
-4.292596700262715781e-02
-1.293193273340434825e-17
1.071558798927474102e-17
2.763906678462428534e-17
2.365772019999998893e-02
2.365772020262718600e-02
-6.484699645321481687e-02
-4.999998992624425578e-11
-8.390163793743166715e-18
1.041614195579289036e-17
1.631989900000000229e-02
1.631989900321487511e-02
-4.999999553857273335e-11
-4.999996589004603638e-11
1.099575938092913333e-17
1.205868542286906431e-01
1.205868546753665754e-01
1.496013787995942312e+00
-2.839084855648677354e-17
-1.527040488145117021e-17
2.260365049249078463e-16
1.899772943930524149e-01
1.899772943999999963e-01
6.414887194069467391e-01
-2.415032550133187905e-01
-5.000000415428312766e-11
5.143884742976664283e-17
1.195705691413788522e-16
9.513179155906630047e-02
9.513179180425269943e-02
-1.992583764100429033e-01
-2.065633062708923097e-17
2.863347753411105932e-17
8.153633894830857092e-17
5.362547700000002554e-02
5.362547701004306833e-02
-1.632398493579744758e-01
-1.857043636238698615e-18
1.387707970191406232e-17
5.000004857497439130e-11
3.485967160548680832e-02
3.485967200248788617e-02
-1.549012736816806513e+00
-1.549012736314060001e+00
-1.724260557815767251e-15
-6.724261429098854873e-16
6.825052675796250412e-17
1.182934684893084842e+01
-4.999999553857273335e-11
-4.999996589004603638e-11
1.099575938092913333e-17
1.205868542286906431e-01
1.205868546753665754e-01
1.496013787995942312e+00
-1.608301960133493858e-01
-5.000003210747676697e-11
1.095584994038101108e-16
2.348521425459555544e-16
1.759988309584116228e-01
1.759988310049379334e-01
-2.176258418147382356e-01
-6.501454829821742663e-17
8.433849624554035274e-17
1.942988376548720661e-16
1.542976306000000963e-01
1.542976306147385013e-01
-1.808370986089489207e-01
-1.534960204268211368e-17
1.388759177401544252e-17
7.163095210401523844e-17
4.347367220000000060e-02
4.347367220894905043e-02
-7.006174230826502092e-02
-7.006174141390071608e-02
-1.110428965123136276e-16
-8.105593280424483921e-18
1.185735843119227978e-16
3.111669548322161027e+00
-4.999999553857273335e-11
-4.999996589004603638e-11
1.099575938092913333e-17
1.205868542286906431e-01
1.205868546753665754e-01
1.496013787995942312e+00
-1.247683764646832697e-16
7.410403855109895198e-17
1.122811131628809222e-16
1.921028544760073342e-01
2.044123132000001120e-01
2.044123133239926782e-01
-4.209578320938462542e-02
-1.416938533243393944e-17
-1.701108629687143382e-18
5.242381415396728840e-17
1.949591266000000045e-01
1.949591266093841924e-01
-2.166703816111512637e-01
-1.968098951052502227e-17
2.775573922420010135e-17
8.065002647690485373e-17
6.552133380000001173e-02
6.552133381115136934e-02
-1.549012736816806513e+00
-1.549012736314060001e+00
-1.724260557815767251e-15
-6.724261429098854873e-16
6.825052675796250412e-17
1.182934684893084842e+01
-4.999999553857273335e-11
-4.999996589004603638e-11
1.099575938092913333e-17
1.205868542286906431e-01
1.205868546753665754e-01
1.496013787995942312e+00
-1.608301960133493858e-01
-5.000003210747676697e-11
1.095584994038101108e-16
2.348521425459555544e-16
1.759988309584116228e-01
1.759988310049379334e-01
-2.176258418147382356e-01
-6.501454829821742663e-17
8.433849624554035274e-17
1.942988376548720661e-16
1.542976306000000963e-01
1.542976306147385013e-01
-1.632398493579744758e-01
-1.857043636238698615e-18
1.387707970191406232e-17
5.000004857497439130e-11
3.485967160548680832e-02
3.485967200248788617e-02
-5.242854130800539414e-01
-5.242854121849997995e-01
-4.604709179110939544e-16
-1.913093478033048555e-16
-2.911252239713030265e-17
6.150735829065045124e+00
-4.209578320938462542e-02
-1.416938533243393944e-17
-1.701108629687143382e-18
5.242381415396728840e-17
1.949591266000000045e-01
1.949591266093841924e-01
-1.608301960133493858e-01
-5.000003210747676697e-11
1.095584994038101108e-16
2.348521425459555544e-16
1.759988309584116228e-01
1.759988310049379334e-01
-2.415032550133187905e-01
-5.000000415428312766e-11
5.143884742976664283e-17
1.195705691413788522e-16
9.513179155906630047e-02
9.513179180425269943e-02
-2.166703816111512637e-01
-1.968098951052502227e-17
2.775573922420010135e-17
8.065002647690485373e-17
6.552133380000001173e-02
6.552133381115136934e-02
-9.615525118691445878e-18
-3.280346946777440941e-18
5.000000443881978438e-11
2.637465224807969064e-02
7.482679060000006765e-02
7.482679060192018450e-02
-7.164252603032019578e-03
-4.965250362135820495e-18
-2.000811416560122799e-18
5.445234034028030990e-18
6.959374839999996065e-02
6.959374840303181320e-02
-6.828521580077399900e-02
-1.236922103593424220e-17
1.041607826911060977e-17
2.878659937161526047e-17
2.417773580000001296e-02
2.417773580077407780e-02
-4.896131880246688134e-02
-5.141451360084289264e-18
1.789713526174911119e-18
3.287112982263010887e-17
1.333076579999998949e-02
1.333076580246691373e-02
-3.795375660184740346e-02
-4.829439438524662713e-18
5.234625984787422453e-18
7.860292515244788878e-18
8.813187000000007043e-03
8.813187001847419891e-03
-4.310192585649532532e-02
-4.310192580000002383e-02
-8.574945633488514335e-17
-2.081071864498383438e-17
2.619047208732998508e-16
1.383587484456495265e+00
-9.615525118691445878e-18
-3.280346946777440941e-18
5.000000443881978438e-11
2.637465224807969064e-02
7.482679060000006765e-02
7.482679060192018450e-02
-6.898577580472987913e-02
-1.860899436986142591e-17
2.775810001637473425e-17
5.403508573055270393e-17
4.864244040000000047e-02
4.864244040472993913e-02
-7.535451400436121716e-02
-1.033823564458574836e-18
2.577498889590582646e-17
3.825446540243752893e-17
4.150221660299895782e-02
4.150221680136237379e-02
-4.297677620213347094e-02
-8.614367777226535092e-18
6.939434527311166824e-18
1.472966235969387743e-17
1.086354779999999971e-02
1.086354780213349448e-02
-1.159318416268497967e-17
3.167538278885080075e-18
1.152598225284314864e-17
7.458131559681065170e-02
7.458131559999997551e-02
1.551672514031890160e-01
-9.615525118691445878e-18
-3.280346946777440941e-18
5.000000443881978438e-11
2.637465224807969064e-02
7.482679060000006765e-02
7.482679060192018450e-02
-3.243704340378511519e-02
-2.825521518896859850e-17
4.184722898885220283e-17
6.033392192063116119e-17
6.320473319999997397e-02
6.320473320378518223e-02
-5.468014880444920650e-02
-3.187505513573524341e-17
4.163340799864543784e-17
6.979802799042208503e-17
5.605445979999998385e-02
5.605445980444928589e-02
-5.568879880006679522e-02
2.154044489537088308e-18
4.167192054504145332e-18
1.102342186123439120e-17
1.632501480004639252e-02
1.632501500002047842e-02
-4.310192585649532532e-02
-4.310192580000002383e-02
-8.574945633488514335e-17
-2.081071864498383438e-17
2.619047208732998508e-16
1.383587484456495265e+00
-9.615525118691445878e-18
-3.280346946777440941e-18
5.000000443881978438e-11
2.637465224807969064e-02
7.482679060000006765e-02
7.482679060192018450e-02
-6.898577580472987913e-02
-1.860899436986142591e-17
2.775810001637473425e-17
5.403508573055270393e-17
4.864244040000000047e-02
4.864244040472993913e-02
-7.535451400436121716e-02
-1.033823564458574836e-18
2.577498889590582646e-17
3.825446540243752893e-17
4.150221660299895782e-02
4.150221680136237379e-02
-3.795375660184740346e-02
-4.829439438524662713e-18
5.234625984787422453e-18
7.860292515244788878e-18
8.813187000000007043e-03
8.813187001847419891e-03
-5.502571856740208081e-18
7.215706151829742126e-21
7.295323997509048734e-17
5.082747478123880724e-02
5.082747480000002205e-02
5.245100694187609935e-01
-5.468014880444920650e-02
-3.187505513573524341e-17
4.163340799864543784e-17
6.979802799042208503e-17
5.605445979999998385e-02
5.605445980444928589e-02
-6.898577580472987913e-02
-1.860899436986142591e-17
2.775810001637473425e-17
5.403508573055270393e-17
4.864244040000000047e-02
4.864244040472993913e-02
-6.828521580077399900e-02
-1.236922103593424220e-17
1.041607826911060977e-17
2.878659937161526047e-17
2.417773580000001296e-02
2.417773580077407780e-02
-5.568879880006679522e-02
2.154044489537088308e-18
4.167192054504145332e-18
1.102342186123439120e-17
1.632501480004639252e-02
1.632501500002047842e-02
-1.079884670692370235e-01
-1.078855994747561517e-10
-7.157114368767766089e-11
-1.968431689374207908e-11
3.735322787685832784e-11
4.555375392567580180e-11
7.961302046265088800e-11
8.288060597555976239e-01
4.181131098350258313e+00
-2.728041714654934335e-02
-7.353787634943583292e-11
-6.074637648596898349e-11
-6.600884760907717674e-12
1.431851298129047657e-11
5.821206652658859550e-11
1.167840786866662510e-10
1.106423258512035240e-01
9.538511517469157042e-01
-7.517316852316019427e-02
-2.107803470431163965e-11
-1.267956822999428435e-11
-2.630754010068614007e-17
1.770871425209947689e-13
4.579600174803285479e-11
7.970340334005299335e-11
7.154434299032919053e-02
9.477168584409110252e-01
-7.709320311175998919e-02
-1.058005929584202016e-10
-6.580435284212425065e-11
-4.126741431119299467e-12
6.041378789769889380e-14
7.163853852139465552e-11
1.018759130223742282e-10
6.146648607024089717e-02
9.462538662436748016e-01
-8.066752295295890107e+00
-1.473318813483322864e-10
-7.238425542512968941e-11
-4.402150347825506211e-11
4.795906352808201986e-11
9.859567819667542577e-11
1.463695955043954925e-10
7.702800034571506416e-01
3.707354332370947247e+01
-1.225282858122244902e-10
-1.377757350494939786e-11
-7.303524775560311360e-13
7.482675043350457573e-17
6.189562074418453375e-11
8.800448307649248303e-11
1.294786956308662529e-01
2.122770756579913376e-01
9.594071672982776855e-01
-9.545934438930713514e-11
-5.037062277112807547e-11
-3.769592772115458315e-12
3.143743272294043703e-11
4.223699368618229104e-11
8.810026627580114144e-11
6.764700934265206744e-02
1.494891272678697813e-01
9.577821749773020032e-01
-5.299730905046218937e-02
-5.639261024418227528e-11
-4.791452182362978292e-11
-2.337434589555055400e-12
-1.028864770167097155e-16
5.884018559940732934e-11
1.080258603425099027e-10
9.596857924092437597e-02
9.516175518493156238e-01
-7.860414570904923348e-01
-1.095190518452557773e-10
-7.721171153021509189e-11
-9.775205161562327708e-12
6.306900323293922519e-12
5.944849938208592258e-11
1.121268951991047539e-10
7.766467837406557662e-01
8.681870505068456367e+00
-6.211256678466455080e-11
-3.601544232036427345e-11
-2.019696107441349968e-11
-2.314807835516763267e-12
3.931323074332367353e-11
9.055960727271001724e-11
1.505204340533866925e-01
8.270378391275905461e-01
1.051575102909789283e+00
-1.007518510950019939e-10
-3.774475046720982642e-11
-2.678959193285877305e-11
-1.718982111415918435e-12
1.055264550271470065e-11
7.288360907537857220e-11
1.527957747727389792e-01
4.310017509154033810e-01
9.625852487954232872e-01
-7.517316852316019427e-02
-2.107803470431163965e-11
-1.267956822999428435e-11
-2.630754010068614007e-17
1.770871425209947689e-13
4.579600174803285479e-11
7.970340334005299335e-11
7.154434299032919053e-02
9.477168584409110252e-01
-8.066752295295890107e+00
-1.473318813483322864e-10
-7.238425542512968941e-11
-4.402150347825506211e-11
4.795906352808201986e-11
9.859567819667542577e-11
1.463695955043954925e-10
7.702800034571506416e-01
3.707354332370947247e+01
-1.079884670692370235e-01
-1.078855994747561517e-10
-7.157114368767766089e-11
-1.968431689374207908e-11
3.735322787685832784e-11
4.555375392567580180e-11
7.961302046265088800e-11
8.288060597555976239e-01
4.181131098350258313e+00
-6.211256678466455080e-11
-3.601544232036427345e-11
-2.019696107441349968e-11
-2.314807835516763267e-12
3.931323074332367353e-11
9.055960727271001724e-11
1.505204340533866925e-01
8.270378391275905461e-01
1.051575102909789283e+00
-1.225282858122244902e-10
-1.377757350494939786e-11
-7.303524775560311360e-13
7.482675043350457573e-17
6.189562074418453375e-11
8.800448307649248303e-11
1.294786956308662529e-01
2.122770756579913376e-01
9.594071672982776855e-01
-2.735836197025564687e+00
-1.238350742635328111e-10
-7.653873890723591149e-11
-4.580164425941629162e-11
3.711084340978865238e-11
6.419325045594827597e-11
1.164366183234230829e-10
7.593931118749583931e-01
1.791859682497899797e+01
-1.007518510950019939e-10
-3.774475046720982642e-11
-2.678959193285877305e-11
-1.718982111415918435e-12
1.055264550271470065e-11
7.288360907537857220e-11
1.527957747727389792e-01
4.310017509154033810e-01
9.625852487954232872e-01
-1.225282858122244902e-10
-1.377757350494939786e-11
-7.303524775560311360e-13
7.482675043350457573e-17
6.189562074418453375e-11
8.800448307649248303e-11
1.294786956308662529e-01
2.122770756579913376e-01
9.594071672982776855e-01
-7.555022738006131333e-02
-1.083734644958342566e-10
-6.541952010227177034e-11
-1.211405690180032953e-11
-2.054219344898954608e-17
7.235751286735026840e-13
6.686150429356423258e-11
5.263319841872156346e-02
9.450660192796611625e-01
-1.235123249624923009e-01
-1.076445649053625886e-01
-1.101623291828215762e-10
-7.437129398338624031e-11
-4.578588732567065059e-11
7.663572109157180015e-12
5.766095175110791108e-11
9.429140840662190743e-11
1.322568358000326405e-01
6.255855292184280270e-01
8.626780372955443754e-01
3.600033893324552370e+00
-3.230655903213800612e-02
-7.997388768381081012e-11
-6.951929491008733785e-11
1.461732815059534469e-11
6.303521760617094983e-11
8.371721924376888577e-11
1.250515480058416390e-10
8.259568905078815138e-02
1.141747122781455182e-01
1.371452938609162564e-01
6.985984124489724723e-01
9.840736831563875464e-01
-5.772471433322699103e-02
-1.081749721036347971e-10
-7.703914560390165347e-11
-8.608752389917702530e-12
1.811656642854827098e-11
4.156204685522553944e-11
8.490573273830779671e-11
5.047514942193300630e-02
8.992740333285528798e-02
1.320282803589139242e-01
6.912342127727343355e-01
9.751122719960304552e-01
-5.710615436715767851e-02
-1.265906836136224429e-10
-9.396391110379182527e-11
-1.839827355757194928e-11
3.352275625651767016e-11
4.890400026839109528e-11
7.585179225876391471e-11
4.244930563613279889e-02
8.295332582126688226e-02
1.312610096029706852e-01
6.907422289405983351e-01
9.726316621468645840e-01
-6.917835442020022541e+00
-6.286090136879288970e+00
-5.844843736295061774e-11
-4.723909006984114801e-11
1.205689006720136418e-11
5.036705809535423801e-11
7.308771408584605935e-11
1.618184242783589017e-10
1.248943765129970629e-01
6.418562818039754703e-01
7.504682123049875031e-01
2.935420848238575431e+01
-7.026454713321823192e-11
-6.281671287975193216e-11
-2.777493888306738280e-11
1.312844643036998042e-11
8.133806979061062527e-11
1.320016403484487213e-10
9.853926128273547691e-02
1.247804683429243749e-01
1.488111328142874834e-01
1.719936595251413680e-01
7.223817748423908558e-01
9.904203687269084178e-01
-1.224657105074320178e-10
-6.805986481619977159e-11
-2.685110826392163841e-11
2.819771467954399723e-12
8.423018456485701144e-11
1.134440274010455722e-10
2.934977814016812014e-02
1.105339124874621243e-01
1.334277717563147059e-01
1.449875417105608022e-01
7.103922972222553867e-01
9.895738897001220558e-01
-4.749777882079319474e-02
-1.446705586744736384e-10
-1.184990780546628887e-10
1.892492213328323289e-11
2.912872822844280225e-11
5.763581175828930128e-11
8.860715817001331907e-11
7.047323272437536201e-02
1.054337144907289414e-01
1.348347866221484559e-01
6.949301640595606511e-01
9.809295849928532096e-01
-7.116101326730532861e-01
-6.915092701490347382e-01
-6.650444715950331629e-11
-4.906530894087383230e-11
-2.638598099133045449e-11
3.695511986299438024e-12
5.271976653009500611e-11
8.279800146811302836e-11
1.312070864202974363e-01
6.191231740123233074e-01
7.886132532256113770e-01
7.233416478666606864e+00
-7.928568529089964860e-11
-5.586534924676360942e-11
-4.096088746474503736e-11
7.518771664932907849e-12
4.744969997330474548e-11
7.766291661812709776e-11
1.296951120273349134e-01
1.297542260996234487e-01
1.364305973899310187e-01
5.711853343653900961e-01
9.705478389359877278e-01
9.706468331252096071e-01
-9.786461233740048215e-11
-8.241610402132373196e-11
-3.933397662994735962e-11
1.445062479199512564e-11
3.686076205576213501e-11
7.885629368195147716e-11
1.239520321343568071e-01
1.347126092430670219e-01
1.507668336504168483e-01
3.428493793444125082e-01
7.555419973357322405e-01
9.862721803814615829e-01
-5.772471433322699103e-02
-1.081749721036347971e-10
-7.703914560390165347e-11
-8.608752389917702530e-12
1.811656642854827098e-11
4.156204685522553944e-11
8.490573273830779671e-11
5.047514942193300630e-02
8.992740333285528798e-02
1.320282803589139242e-01
6.912342127727343355e-01
9.751122719960304552e-01
-6.917835442020022541e+00
-6.286090136879288970e+00
-5.844843736295061774e-11
-4.723909006984114801e-11
1.205689006720136418e-11
5.036705809535423801e-11
7.308771408584605935e-11
1.618184242783589017e-10
1.248943765129970629e-01
6.418562818039754703e-01
7.504682123049875031e-01
2.935420848238575431e+01
-1.235123249624923009e-01
-1.076445649053625886e-01
-1.101623291828215762e-10
-7.437129398338624031e-11
-4.578588732567065059e-11
7.663572109157180015e-12
5.766095175110791108e-11
9.429140840662190743e-11
1.322568358000326405e-01
6.255855292184280270e-01
8.626780372955443754e-01
3.600033893324552370e+00
-7.928568529089964860e-11
-5.586534924676360942e-11
-4.096088746474503736e-11
7.518771664932907849e-12
4.744969997330474548e-11
7.766291661812709776e-11
1.296951120273349134e-01
1.297542260996234487e-01
1.364305973899310187e-01
5.711853343653900961e-01
9.705478389359877278e-01
9.706468331252096071e-01
-7.026454713321823192e-11
-6.281671287975193216e-11
-2.777493888306738280e-11
1.312844643036998042e-11
8.133806979061062527e-11
1.320016403484487213e-10
9.853926128273547691e-02
1.247804683429243749e-01
1.488111328142874834e-01
1.719936595251413680e-01
7.223817748423908558e-01
9.904203687269084178e-01
-2.414386486623174566e+00
-2.217521624972166983e+00
-8.874736341269042436e-11
-7.647249936745449842e-11
-3.403946933923488913e-11
4.581172820692908892e-12
9.079043507899864662e-11
1.157475850075270167e-10
1.287591302105726143e-01
6.250482437280995285e-01
7.519824210061134551e-01
1.451599660753870857e+01
-9.786461233740048215e-11
-8.241610402132373196e-11
-3.933397662994735962e-11
1.445062479199512564e-11
3.686076205576213501e-11
7.885629368195147716e-11
1.239520321343568071e-01
1.347126092430670219e-01
1.507668336504168483e-01
3.428493793444125082e-01
7.555419973357322405e-01
9.862721803814615829e-01
-7.026454713321823192e-11
-6.281671287975193216e-11
-2.777493888306738280e-11
1.312844643036998042e-11
8.133806979061062527e-11
1.320016403484487213e-10
9.853926128273547691e-02
1.247804683429243749e-01
1.488111328142874834e-01
1.719936595251413680e-01
7.223817748423908558e-01
9.904203687269084178e-01
-5.471189050670423326e-02
-1.204604984993671328e-10
-2.897757965439584780e-11
-1.686762954605265437e-11
-8.205033891191918361e-17
1.652272197407413612e-11
7.920253984795038801e-11
3.554225051846742617e-02
7.624407146946346470e-02
1.308100888695002961e-01
6.908532160248447296e-01
9.704631994950098095e-01
