-4.171620205116013252e-02
-4.164348595856522117e-02
-2.322231721070760688e-02
1.148912492839437860e-03
1.221628576851319092e-03
7.472308594827435924e-01
-2.614769449433627935e-02
3.434098285645923593e-03
3.457883354425212840e-03
1.645993630822262938e-02
1.652496403859445712e-02
6.903059774878153587e-02
-4.613793282143304614e-02
-4.585361190650991126e-02
-2.116158056192590092e-02
6.609930848635141298e-03
6.681344806509781353e-03
1.480853741147238334e-01
-3.100915121362952664e-01
-2.981889744957512134e-01
-1.623032772955179670e-02
-4.327789962802586210e-03
4.919125524694589746e-02
1.821692430477455993e+00
3.372968965635456855e-04
1.330737776119466243e-03
1.866484767609634127e-03
7.051562349746876360e-03
6.642067803748201438e-02
6.718918816581163911e-02
-1.435079611777208101e-02
7.004266500036677306e-04
1.268858962630575390e-03
2.115349407571326390e-03
6.503544447687023555e-02
6.511025635269636347e-02
-1.015867057325634260e-01
-1.008071653273574786e-01
-8.055414675282280071e-03
-7.777597679078730557e-03
1.173784524368851057e-02
1.007651055984593036e+00
-1.520926730371539339e-02
1.037875154354487607e-02
1.200209425577753418e-02
3.620038188008860985e-02
3.667108065522024091e-02
2.815161228957518968e-01
-6.308905535469994108e-02
-2.222485206788511400e-03
-2.147548089125954438e-03
1.051365176302525295e-02
1.087767475862436162e-02
1.038764744462985362e-01
-4.428399873618676930e-02
-4.415716962444574817e-02
3.789425131754516063e-03
4.043083352923665386e-03
3.283915644032765757e-02
7.345592150262949538e-01
1.193142849772242491e-03
4.580604335586102582e-03
4.774614065626904894e-03
5.810350022980752954e-02
5.860953350723139416e-02
6.697715691397600202e-02
4.070156302582375943e-03
4.595188563351022132e-03
6.423007572805702718e-03
1.899994164250500689e-02
5.643648333772314368e-02
5.704902096903276265e-02
-2.884632590301281496e-01
-2.815183897830567106e-01
-3.290091230225852814e-02
-2.595604288615887406e-02
1.488847618479121615e-01
1.721998923553692773e+00
-5.738934997218297224e-02
8.563718570528650043e-03
1.037089643762340030e-02
3.212023203728632537e-02
3.286048625564105818e-02
3.753092015137711734e-01
8.235786612957216816e-05
1.167811219850211566e-04
7.423059717181998765e-03
4.193623492633547639e-02
6.474990621819062819e-02
6.477467817884455248e-02
-1.675256676596131034e-01
2.076824430423904189e-02
2.174547707909046945e-02
7.142186861089150351e-02
7.203794859717047028e-02
1.980019304556218440e+00
-6.053748180851219879e-02
2.821093273686116343e-02
3.283278100387763965e-02
1.590450804217337644e-01
1.617610117386880930e-01
8.506903533930141315e-01
-2.565284879527631734e-01
-9.345164042388276471e-03
-5.903271635312262733e-03
-2.821975271840027055e-03
8.161116263928323844e-02
8.565186853802074507e-02
-1.803954041588778090e-01
1.791298270519346703e-03
2.802124162731303714e-03
3.126743015054472830e-03
3.876928679456518451e-02
3.987663065334196705e-02
-1.220039923542072247e-01
-3.359119386965353504e-02
8.997064183155042277e-03
9.268162842800024143e-03
2.523548540432595660e-02
2.605380080491371750e-02
-4.399280003350962698e-01
-4.397723011305985641e-01
-6.083356574152877852e-03
-6.005845919079962417e-03
9.849628439145829972e-03
6.283306967974404245e+00
-9.251380327120610481e-02
2.235737164439755009e-03
3.282569842127033843e-03
1.247222078652136801e-01
1.293393935624569668e-01
1.826245383746632589e+00
-2.692714992249302108e-01
-2.198195702770994187e-03
-5.866892014232127917e-04
1.289283264034679632e-02
1.733769978195796868e-01
1.739830711115304962e-01
-2.950293679974999028e-01
-2.536755834123773437e-03
-2.472828101002353448e-03
4.928987199018519672e-04
1.305687582309671968e-01
1.320432145144239677e-01
-1.645750678612204754e-01
-8.131238592439249402e-04
2.232623381364998161e-04
9.771181242434388847e-03
3.288714215857761747e-02
3.293462533598242453e-02
-1.328017927611024329e-01
-1.304586907415714592e-01
-3.166602485712217974e-02
-3.121189194945481887e-02
5.751694648124208720e-02
3.750803950675670517e+00
-4.732895160537713315e-03
-4.623992815090707982e-03
1.995873547648772256e-02
2.275013264208656377e-02
1.417007281386467588e-01
2.380244799136075784e+00
-8.856885584729322358e-03
-2.935146759350004339e-03
-2.365801231931200649e-03
1.292960001767617662e-01
2.182423164613173650e-01
2.204246051082643376e-01
-1.230008185403139997e-01
-4.387541756852270103e-03
-1.862900232138586798e-03
-8.254698410657956842e-04
2.013915335886083957e-01
2.016385110287630122e-01
-2.015831298938660643e-01
-1.334801690657048956e-03
4.885225841713553008e-04
1.636866065343925425e-03
5.233374676133346198e-02
5.357822193567493563e-02
-4.375826488364208400e-01
-4.369373199795889007e-01
-2.106683406480586163e-02
-1.091566924766612656e-02
-1.019535607815402756e-02
6.252390550523915458e+00
-4.935940722599259714e-03
-2.643752678737644295e-03
1.271888176020559424e-01
1.343397066774819903e-01
1.849654749161067091e-01
1.812761707295692082e+00
-2.577124139015424253e-01
-1.760731331175102721e-03
2.457759186436370147e-03
4.119306194702271329e-03
1.664093771041806613e-01
1.669965957267311174e-01
-2.923628913694770182e-01
-7.443772322568487088e-03
-1.820572196717426539e-03
-5.059370455616912787e-04
1.221090208520101417e-01
1.224579048711488538e-01
-1.373897299513717751e-01
1.919098444122691038e-03
2.883656884869849335e-03
1.291883448037710672e-02
3.403155248436887798e-02
3.499612428363360617e-02
-5.507552316904310574e-01
-5.501445583576448639e-01
3.101692676757639155e-03
3.889623565669686478e-03
3.046019210381457620e-01
6.256213511106161640e+00
-1.028274307385218800e-01
-7.310288529073644126e-03
-1.446764383787316069e-03
-1.361793532738230731e-03
1.962812229579281864e-01
2.037833760576920061e-01
-2.441712510179357976e-01
-4.524133015842229932e-03
-2.564287020140720852e-03
8.263563987168653924e-04
1.701653896290804546e-01
1.746420627004560966e-01
-2.713554817388226237e-01
-9.850409774807125651e-03
-2.088264448335347412e-03
3.173365784651702159e-03
8.714215326320745580e-02
9.354981762977303272e-02
-2.047402007332055907e-01
-8.191674813380206421e-04
-6.784298374441152801e-04
1.363695265675493595e-03
4.958778381679742470e-02
4.999496864351542225e-02
-8.882090275544173019e-02
-8.839289516445571204e-02
2.354787088683715779e-02
2.377295037243108700e-02
7.765600267429392800e-02
1.936534443428329810e+00
1.667889348541080202e-02
1.757427893059461746e-02
3.099704454356680405e-02
3.128737266626364921e-02
7.532277219906537147e-02
9.628436678124365766e-01
-1.843003355881688565e-01
-1.751197435508972111e-03
5.678270183252648318e-04
5.581395450523163326e-03
7.320174110288975300e-02
7.393085021560641401e-02
-1.748730363505999752e-01
-2.347539304335156951e-03
-4.553017994950170344e-05
9.021458840076379548e-05
4.161233069902980919e-02
4.161571297278744697e-02
-3.183883684171538719e-02
-3.109614825382324074e-02
-2.388690419153669670e-02
-2.285997808648363230e-02
1.059439366271548166e-01
3.936262116044056958e-01
-7.094598433741191590e-01
-7.094595239186004543e-01
-3.565676227374249465e-03
-3.564967907822760591e-03
8.301625109563559590e-08
6.245853817011679077e+00
-5.940251834576955325e-02
-5.921289503340983890e-02
9.939094584910740382e-03
1.014034610628329613e-02
7.567088243769541644e-02
1.862927437115953655e+00
-4.313446536363561498e-03
-3.160370821645254458e-03
-2.342802369204562488e-03
6.401183040737583319e-02
1.269366009040451826e-01
1.270048101757929593e-01
-3.260868820846141158e-02
-3.001015879528694773e-03
-2.813630636881025038e-03
-2.169176130790483568e-03
1.132527537369393267e-01
1.141874253657228222e-01
-1.553259734920004465e-01
-1.227218193859826167e-03
7.590897737322355177e-05
7.092607946595427815e-04
3.245418460517384557e-02
3.335686025632055712e-02
-3.934728826052273920e-01
-3.931193585998013496e-01
1.720548402055089438e-02
1.729354094772100892e-02
1.022649724894723611e-01
3.818782592858290581e+00
-1.326786993987781882e-01
-1.323806240670729051e-01
-1.759231896057929234e-02
-1.752921213784271182e-02
1.257430570636829392e-01
2.208748741095588386e+00
-3.585618553146332609e-03
-1.820455605367802881e-03
8.815351511328992085e-03
1.075047812900162131e-01
1.078370811372674765e-01
5.306676192562351790e-01
-3.288519045028659351e-03
-2.610038312845427803e-03
7.392057485910196249e-03
1.180768025841899271e-01
1.183044016536133197e-01
2.387590511664933468e-01
-1.843588463535486000e-01
3.700225158360243016e-05
9.291396463478873713e-05
1.561930659269322730e-03
4.788050229380833023e-02
4.885689960258625397e-02
-7.130249653957473344e-01
-7.130246479616579869e-01
-1.730000617264565034e-05
-1.410873472319093221e-07
1.712603931142286934e-05
6.245853817011629339e+00
-7.079214331442482133e-02
-7.069005705782809013e-02
-5.252417563985840865e-02
9.193797164669836874e-03
9.295408051031503471e-03
1.977868681547073848e+00
-2.963161983280115930e-02
-3.971399043558431624e-03
-3.560444566437396402e-03
7.631381234923197143e-02
1.268885378845013845e-01
1.269014050397304083e-01
-4.472415000569426868e-02
-3.056521001491147027e-03
-1.601314480857915501e-03
6.791633677118644186e-03
1.127713364437481214e-01
1.140414723291767185e-01
-1.538047093795379960e-01
-5.231787404026022603e-03
-5.063362825983887261e-03
-1.334070097709000313e-03
2.035506621726167545e-02
2.048694986799478104e-02
-8.557345844971889770e-01
-8.556607816361723184e-01
-3.572780694056787443e-02
6.457788297210009798e-02
6.465162318850649348e-02
6.928751662980024761e+00
-1.090839381515347657e-02
-1.288719074057385894e-03
-7.617698296338293318e-04
1.195661939045753325e-01
1.196185956451327609e-01
2.140052679714690154e-01
-1.261155884620827894e-02
-1.088259331557081544e-03
-8.886110801678889087e-04
5.820301849002762484e-02
1.177857664057252313e-01
1.180317592908467078e-01
-1.898767033931683113e-01
-4.408781997892487897e-03
1.134429351151623570e-03
1.377770281802655379e-03
7.139551374585524635e-02
7.150683978658436968e-02
-1.841900638687828939e-01
-9.667839895297625219e-04
1.112989063911724863e-03
2.564097037067496199e-03
4.767952242407144658e-02
4.817165174392893517e-02
-1.893040234844421410e-01
-1.891296680630455973e-01
9.991179197476968143e-03
1.057031051990385377e-02
1.065276600590694608e-02
1.602347812023870111e+00
-8.281307215321737081e-02
-8.267002575164227041e-02
3.109679638589379902e-03
3.252726065557071111e-03
4.751768972710636307e-02
8.958718473102705859e-01
-4.292799179049730518e-02
2.761853528148831838e-04
4.354829615536952303e-04
1.498935209882274605e-03
2.035306376084036056e-02
2.046065165407319822e-02
-5.884120512992734031e-02
-3.242251657445911761e-03
-4.337604092109481613e-04
-4.120289788614901749e-04
1.270458208354474823e-02
1.345356445156775833e-02
-3.977221907762958780e-02
-1.704916746622139878e-03
-1.363466143820584592e-03
8.370179503617673766e-03
8.558245115586090093e-03
1.082869628820203045e-02
-7.539489765847791070e-01
-7.539489765058250414e-01
-3.788697080173493870e-03
-3.788688326624255545e-03
2.501203951936691733e-02
5.685809112177985014e+00
-1.597114641080458197e-01
-1.597039113246713771e-01
-6.493955109755082666e-02
7.985915836588567199e-03
7.993468581005575349e-03
1.555347552550014445e+00
-2.170546097693014029e-02
1.366866868787557088e-04
8.670495969732398833e-04
1.861328365972470325e-02
1.907369114659430639e-02
1.021881391030926012e-01
-1.624869598963031916e-02
7.505542941625142905e-04
1.105174386591366992e-03
2.085654709799503875e-02
2.092156206968630305e-02
5.591982704552813516e-02
-5.680697358971673050e-02
-1.359500993744213251e-03
-1.118464086030807048e-03
-1.673049123555349349e-04
1.017008547190590209e-02
1.070659142027457870e-02
-4.153372605155601360e-01
-4.151851629074415628e-01
-1.365405500005713590e-01
-5.295644321462954739e-03
-5.146602511127908348e-03
3.558883926561489108e+00
-2.026544162383960845e-01
-2.024840282486267129e-01
-1.045733823314195510e-01
-7.443512357907860685e-03
-7.264261462690647236e-03
1.826098670024049131e+00
-1.147186903417126043e-02
-1.143037623774420010e-02
-3.939892737818987615e-04
-3.431732919205804301e-04
2.224430732789411404e-04
4.075913652540038568e-01
-2.896926088622173850e-02
2.144512212561806158e-03
2.181214959975679574e-03
7.794883129907742396e-03
7.831585875616501463e-03
2.588271684088273572e-01
-6.176810922276374655e-02
-1.379782799835152507e-03
-3.710936853440136018e-05
2.165631053898352254e-04
1.604111961423214036e-02
1.631910552784445606e-02
-7.438075889775769278e-01
-7.416223020950998279e-01
-1.611537088361003622e-02
-1.393008469836576335e-02
1.695205331664340065e-08
5.710821142902545944e+00
-1.638339510545309130e-01
-1.636990060578649986e-01
-2.046472881276192868e-02
8.247037547417944772e-03
8.381982446684775601e-03
1.504013142115728785e+00
-1.735295768144664089e-02
7.886386246860506433e-04
8.672956745660494182e-04
1.810016410325502798e-02
1.821285891149360472e-02
1.070353573114460055e-01
-2.136580134061455763e-02
8.709005237326136739e-04
9.339552656680502607e-04
1.970273410543045209e-02
1.994845198959002350e-02
7.308227448785982461e-02
-2.672744205490018565e-02
-3.440954294454168921e-03
-3.131842926045213735e-03
-1.860118246835950132e-03
6.682865354054200527e-03
6.728236447514692256e-03
-8.896562217656633909e-01
-8.896562217447934184e-01
6.425240113918795001e-03
6.425241584848881936e-03
2.297573351117971896e-01
6.173431479410583123e+00
-5.814237645935098689e-03
-1.127341541827454018e-03
1.562393060477763884e-04
1.390537545829896582e-02
1.410702119696073328e-02
2.215508112767876903e-01
-9.313319380490245672e-03
2.886625349233992721e-04
4.507839805811628825e-04
1.975484222468985862e-02
2.071205490625366991e-02
1.311504821227087447e-01
-4.184116623525797884e-02
-7.435253178207541780e-04
-1.082452765887344237e-04
3.258100448376780034e-05
2.259444208453507963e-02
2.296181702098233635e-02
-6.142532100513202475e-02
-1.444075099078099417e-03
-5.680136822452941381e-05
1.946974269954361569e-04
1.553966127491652680e-02
1.585585241218917182e-02
-4.379027309261628725e-02
1.009370768340493024e-02
1.504023692569793347e-02
3.840692670611510484e-02
4.109071652684495590e-02
1.929640146365898756e+00
-4.907359911456642132e-02
1.709836559012833240e-02
1.758533414690973545e-02
1.258851062757972705e-01
1.332273642996831542e-01
9.325389051128784024e-01
-2.357999503728991364e-01
-3.688231972316935448e-04
-8.189021510032756801e-05
1.128062747279820477e-03
8.908330272580780584e-02
9.114997889530934705e-02
-1.995780162886286457e-01
-2.634458131611734644e-03
-1.625029111499018408e-03
3.599688320662271235e-03
5.251504572816501071e-02
5.304626233274549463e-02
-1.709573326011237793e-01
7.268440983081228546e-04
3.181352617422153473e-03
1.071668522629713044e-02
4.373472087095684607e-02
4.585317497013969429e-02
-5.212852968742689441e-01
-5.212852965626589841e-01
-2.242635428517488188e-03
-2.242629856734248105e-03
4.703236796329444969e-02
6.103703466073889139e+00
-2.342188882711434411e-02
5.370800602186379114e-04
1.694395979295961613e-03
8.259843088736229522e-02
9.009249673213420850e-02
1.749989265659275040e+00
-1.043060322280561503e-01
-1.107515768851152771e-04
1.439024201983461542e-03
1.514635253178239728e-03
1.720016074570692444e-01
1.732363303043774339e-01
-1.739774153976700599e-01
-4.672332057911871006e-03
-4.315554962532164307e-03
1.391235720756639482e-03
1.532351092387624347e-01
1.562358989077636817e-01
-1.782476468905759004e-01
-1.320597233346321175e-03
1.316072744821511487e-04
3.992696204209930655e-04
4.339890000865791880e-02
4.392985867236059994e-02
-2.110129266772984014e-01
-2.108599646731630084e-01
-9.331277327472528582e-02
4.977798018756446341e-03
7.208123860503845570e-03
3.732246921811412932e+00
-1.870207867867630380e-01
1.462556958077593228e-02
1.537895919740250861e-02
1.570554584787289820e-02
1.818995614563834184e-02
1.946399683048072760e+00
5.681848441959354941e-04
8.158609071887341392e-04
1.860360444958024558e-03
1.834574469255791929e-01
1.844320542641701699e-01
3.574011730022420008e-01
-1.211726314205167736e-02
4.588353988625726299e-04
9.143145040349746205e-04
1.092956127300428321e-01
1.806756585363528678e-01
1.811316254244240143e-01
-2.148825064424294273e-01
-4.156420594940285484e-04
1.255880394140901357e-03
1.617391449332400422e-03
6.439410961774710840e-02
6.603837305870244312e-02
-5.220138510353035111e-01
-5.220138507294841412e-01
-2.271129070396954094e-03
-2.271113578405184810e-03
1.519534686808721169e-02
6.135540497145504091e+00
-9.122590079092872395e-02
5.404713456170051611e-03
9.404090609919715793e-03
7.932695055648014693e-02
8.400019090632360186e-02
1.710903587391039427e+00
-1.106810354976609234e-01
1.013493220289984897e-03
1.700426671676052992e-03
6.754052835520107934e-03
1.700317838014271665e-01
1.711139050880813028e-01
-1.665433196154286755e-01
-1.375545104970954391e-03
-1.065410847412850970e-04
2.357161500500803974e-03
1.517458776207679105e-01
1.521169841677072476e-01
-1.698773089484688636e-01
2.137664435649944128e-04
5.130956329969238450e-04
9.787211681278315534e-03
4.166187520679069667e-02
4.194774685383820256e-02
-6.204989354042881322e-01
-6.162325067831578851e-01
-1.415831878449175241e-01
2.103036882158681661e-02
2.121037032473093581e-02
6.454325103552200460e+00
-6.173615695240428081e-03
-2.386017698507818252e-04
1.146602193986878682e-03
6.238558110818250013e-02
1.871626366945203235e-01
1.885488578697335771e-01
-8.837841092061513026e-02
1.181303026925067945e-03
1.605127717934029530e-03
3.149430698151184371e-03
1.675539495727544903e-01
1.712544257406827253e-01
-2.361647209826811533e-01
-3.716043290992371295e-03
-1.668326450950580186e-03
-2.045944537155952592e-04
9.340403341412711891e-02
9.490070570037865971e-02
-2.139587208135914631e-01
3.763241357329083492e-04
7.523959522682116541e-04
1.345355134876186076e-03
6.349954987165952469e-02
6.430662854772066506e-02
-4.495434741840687032e-02
-6.473312566936118007e-04
-4.471976822767870230e-04
6.976334587468902004e-02
6.987266334691755176e-02
1.213277950604368105e-01
-7.158946712403070622e-02
-5.414294567928218394e-04
7.442834868630343603e-05
6.485944802748135063e-02
6.543274495080209086e-02
7.913760146202002133e-02
-6.726994893039046908e-02
3.018810322792074563e-04
5.829358444466928302e-04
6.688415144528794820e-04
2.307951113994250597e-02
2.370844616026917054e-02
-4.912246439282543647e-02
-8.553044397290963247e-04
-1.279295382224186067e-04
2.224520702535284084e-04
1.295762076483731456e-02
1.341736077935272616e-02
-4.303529803950477406e-02
-5.698342478161443070e-05
5.851684726177093510e-05
3.046498137037525339e-04
1.140538212145759261e-02
1.176702333552995423e-02
-1.862325597460052964e-03
-1.450878412441714308e-03
5.227835319445111456e-02
5.268980039136664240e-02
6.003234263194709430e-02
4.644777257921374192e-01
-1.614877502266601553e-02
-6.917792262209170040e-04
-2.939911290742273919e-04
7.159439572709115629e-02
7.171655044020150416e-02
1.067160754641678644e-01
-6.743919579973103873e-02
3.494534019307521389e-04
1.033664529830530254e-03
3.241918396581285056e-03
4.656843868681868198e-02
4.735068863840314474e-02
-7.276392462841538289e-02
3.172876373180796850e-04
3.774719165040921198e-04
2.852453278385118363e-03
3.963853098214455833e-02
4.034153488673021537e-02
-4.291625513253746055e-02
-1.110008085656073382e-03
4.143294366516925970e-05
1.911624101458104456e-04
1.065132456097664902e-02
1.080078338840595627e-02
-8.218254147123217612e-04
1.162733235807408101e-03
8.624800478182400101e-03
5.442634340405686638e-02
5.629300698554397242e-02
3.679025819587889434e-01
-4.932161916272834743e-04
-3.030718244383482371e-04
2.313569671439733716e-02
5.875183561697938650e-02
5.981143597596625533e-02
2.222548387250549151e-01
-3.735562856379610192e-02
-6.077250930167844845e-03
-6.626446593450824318e-04
2.585358833115183885e-04
5.810458010241688342e-02
5.834785486258042136e-02
-5.760934433839148827e-02
-2.000167049095787075e-03
-4.369548041544546457e-04
6.909183664004850400e-04
5.176972774417937240e-02
5.239660672956165943e-02
-5.584655696544398029e-02
-6.877146753282020741e-05
-3.106427461441879645e-05
1.359308640398841639e-04
1.618560195714055863e-02
1.634286867807769120e-02
-1.533272644510041277e-03
-1.458050010939834339e-03
5.234807903854055144e-02
5.242330168446587835e-02
5.729184975211963626e-02
4.654459709356576491e-01
-1.050586872676484429e-02
-6.038868060110474945e-04
-4.869006220623306458e-04
7.139864505405417450e-02
7.140541661413289665e-02
9.543871998798383882e-02
-6.830791333882099692e-02
1.330640973451896469e-04
1.876949850502358796e-03
2.936184155093682357e-03
4.505001756791736367e-02
4.663076093129579075e-02
-7.391164007746144071e-02
6.045449395716828711e-05
1.168809673523202308e-03
1.755149657385032813e-03
3.924647703439487073e-02
4.003853392003462602e-02
-4.213183554676651343e-02
-8.971006970543409648e-04
-4.734677977716074404e-04
3.449970390525906871e-05
1.165755453744578979e-02
1.216552210524143515e-02
-3.359288297218202077e-03
-2.842629807249145296e-03
3.486429449013588033e-02
3.538054387583107474e-02
4.465948146043430267e-02
5.547864209762316534e-01
-5.080521718777375462e-02
-3.900796994382905655e-03
9.282297259047311063e-04
1.647309224239956477e-03
5.171437170855551491e-02
5.175065460528924938e-02
-6.502101532082270319e-02
-2.886925875860741394e-03
7.854527162770108626e-04
1.280428516961229371e-03
4.490388979227371430e-02
4.521978931667090806e-02
-6.698449973024178661e-02
3.584157398603057820e-05
9.822255753161313052e-05
6.172076683418972753e-04
2.408797675786702661e-02
2.429841064251526267e-02
-5.534646532046603312e-02
-6.722490894674193473e-05
2.513147654018693666e-05
1.412779940440124504e-04
1.617099117658329227e-02
1.629174405691219407e-02
-5.061505814753998189e-01
-1.673759938928924829e-01
-3.752387681149599308e-02
2.904545163840532851e-03
1.041068012485668604e-02
4.019354080139492247e-02
7.554094649807167050e-01
1.829724846907223590e+00
3.575508898248076495e+00
-1.671431648225571998e-01
-1.900749152353470306e-03
1.135621648027662633e-04
3.397956674530411281e-04
2.235473191076253752e-03
1.563084370720857486e-02
6.698931609469160886e-02
1.853214622484836149e-01
9.519887303861930272e-01
-1.727934470197448891e-01
-1.401527891789955405e-02
-1.727372202636526775e-04
-2.292233711044723175e-05
5.567568735327394630e-05
1.805335898647636439e-02
3.606339719350262762e-02
1.298741151322020948e-01
9.572283307238154126e-01
-1.743525561954523406e-01
-9.659610804888918434e-03
-3.620182529436577479e-04
-3.421788229880579405e-05
1.048519358292043747e-04
1.294260594572932410e-02
3.085149134713013885e-02
1.269979935041156971e-01
9.460287605071128203e-01
-2.956601818792642167e+00
-2.043925374416679208e+00
-6.045135032321469204e-01
-1.054946271185253082e-01
1.720494223431234815e-02
6.376331575497484749e-02
4.041020343184982266e-01
4.367153263464794932e+00
1.661274851102441374e+01
-3.806845786461678094e-02
-1.561975088663082253e-02
2.080408427903926438e-03
5.940004743819012056e-03
3.032012569484435205e-02
5.187983311145315246e-02
1.408653047322104834e-01
3.587362641383982642e-01
1.000302711743281447e+00
-5.287099494551592005e-02
-2.353806735981893439e-03
5.172335487280042832e-03
1.563331718418615318e-02
2.456222180744539046e-02
4.371453228163479227e-02
1.219597964857293826e-01
2.488638101055490048e-01
9.376595839760040185e-01
-5.195194203479929634e-02
-1.871448803091070590e-03
-2.624728984786800501e-04
3.072949319730677864e-04
5.091306320429284105e-04
7.583397451126558386e-04
3.128383942670370788e-03
9.326013441367519974e-02
9.502134707365601507e-01
-1.229156709878339804e+00
-6.007761351323853694e-01
-2.213788780786485333e-02
1.032357577418485661e-03
1.713379350571186954e-02
1.141738708452302298e-01
5.958760268735556753e-01
2.645295387676180887e+00
9.485952422871472223e+00
-1.981735215666943495e-01
-5.458088164376381779e-02
-3.273202379095133119e-02
6.340653836467147197e-03
5.149518459766921907e-02
1.368991404682902424e-01
7.563324440815049066e-01
9.043060796220075970e-01
1.743389819882803504e+00
-1.851819185328967554e-01
-6.185194849680575313e-02
4.449794007978014054e-03
6.161436702262074183e-03
7.320290412422986170e-02
8.950031056912582939e-02
1.374428720918017821e-01
4.556515126478312139e-01
9.262474597801386711e-01
-7.266870887654235112e-02
-5.555594108145878174e-04
-2.625413384197972100e-04
-6.771094332948257577e-05
3.789974308812873592e-04
4.372564380218827785e-04
1.558108753732120877e-03
7.084761380938625619e-02
9.489440770154172755e-01
-2.663479287068761359e+00
-2.527183826469088235e+00
-4.793239238416453496e-01
-1.345618907001795428e-01
1.650023807129130660e-02
4.418280829582688085e-02
4.100989452698096116e-01
3.992710535973141628e+00
1.665971203385397104e+01
-1.616413135849155691e-01
-6.500652526397684983e-02
-5.974183943106531336e-03
3.079633046377233674e-03
1.595944756264738862e-02
2.086225196643909097e-01
7.229824772201730587e-01
1.526809521169588235e+00
3.255305886641477464e+00
-1.438291418798957055e-01
-5.997737899635717518e-02
8.056339300418796645e-03
3.449472917721041476e-02
9.725563160632419435e-02
2.887098692793609311e-01
6.835170606263580861e-01
8.389814854340691408e-01
1.166873988367178372e+00
-4.817640727298700548e-02
-2.752177083090012744e-02
6.994522142686684929e-04
3.486981700085295399e-03
1.527376426929470676e-02
3.595776736925544725e-02
1.383302565492268710e-01
3.062561114140190943e-01
9.862197880984020504e-01
-2.228161568196507236e+00
-3.358417474000230385e-01
-3.801811957076051129e-02
6.410382437822548241e-04
4.778768806672761826e-02
3.768819627460566757e-01
5.223240940497313467e-01
2.436531760987010298e+00
1.449796570599459322e+01
-2.490411802003215380e-01
-1.095668118404433122e-01
4.882266545071706210e-03
9.262352343232832519e-03
9.376481235369818479e-02
1.386094682971428516e-01
2.597305414796221568e-01
5.667019510319066811e-01
8.783803914040859695e-01
-1.365486995614030030e-01
-4.971325675688938184e-02
3.502298064585990245e-03
5.866193476312397959e-03
5.963114344305281422e-02
1.026237151548113347e-01
1.771752153672912777e-01
3.539139305288930837e-01
9.506895288610107686e-01
-6.226904466128639626e-02
-5.141221415512017140e-02
-3.135929797357092652e-02
-6.840403348188361932e-04
6.548359352519031451e-04
1.542952044575364445e-03
3.520538790922158462e-02
8.289458603139909787e-02
9.985229204193494246e-01
-1.495124889560615900e-01
-1.396333252629979038e-01
-8.262439096876526834e-02
-2.365781554472901060e-02
-1.198588532585070920e-02
8.635482302917274477e-03
1.270242287206582721e-02
6.762511830088741016e-02
2.079230584263345727e-01
6.915828563754404801e-01
8.284770397147478427e-01
3.872653984476690514e+00
-8.085436419930312757e-02
-7.292030446825331635e-04
5.115895525077823747e-04
1.588115160181827190e-03
1.916520574675562028e-03
5.881582873214330487e-03
3.443676713682654322e-02
7.432153283926105913e-02
1.280910932521796552e-01
1.367489127787602232e-01
6.973810560188651309e-01
9.826172204511759434e-01
-5.222392634154116725e-02
-1.041728915119423393e-02
-4.043063922687474554e-03
-1.786759657114701805e-03
-6.060518234140763183e-04
5.273640652228295256e-04
5.641405508942431979e-03
4.915236856336386434e-02
9.052214704056701922e-02
1.378128607816942741e-01
6.907725447886248205e-01
9.745204894215332425e-01
-5.207242689070888664e-02
-1.101483428993402236e-02
-1.042415834443710665e-02
-4.092384064155199508e-03
-7.543293588398516936e-04
7.622893576668399174e-04
5.803865976809083338e-03
4.210757298461403203e-02
8.328331828327040220e-02
1.367333318720646007e-01
6.907497277782399525e-01
9.724696609284071425e-01
-5.128751066427938987e+00
-2.436007260446173994e+00
-1.909714531145870087e+00
-1.635880787336164044e+00
-9.008477074113230287e-03
2.393173098067435944e-02
5.062974861538105387e-01
5.929236819120005109e-01
1.269289800552418690e+00
2.441603001344102353e+00
7.245025948912152458e+00
1.147029835453846935e+01
-3.900419243418966342e-02
-7.942403363011166922e-03
7.228486551632551382e-04
3.235220638891520006e-03
8.958200616711188558e-03
1.355697122171995589e-02
1.054909468550679075e-01
1.227374461350586032e-01
1.363630266304395322e-01
3.163140245399315154e-01
7.367265347830056488e-01
9.904003604518794024e-01
-3.632083411527237821e-02
-7.767312114163184289e-03
7.493185704281965509e-04
2.603918776981156702e-03
1.492175143150578642e-02
2.919116260451593003e-02
9.636027696231999617e-02
1.127067161563222175e-01
1.243257507003260598e-01
2.316574284998789701e-01
7.067142121005707267e-01
9.846210308755865004e-01
-4.798339885046791486e-02
-1.052504514150627568e-03
-6.851023872295192163e-06
1.758599137215641206e-04
6.921824817450877854e-04
1.381064655651943751e-03
1.770056864421172549e-03
6.829528976118361128e-02
1.041235195552953630e-01
1.346657975775807647e-01
6.942180389316743305e-01
9.796403271552140968e-01
-8.261941275695356968e-01
-5.400888618721519929e-01
-1.062874967564473305e-01
-2.577282858604612592e-02
4.553949564535253458e-04
2.820632484520824157e-02
7.216391960584300769e-02
3.141969032819137420e-01
3.831386547407810150e-01
7.705846558605832231e-01
8.505606858415769578e-01
6.606228289008498678e+00
-2.370673293496934064e-01
-7.140733644591382157e-02
-3.158237903394803259e-02
2.532928260990052749e-03
1.233351068255267302e-02
4.853485249838040971e-02
8.959043472120237217e-02
1.254357403366163082e-01
2.603398683832493510e-01
5.537923306946310742e-01
7.797622029964188517e-01
1.191040634053846858e+00
-1.813089847795193721e-01
-4.111476697841132122e-02
-1.141850654873408089e-02
5.750075913935476235e-03
1.419929137782921513e-02
4.428328031199210701e-02
9.223580814934437266e-02
1.243931053751581028e-01
1.848772143550592439e-01
4.016963007929937879e-01
7.627721035014753959e-01
1.017873831693879350e+00
-5.625240358051187411e-02
-1.451143521373411682e-03
-5.752413482909973785e-04
-3.543296377747709447e-04
3.241286932256781661e-07
1.692174076329891474e-04
8.829121350147697833e-04
5.109141275209699851e-02
9.109812468851491429e-02
1.321157121763654463e-01
6.909812073029997226e-01
9.750952814709621386e-01
-5.066273095646170788e+00
-2.129436368516578693e+00
-1.609690098244123568e+00
-1.235051928757338935e+00
-4.462780919538822388e-02
2.948787697722465850e-02
2.915112080516397697e-01
3.108502314509058451e-01
7.913974247625210623e-01
1.794498311985496919e+00
7.181088890800471525e+00
1.155284327496270080e+01
-1.410587328145269936e-01
-1.375357947877996201e-01
-8.713068756147032690e-02
-3.642345955598502716e-02
-1.246860445714198518e-02
-7.087468901735671789e-03
9.728118295824289552e-03
5.398123608394300721e-02
1.582263910768355875e-01
6.629472795358694048e-01
8.401506809969361278e-01
3.889731374635601036e+00
-1.574848206793182381e-01
-3.234547764445633300e-02
-1.504119678430615448e-02
5.552537447701372253e-03
1.782389402890893759e-02
4.110567941697673700e-02
9.068927407851623546e-02
1.567002201878241463e-01
2.004158969548037184e-01
5.721871232212418779e-01
8.586020127562898896e-01
9.946372951501549764e-01
-1.769521800110866391e-02
-2.143952794868671935e-03
3.668866615614205240e-04
2.667269476119140531e-03
4.040614605024021866e-03
8.732270922351067360e-03
1.076059033886796884e-01
1.275981180017889960e-01
1.429829011972310604e-01
2.372082192825952784e-01
7.305020353939516431e-01
9.925604147783446685e-01
-1.908892269076453596e+00
-1.814863986414506858e+00
-3.336282523580280657e-01
-2.199644804475748838e-01
1.941505713649549492e-02
4.995440151868035805e-02
9.376042014693886095e-02
1.125945539474628720e-01
5.148686958012900217e-01
6.510478844563956091e-01
1.764451822482576260e+00
1.029605097814506820e+01
-8.683811071794884928e-02
-2.198971726578725916e-02
-5.071404638009563426e-03
3.863643116744377992e-03
1.629532853511982127e-02
1.907157394651073923e-02
1.106737092245461546e-01
1.269812077770161585e-01
1.631170285101409823e-01
5.051814056179837475e-01
7.791740793445510738e-01
9.753036591647972209e-01
-1.038443899620484778e-01
-2.641084866722655244e-02
-8.961318126388007066e-03
5.184354782790293048e-03
1.272728766033304204e-02
3.602435513824400748e-02
1.023888371920092244e-01
1.180761939143390726e-01
1.860120274649170735e-01
3.368927495223872359e-01
7.308041235772033684e-01
1.040644626977438092e+00
-3.399779398557417620e-02
-2.898913868418454692e-02
-4.303402866493444279e-03
8.424129122890228194e-04
5.448199370035509970e-03
7.069309888558375499e-03
2.534351466477808429e-02
8.233703365044656164e-02
1.260701868773828060e-01
1.532360831775893828e-01
6.747822818637612130e-01
9.635082060240699464e-01
