-6.139188362386579501e-01
-5.366473571247836194e-01
-7.302810252862856899e-02
9.602959745964442240e-01
1.562002394359952806e+00
6.138332093002310863e+00
-1.041566007493201738e-02
2.627644060872404499e-03
3.951945803525560436e-03
1.182581231491719627e-02
4.728965282073425286e-02
4.978907272421539271e-02
-1.316183760215394738e+00
-9.585626641217535049e-01
-1.077986567246196348e-01
3.397233685208433940e-02
5.705080543246432434e-02
1.048304271895785078e+01
-2.571047367148221463e-01
-5.874894092120871991e-03
-5.294609282116932714e-03
-4.450458073738727816e-03
8.800834102032699391e-02
8.850727394530553960e-02
-6.231201578742450176e-01
-6.212975246567021825e-01
-1.818094101841860599e-02
8.356579127700713983e-04
3.311736091887899081e-01
4.808088939190488631e+00
-2.746727130948439788e-02
1.966697788912639966e-04
2.223967320806423398e-03
3.194051684315414585e-02
3.972312029625117008e-02
1.229248742125384153e+00
-1.911301871501543126e-01
-3.947969079337587672e-04
8.403909210391372064e-04
1.597254067764501684e-03
5.580525967576856206e-02
5.589709771184939169e-02
-1.683044021077055308e-01
-6.428259568507720904e-04
2.974123914705311669e-04
4.808067721752986006e-04
3.771821874536873676e-02
3.902939293887474487e-02
-9.683072515831201432e-01
-7.730331987827897544e-01
2.459942948155788844e-01
1.415833792692984927e+00
1.825317540563729635e+00
7.748058373900597928e+00
-1.794920518532296116e-02
1.287323459632373768e-03
1.631205146404118150e-03
1.874605586515587854e-02
1.988521524175701147e-02
2.356869025023732023e-01
-1.504846926186626660e-02
2.477817694258518944e-04
1.083275912581487671e-03
2.280014046992904359e-02
2.876002995400016651e-02
2.975615717659609721e-02
-6.205170556365002810e-02
-9.172200418185970372e-04
-8.881441823115933387e-04
2.547654005494656704e-04
1.612476905333960417e-02
1.633248545989104961e-02
-9.018564492350139572e-02
-8.118307058121804198e-03
-6.069214475622003446e-03
1.229047721045589681e-01
1.275014471226443014e-01
1.383921656511876153e+00
-1.876364605256733986e-01
2.768646003326047378e-04
1.847629604865952402e-03
4.024382187604591543e-03
1.513191239893303119e-01
1.547479788707072090e-01
-2.348818517228424552e-01
-3.563898940046744679e-03
-9.983415166191084156e-04
5.775112691143585719e-04
9.522932558924485091e-02
9.610087368764877458e-02
-1.831942303860101817e-01
-5.428471560124381590e-04
6.113282207263481816e-04
2.336263096739885081e-03
4.377963675583635555e-02
4.525448124605286476e-02
-7.100403846066910551e-02
-7.684319213073220745e-04
-1.686806062811060936e-04
3.224649232241048880e-03
3.936347010241623284e-02
4.003406791826693428e-02
-7.135290488641546358e-02
-5.824095954352175031e-04
-3.670385479450054278e-04
-1.427118533194535188e-04
2.818757818691680628e-02
2.846925507903200203e-02
-6.069385350603433149e-02
-1.148428101202334656e-03
-6.765747865781629455e-04
-1.948076740726882583e-04
2.027130058336392218e-02
2.067149539935715999e-02
-5.533803175150819875e-02
-6.841958164294677236e-04
-4.632763039141910011e-04
2.811886333944704774e-04
1.656876320585858389e-02
1.696092210193238248e-02
-4.886076973549381003e-02
3.772179685345225519e-04
6.639109262911602888e-04
1.689847257496905272e-03
1.113395369138528435e-02
1.146059746395259975e-02
-3.966807525471788054e+00
-2.303069203283140354e+00
-5.105920484600781073e-01
3.740343162338177763e-03
6.494069326134876974e-02
1.508208050834850766e+00
1.561746816480447997e+00
3.604393363200567357e+00
1.708649645283713170e+01
-1.599128780766961633e+00
-3.807255985518325225e-01
-6.644631335309059139e-02
-1.170940513383245118e-02
2.764791209281207696e-01
2.799994142240749273e-01
5.222147968978103627e-01
2.774914099343247287e+00
7.796183245335768675e+00
-1.014581955073625003e-01
-6.550330588108196905e-02
7.407163235231065124e-03
1.395942585282371196e-02
8.704584641241758236e-02
1.886678709732124426e-01
7.284836591901950875e-01
8.502269749472646243e-01
1.329931660423129047e+00
-1.119793100393422225e-02
2.383266394813532765e-03
4.149682945381118898e-03
7.040817295511725762e-03
8.078189501231786487e-03
3.256069226815098971e-02
9.835388992959917531e-02
1.652872386336976807e-01
9.388260807215478287e-01
-7.128101357029596741e-02
-2.091992341331325167e-03
-7.657028401377302673e-04
-1.422719534950461773e-04
2.116679339064092558e-04
4.227798116945152840e-04
6.055048672634760765e-04
7.033935636575724959e-02
9.466619128326373422e-01
-7.275760696128998062e-02
-1.836586678985355214e-03
-8.576190400596261920e-04
-7.489124216468190376e-04
1.569869097475390385e-04
5.952365557172073496e-04
2.967923691633525540e-03
6.095568651438360019e-02
9.451218956008338168e-01
-7.577476116847721155e-01
-3.574608700536227590e-01
-2.882407106989092194e-01
-2.478053158349458052e-01
-1.337558700064833683e-02
5.738622782931890320e-02
7.155157829970082428e-02
7.736751717561751729e-02
5.830520104332019837e-01
7.045561379229570154e-01
8.947380878699526807e-01
7.706417901427139228e+00
-1.154040045853819696e-01
-5.387356556556163745e-02
-4.017447748618938053e-02
3.198175497813968149e-03
9.510450259142044782e-03
4.441662400200392657e-02
5.011577021413073096e-02
9.571772467026055942e-02
1.671113467052408597e-01
6.331246712739931892e-01
8.863705349364551234e-01
1.931073388872760033e+00
-4.251513005260369044e-02
-6.740520827668954051e-03
-2.716075615482919925e-03
1.413984974958246155e-03
5.588660114109536559e-03
1.387248892395646221e-02
1.141266007555088446e-01
1.272315300328181464e-01
1.605948677590405826e-01
4.486264114897792754e-01
7.699744458068996655e-01
9.727627288610166678e-01
-1.710511065777836973e-02
-9.435292915056802537e-03
4.925180023042236011e-04
5.253773458421012732e-03
1.087863145409069879e-02
2.489961524276040547e-02
8.253593348666449225e-02
1.200970868887455550e-01
1.393704836450050388e-01
1.528570395992282505e-01
7.110826349122133516e-01
9.925982967197355400e-01
-2.107290069231135959e-02
-9.288119564641482070e-03
-2.950021576997616940e-03
-1.256906889537091898e-03
-2.891257112233695803e-04
3.011088414877984704e-03
5.110702748276962915e-03
7.952258220273066003e-02
1.149904229917130122e-01
1.379830616448425862e-01
6.945668465305193662e-01
9.741748922072490657e-01
1.413648305480083231e-02
1.730853633582567913e-02
3.781388393409471083e-02
2.066236531612106742e-01
2.096330028909913212e-01
5.594177078517413859e-01
-1.440396772628033673e-01
-1.559214993107654879e-03
1.064038641077902358e-04
1.264022270917217194e-02
2.057703081473519213e-01
2.100873939601113904e-01
-2.652265635756659856e-01
-4.192892480695889490e-03
-3.689770877989481668e-03
1.673431055248253418e-04
8.763871307342599448e-02
8.891080799306728955e-02
-1.552391286976808893e-01
-2.108725125447158399e-03
-1.429468970144204265e-03
2.726267254161605924e-03
3.496884140230493987e-02
3.852642678313939612e-02
-7.769427577384289130e-01
-7.339906354368763708e-01
-6.226302850189775473e-01
4.751624046459668183e-02
1.002840612113169438e-01
7.571069132898368359e+00
-2.576533671094737021e-02
6.731933953593293579e-03
7.523331453158910859e-03
3.028719197061967641e-02
3.358720835806366933e-02
9.135116181841796967e-01
-1.116225241701987274e-02
-6.123892771306333610e-03
1.114456505957180966e-02
9.838253422666956571e-02
1.039954305538565438e-01
5.144368799592283770e-01
-6.539483272268882541e-02
-2.454148047792689691e-03
7.233194589943703345e-05
3.316146799000468937e-04
1.116356641483851747e-01
1.131372891922977353e-01
-1.760728425951354759e-01
-1.371479212561469612e-03
1.263763319296412873e-03
1.567948085864460939e-03
5.028409217549317106e-02
5.080896187270862729e-02
-1.628981273111297090e-01
-1.546615139645206955e-03
7.305273633568883269e-04
1.149320063250164337e-03
4.120563421832518919e-02
4.142144159167533701e-02
-1.542529851289293485e-01
-4.107750186688879923e-05
6.284885697125791593e-04
1.063263124399794340e-03
3.201593031029069392e-02
3.205305062339286470e-02
-4.910153133511045986e-01
-4.804794291024446218e-01
-1.918098624076185477e-01
4.081055201407224331e-02
4.864153633550960532e-02
4.074823667802587757e+00
-4.419109103010038231e-01
-3.223675824441061266e-01
-3.164483108287493573e-01
2.505656143055245977e-02
2.995333548193312989e-02
3.050190099264201038e+00
-2.686849185340393631e-01
-8.466098057972962221e-02
-7.890076199385717692e-02
-1.798512104320937333e-02
-1.264637451916572619e-02
1.429792878950829627e+00
-5.145976190028703733e-03
1.533647115834312590e-03
4.106987310470763125e-03
1.553907989835759916e-02
2.071864952915866004e-02
2.076415764092070515e-01
-6.155263411747891739e-02
-3.578954518809983332e-04
6.153724461348611396e-06
3.378110690428742097e-04
1.241193233371885862e-02
1.249141145147032034e-02
-1.922788045874424534e-01
8.796493005328864800e-04
3.053062659813365887e-03
5.419022324801459067e-03
1.486497801075671310e-01
1.523251499115620411e-01
-2.448127315116790936e-01
-7.268668780114062589e-04
-2.039186549086802192e-04
3.506716579835075787e-03
1.071983549763894650e-01
1.081773220897078308e-01
-2.228127406984815040e-01
4.660641263025261383e-04
3.792195600216319296e-03
4.747391472747206076e-03
7.188606883178176588e-02
7.191275476243383369e-02
-2.053819598270877345e-01
-2.257480908294736701e-04
3.172872491389215968e-03
3.962238711257148535e-03
6.129547246156416551e-02
6.258858596603979196e-02
-1.933975908939733479e-01
-4.386740311742437504e-05
8.901282850441033512e-05
1.747430582823242262e-03
5.169947983947681402e-02
5.285217252028628909e-02
-1.877216654866306622e-01
-3.377357444862068726e-03
2.048764711655345992e-03
3.602126833144970314e-03
5.011882720851741635e-02
5.161872236634151151e-02
-6.535867781787910169e-02
-5.018944756906770777e-04
-3.238560754110220152e-04
2.166643957039492141e-03
4.501293162816750321e-02
4.540181684810715851e-02
-7.105910984090568761e-02
-9.983077829764930300e-04
-9.385602450389454732e-04
2.894793126142845840e-03
3.955268251934647428e-02
3.973676825926521911e-02
-7.090836635500455398e-02
1.617401660819126064e-05
4.194947254265515846e-04
5.641695756241349446e-04
2.806980877912823580e-02
2.867483544288438810e-02
-6.076022930777867648e-02
-4.266678667248710588e-04
-2.618429848580509922e-04
-1.378575582285102019e-04
1.972904528200318877e-02
1.978141671558699549e-02
-4.318191652672390135e-02
-6.125603716602145976e-04
-8.578920156632023619e-05
1.848718163568203315e-04
1.096287748834417347e-02
1.123354684008282152e-02
-2.916547322485785743e-01
-4.796965910529749078e-03
-1.592195151526699850e-03
-1.473596962702819566e-03
1.385933015477375241e-02
2.466027348808014219e-02
5.770698798794332562e-02
1.135622952413003484e-01
1.230606680534239272e+00
-3.349191180080812735e-02
-1.536491617489997574e-02
-1.714482124930541418e-03
2.100695450445909385e-03
1.244659369698688373e-02
2.402961992295446492e-02
4.925985803142033520e-02
1.010209051786455925e-01
9.478742231008522312e-01
-3.509489805101934784e-02
-1.504560678834434423e-02
-1.881873055875657452e-03
2.006048868037499378e-03
6.849390981144308499e-03
1.004978420878922807e-02
1.669012114072271347e-02
8.696160424457904936e-02
9.372262866601330789e-01
-2.201591643199846404e-01
-1.044058894813409827e-01
-3.883520186425312715e-02
-2.953707782913750357e-02
-1.808709838395183844e-02
1.007118238370294239e-02
6.815192805262204612e-02
1.023258642558424469e-01
2.801916328809412882e-01
6.257720051176288711e-01
8.305882506242856511e-01
3.363145247905817925e+00
-5.390057169093925155e-02
-1.650753773905985766e-03
-5.694603352778132566e-04
-1.214266280185408164e-04
6.435041189547172080e-04
1.063949046770019946e-03
1.381500887993818150e-03
5.931438430465271749e-02
9.761006757382159615e-02
1.334909039769359151e-01
6.925856889802460836e-01
9.752792715091022080e-01
-1.129043566631749221e-02
-9.131632033414233823e-04
2.415039453846188830e-03
3.733285698412303066e-03
5.096833619882780442e-02
5.459114500990536190e-02
-6.537017847920609803e-01
-5.939215348240955983e-01
-5.230495742643317958e-02
-3.411989048367737587e-02
1.374512808974690969e+00
5.684603518032572467e+00
-5.926826043613737244e-02
-5.678794074103420825e-02
9.432924840684225876e-04
1.352267722198569055e-02
7.340500777220525519e-01
2.289423199318743496e+00
4.317421681947095080e-02
4.460957078141862542e-02
1.112268680717202057e-01
1.301249002154831746e-01
3.297263031043236037e-01
1.012534140271418082e+00
-1.094607920010784163e-01
2.413558341735788648e-03
3.185712538567586627e-03
1.129093274360373766e-02
2.105843926946002476e-01
2.115136039425696834e-01
-2.649840123387675050e-01
-4.974972610197456180e-03
-4.577392442048883181e-03
-3.811859559189278990e-03
9.138686359940510762e-02
9.194099716679815515e-02
-2.039146478302681642e-01
-7.726377788630639509e-04
1.871527855935861684e-04
2.246119984540835557e-03
6.099302741106378545e-02
6.260318551759978811e-02
-1.798627152603507473e-01
-1.598597878987473297e-03
-1.105871347881315359e-03
2.163073420632238841e-05
4.940223896361301686e-02
5.227325899173398960e-02
-1.531102493895003525e-01
-1.812750810573963978e-03
-1.306232287090362820e-03
5.595678629168390761e-04
3.500330807270635863e-02
3.653722049887524193e-02
-1.049340203184733200e-01
-1.708185033661289987e-02
-1.626680663310869912e-02
4.405659463808717091e-02
4.885776866271382413e-02
1.232683100725063374e+00
-1.389339696976401584e-01
-1.191288386991526393e-02
2.611181313972768536e-03
6.720983472811872805e-03
8.170761240136260872e-02
8.392396476707469910e-02
-1.662237357094689116e-01
-3.134753752438428943e-03
1.222229769163123408e-03
2.641910475218377588e-03
7.515330223335506266e-02
7.632269130917052058e-02
-1.908848865434439324e-01
-1.153443896848439570e-03
9.184598740118745351e-04
1.072095946306436112e-03
5.441722455705511052e-02
5.503603572558562335e-02
-5.557710392050513315e-01
-5.225930314264876086e-01
-2.448362649435305016e-01
2.345986018473888990e-02
3.913058527367685446e-02
4.580115555386984560e+00
-4.085612090812008046e-01
-3.406132576135542100e-01
-3.247772464720065644e-01
-9.173249301297259350e-03
1.531773604226827068e-02
3.728394247817116813e+00
-2.568313241324738372e-01
-8.986354596081616575e-02
-7.792931047617424056e-02
-6.125856375586016811e-02
-4.928638399437779150e-02
1.941748925057036113e+00
-3.869959470996133660e-02
-2.086879723535096584e-02
3.581381814212629411e-03
7.480962156790511852e-03
1.793317579326162564e-02
9.728018318338825798e-01
-6.686818446688863604e-02
-1.173566766027654001e-02
-3.834893169120182077e-03
3.990742559380584809e-02
4.057384940174565968e-02
3.817673560548984768e-01
-8.809921580066635421e-03
1.287086631824432836e-03
2.399639700384328944e-03
2.854710257614093485e-02
2.876117476581549481e-02
2.895989126973445502e-02
-2.134555783265665863e-01
-2.021752572431798067e-03
-7.942039344661366851e-04
6.828589915850030723e-04
6.644945755401535092e-02
6.787181798036370783e-02
-3.597293978288247391e-03
-1.940731361599235157e-04
7.819386852877460714e-03
6.711444064048333047e-02
7.306201656137416289e-02
3.042021482007129518e-01
-2.037764985162616310e-02
-5.024744270554493131e-04
-4.332023248850014330e-06
5.859449473947578313e-04
5.960044913519094156e-02
5.975124502251142472e-02
-6.390010524832689942e-02
1.651559699131360803e-04
4.937380213576939014e-04
5.694920971058906045e-04
4.409033642400845415e-02
4.480767530560850198e-02
-5.161117800713129616e-02
-1.811107106343078782e-02
1.315258722537487879e-05
4.322043497339139728e-04
3.812915998557267483e-02
3.918971081319686661e-02
-5.544843234743585675e-02
-2.632763957671271915e-04
-1.004152880571922146e-04
6.570502911975792393e-05
1.685560543838394293e-02
1.686836313309006755e-02
-4.414387861694524934e-02
-1.645951099965957051e-03
4.321823076666227864e-04
8.485291716358416003e-04
1.132825579289504364e-02
1.175984230404706656e-02
-2.442196643686530416e-02
-1.662420876749951676e-03
3.078735945178861372e-03
6.282755040474010538e-03
2.052131050241884358e-02
4.766819223401484729e-02
1.409271661987678836e-01
2.952817085919924311e-01
9.491752626206000354e-01
-3.049726141470050778e-02
-1.902995243464884051e-02
-5.463933945918243718e-03
5.637355658523399149e-04
3.305214642907516182e-03
4.050827506535018691e-03
7.645928841543390281e-03
1.040133099599064304e-01
9.754292685800224350e-01
-1.383514918854500397e-01
-5.092746875861817180e-02
-4.313642023118903490e-02
-2.613759617499591958e-02
-1.122727414824470360e-03
6.717566790014978251e-03
4.552745475596359226e-02
1.015844674703379469e-01
2.291261781634885975e-01
6.322603277225368190e-01
8.350955615984173575e-01
3.485648315365484695e+00
-6.833688028161648449e-03
1.308039439213984183e-03
2.838737839908444908e-03
4.176659926484418799e-03
7.576259839211506829e-03
1.177027042911463900e-02
2.192254675011209158e-02
9.445872772705680986e-02
1.339675461996542583e-01
1.471071077877848798e-01
7.007594834382991911e-01
9.693388408928240718e-01
-6.162313585752486611e-02
-1.385998723203846206e-02
-4.827532090593902869e-03
7.174503549199490182e-04
8.366960838121766109e-03
1.429824855816030221e-02
2.378546461005700413e-02
4.446351818319426580e-02
8.792020439590811365e-02
1.385008018198050916e-01
6.996175771599352222e-01
9.745529253182269036e-01
-5.923755274932549636e-02
-3.104811974071046421e-02
-4.720792012942037763e-03
1.058485375841911047e-05
8.951582818487471838e-03
2.271049653551748815e-02
2.821319771594893444e-02
5.692708673011270815e-02
9.873437932222711710e-02
1.420832209182860406e-01
7.348499091462722399e-01
9.925425966678721457e-01
-6.138880957045285136e-01
-3.773440649540795166e-01
-6.136623022317877485e-03
2.064722182440547060e-01
9.501807071500881774e-01
5.783970859277096643e+00
-7.121497179154265278e-02
-5.536292338775321981e-02
-4.371331419280213848e-02
-3.046651332489044850e-02
-1.026016710568612017e-02
1.259436984005005478e+00
-3.886042681112675257e-02
-1.242119559914132629e-02
-8.195879224793090057e-03
-7.966868135219427882e-03
-3.847241851715754724e-03
7.964332681806653991e-01
1.056373382897573664e-03
2.451970047144554250e-03
3.907401266490953540e-02
4.286919899011371049e-02
4.644640019342875792e-02
2.676833127045066263e-01
-2.664663359038873126e-03
-1.729063649309497529e-03
-1.578987924407836314e-03
5.802701342701935966e-02
5.822304431458791979e-02
1.180137455324821311e-01
-2.588193183908984313e-02
-2.315498692092330529e-03
-3.718724725831137889e-04
5.634631259092821864e-02
5.843629806866999787e-02
9.184436523250034956e-02
-2.036389489275179099e-01
-4.488131558766650375e-04
2.070858021208099586e-04
1.060497184689757066e-02
1.797910213067842600e-01
1.813563347279245064e-01
-2.428888393212492725e-01
-1.703715893483892518e-03
-7.772703533995284353e-05
2.098252666572306135e-02
1.499560865299530421e-01
1.504753169950629466e-01
-2.163662933643370201e-01
-1.226261130140733208e-01
-1.040217791265898861e-01
-1.370364307317134545e-02
8.288712551652338556e-03
2.231758215263517808e+00
-6.061995669384643431e-02
-2.313323599080360782e-03
3.884667664595942149e-04
6.596995216778647753e-02
6.614647672244300391e-02
6.470547357105707054e-01
-1.598573821260103056e-01
6.929438206536575606e-04
6.185323337923306908e-03
7.065641756345178437e-03
7.291056981831717243e-02
7.363120594677066699e-02
-1.706556251767446519e-01
-5.436787340351578734e-05
2.657296672518218161e-03
3.843755024573125567e-03
6.248239667605176573e-02
6.338853013233800016e-02
-1.829907983186130627e-01
-1.823992226282045159e-03
-3.063646263626318422e-04
4.056842586784223381e-04
4.483253202872995724e-02
4.646669603068278448e-02
-1.371833898405735476e-02
-5.399265520198892956e-03
-2.364829306592458602e-03
-8.156539987658473212e-04
1.397150674889501704e-03
4.340005450043896706e-01
-1.060603494492307411e-02
-2.535603461139134679e-03
1.497772235941611380e-03
4.738911274537294105e-03
2.890361165161078535e-02
3.080822009063940298e-02
-6.001485430815270417e-02
-2.324630857569037756e-04
1.022483955233320640e-04
3.171119672271856260e-04
1.583692763332106290e-02
1.639633258183843811e-02
-5.985613963087418887e-02
-4.881922613835711772e-04
-3.921094616906803387e-06
4.516033834974821082e-05
1.275099043070813780e-02
1.306304574348376123e-02
-6.248875877804427326e-01
-5.995454484884544799e-01
-1.493382042850965874e-02
3.975656029295726590e-03
2.709401777508709808e-01
6.615927055050361716e+00
-7.364594809291127864e-02
-6.872143960415900976e-02
-6.441333249514610837e-03
1.676749822236778265e-02
5.180365901482533730e-02
3.305321735698731445e+00
-1.727027972812825163e-01
-1.304272071074191741e-02
3.087937100735571594e-04
1.759185505568860997e-03
1.506914410025602669e-01
1.521608135124889738e-01
-3.014911412337390600e-02
4.094828702742178694e-03
4.609787395932103682e-03
6.552518631413505046e-03
5.113404508087843192e-02
5.469871599357420400e-02
-4.998905253436417701e-02
-6.971806945611086492e-04
-5.775801352915707620e-04
4.937582795125780577e-03
4.961180656564814773e-02
5.027990325344282307e-02
-7.415844320391659639e-02
8.152109401816931555e-05
1.578388603243052746e-04
5.632661026897939349e-04
3.323963547134398122e-02
3.351182926954025115e-02
-5.040662498661961644e-02
8.482203692110317633e-04
1.370794314027227664e-03
4.823464717644138956e-03
1.133379833068928408e-02
1.182690012654791581e-02
-2.450904551977718171e+00
-4.712091906727395862e-01
-1.431010751095169731e-01
-2.623217518007159299e-02
1.392020980387442819e-02
2.707784945635340890e-01
5.867072527362351408e-01
3.741613911809207327e+00
7.677804073511978800e+00
-1.507071348735622152e-01
-4.560001023370396922e-04
1.936163829623249732e-03
6.229595845195667891e-03
9.786312116158851770e-03
1.209958821088447101e-02
3.226288073353633656e-02
1.123804265059345220e-01
1.109972390895565209e+00
-4.847946300261117558e-02
-3.780478369516525328e-03
-2.326073248868396059e-03
5.314216853175707245e-04
7.610508572110721848e-04
2.058793991034896242e-03
4.395304805258334890e-03
9.314365182485273564e-02
9.517130061853197320e-01
-7.422271172340673406e-02
-3.877588757433133443e-02
-1.989796417719097432e-03
5.093210256008895431e-04
1.915438322123944048e-03
5.306589596030683587e-03
6.450672381190916682e-03
6.032861836838605829e-02
9.732562151757926383e-01
-1.326226310094498118e+01
-6.250577352539602671e+00
-2.216665874215815180e+00
-5.066502395873691000e-01
1.612624018278552285e-03
1.163607618896822515e-01
2.759679747787071591e-01
2.157194857254799203e+00
2.690025788501802850e+00
7.168848147537200788e+00
1.381795331365439594e+01
2.314987390839193182e+01
-9.059912769921489861e-01
-6.969807740340294711e-01
-2.671828485380364215e-01
-2.056636986051890714e-01
-7.199331626592253564e-03
3.796668183200591074e-02
6.906150481064821101e-02
8.788107957645141521e-02
5.551130627186163791e-01
7.692595270884842185e-01
1.117711205087657422e+00
7.373584583126286951e+00
-5.769561956974228467e-02
-3.996983635152992487e-02
-1.950045130720685221e-02
1.271228248569077762e-02
1.672284992424719757e-02
4.825913953246564053e-02
5.406194969501474518e-02
1.000983752939409721e-01
1.628885619424823572e-01
6.320048185987179323e-01
8.683756845196667351e-01
1.975679585540254024e+00
-5.617409553333011646e-02
-1.088988285075899454e-03
-8.215140882320143279e-04
-2.145872071364768319e-04
2.049085541096437590e-04
1.102554965732728542e-03
3.192575951236231724e-03
5.049064424919956495e-02
8.976072340132627836e-02
1.320098012271945787e-01
6.910478635525941771e-01
9.740675500502097295e-01
-7.183213357932469179e-02
-7.071950310315476551e-02
-1.981116375185244111e-02
-1.634235613541435567e-02
-1.436221693838159869e-02
1.177618014461459639e+00
-9.336333310359564916e-03
3.788981738703595115e-03
7.108272680805494126e-03
1.204998889197225059e-02
1.540408381736874111e-02
2.927447384765085037e-01
-1.705074597736680464e-02
1.798553085792520267e-05
7.369982207956926601e-03
2.668692330350827882e-02
3.738320838714109806e-02
1.850617584535684812e-01
-3.058671200378449556e-02
-4.551317994836684422e-03
4.838184760788726002e-03
5.022993266442466603e-02
5.197950540346136378e-02
9.455082434661263302e-02
-2.021192292473363017e-02
2.458847034105919593e-04
2.856949836495984579e-03
1.267325777951254784e-01
1.298251832036285136e-01
1.585688594085737702e+00
-9.063819003866043639e-03
-7.463415444401998861e-03
6.782125097666327762e-02
1.943111886596338989e-01
1.996775758791076161e-01
2.720707655498640909e-01
-7.879689228656503938e-03
-7.831061166465183923e-03
5.085635642417982161e-02
5.520391426221524234e-02
1.916790741162253675e-01
1.941172587793350002e-01
-3.168311429261888579e-01
-2.966247713635850047e-03
-2.183645206965595387e-03
1.108886004848198825e-02
1.307854948821937646e-01
1.321827903051162045e-01
-2.635154309495140179e-01
-4.494232985474383435e-03
-3.456668560717399141e-03
-2.672574984325257197e-03
8.720938889406144867e-02
8.934340896513649766e-02
-2.012654398844370418e-01
-1.404289667896393978e-03
-7.631656529237459963e-04
1.532879438050298304e-03
5.837803607613647333e-02
5.871306650057052379e-02
-1.631656599574796418e-01
-1.958162258005255452e-03
-1.669625792717906176e-03
2.560186061298506954e-03
3.676728606518411824e-02
3.794992976255336103e-02
-5.831950309503512730e-02
-3.794703480449287958e-03
-3.381687546181566528e-03
6.003678345949323147e-03
1.087704612438693125e-01
1.093614452728477598e-01
-1.740823263349848271e-01
-5.993033237809392011e-03
-1.956800418776855066e-04
1.791415466786641653e-03
8.209032027626955719e-02
8.218187347428231038e-02
-1.487423377423354454e-01
7.315377055850530441e-05
5.363420571535826298e-04
1.113923157338030795e-03
3.019617857636880398e-02
3.027244361208281109e-02
-6.436778017425257188e-03
-1.776196185679715378e-04
1.454834102278953871e-03
2.462886206082984600e-02
2.464479267858355957e-02
8.973976614996770351e-02
-5.675864983483722148e-02
-8.352978850395854915e-04
-5.592480087585859072e-04
-3.762276237559980530e-04
1.912704655468536186e-02
1.964678246770593106e-02
-6.296350206415589346e-02
9.399372759860188248e-04
3.110859284510224948e-03
5.110407985422948073e-03
6.313991124910625814e-03
9.848248232992995108e-03
-7.715221561373253323e-02
-5.857765345834439752e-02
-4.540941689379920931e-03
-8.565281314563688575e-04
1.563704054661962939e-02
3.172181551649300157e+00
-4.547616027323452687e-02
-2.122612617042315963e-03
-1.241408226600550224e-03
1.848230940496577157e-01
1.849946733568540169e-01
5.590792606975323320e-01
-1.128393907827109355e-01
1.161453494285646926e-03
2.516775176400365410e-03
1.769755908907192365e-01
1.783308407802184081e-01
3.315045556255861725e-01
-2.420337828283373183e-01
-2.279572578121807913e-03
-1.512961801390308447e-03
3.274585063690549358e-03
1.076624900736031926e-01
1.091114138235553949e-01
-2.101979250251441445e-01
-2.124312056094646017e-03
-1.566884360721748637e-03
1.060285184422443683e-03
6.569931423086797229e-02
6.594057815516980725e-02
7.086329907605638963e-05
1.517053274253148988e-02
2.783186356500013878e-02
3.686369222853564526e-02
5.249043216413015051e-02
7.375715269767271209e-01
-3.185621284679406029e-02
1.001460462508596549e-03
5.461421331395543977e-03
7.272678482260927502e-02
7.875830931820773650e-02
1.103149747349056881e-01
-7.148330330360333495e-02
-5.901167752399016919e-04
-5.532747971705442858e-04
8.404344764657498135e-04
2.898592292817974564e-02
2.925788198253523667e-02
-4.950121187700733810e-02
-3.595126212826912915e-04
8.368119193197937067e-05
2.281491102971988649e-04
1.383158042812987487e-02
1.409799479326424333e-02
-3.526499845327950133e+00
-1.989069204576370486e+00
-9.910301855586114428e-01
-9.357351218399756476e-03
3.314250135839369449e-02
9.055579812265017736e-01
2.084117993663437751e+00
2.471291201651019342e+00
1.734038965865413928e+01
-3.427549435552554313e-02
2.882252354021938578e-03
6.742600308303557666e-03
9.485092444383814991e-03
1.898007193510439089e-02
5.353125644371771463e-02
1.332552977292332796e-01
3.581381345975618857e-01
9.310119280656953267e-01
-3.048528719894267117e-02
-3.356236474363810673e-03
5.511091753090360118e-03
8.322872762205984348e-03
1.745602316849970484e-02
4.454109544118241282e-02
9.997768534482921743e-02
2.148143486091122212e-01
9.165940464253837794e-01
-6.524235246459668403e-02
-1.702259087146967831e-03
-9.950410903762224590e-04
4.225041922507888348e-04
1.361517829795363954e-03
1.641796933167544159e-03
2.800439586354674937e-03
8.152319944047087263e-02
9.474607697917456495e-01
-3.632391431286813299e-02
-2.989596790359611012e-02
2.117586686512240579e-04
3.072323032064498693e-03
5.524898625957189169e-03
3.522137059822266769e-02
1.085065668611484707e-01
1.178776658941350503e-01
1.730896293458644708e-01
2.335571686337536423e-01
7.282979083444569568e-01
1.036039702091713144e+00
-5.449057252187373968e-02
-9.695587800366764486e-04
-2.492009389413324394e-05
5.712723375767003731e-05
2.578633488526244077e-04
6.595679223921624423e-04
8.882606706650877926e-04
4.278419177210397717e-02
8.483997959706730818e-02
1.309365833078691699e-01
6.903662760191936476e-01
9.723930544145690247e-01
