-3.651730583061275903e-02
-3.484236608509899691e-02
-5.409421489410693590e-03
-4.422277980395256797e-03
2.319286876730804539e-03
7.277988664934558205e-01
-1.058334469507833664e-02
-8.892114826638299052e-03
1.843189729409436609e-02
3.784953630389944340e-02
4.150795450216783478e-02
4.307139045522172249e-02
-2.518930364813724496e-02
-2.085960626807670942e-02
6.594790918526962503e-03
8.041173146604078253e-03
3.167635441085343839e-02
1.042339641178960941e-01
-2.636705623183423497e-01
-2.519216758593843530e-01
-1.345102728728531094e-02
-1.705533243303913871e-03
1.854581224787860694e-01
1.307698844294193474e+00
9.435541324870780973e-05
1.174282069288267496e-04
7.179485525008951234e-04
8.360432728761421975e-03
6.661338406005881674e-02
6.727052210250127062e-02
-1.355465787184110052e-02
-5.717804582392356505e-04
-2.920486180790649727e-04
-3.204317337152096101e-05
6.510161232018589483e-02
6.550346380667819435e-02
-9.962037177077873173e-02
-9.920870941178003277e-02
-2.876826853043579213e-02
-9.406840278512754172e-03
-8.308222680768057034e-03
1.051590145561273726e+00
-1.921484061320581360e-01
1.717605765298413356e-02
2.167092594759761903e-02
3.371302505347378853e-02
4.886197119296203928e-02
4.636632959500439077e-01
-2.222343184652494225e-02
-1.005703735828837597e-02
-5.647245897955593952e-03
1.319150500576752975e-02
1.999879242007626678e-02
2.623986960759179532e-02
-3.835335330484203331e-02
-3.663213826085416625e-02
-2.286869441327567774e-03
-2.163534059302910616e-03
7.040334777212973322e-03
7.573032317437822236e-01
-3.198277998938625633e-03
-2.339023750924928979e-04
-1.342533592412764598e-04
6.277854643650682132e-02
6.319714362261727447e-02
7.136151500281527615e-02
-4.886249320342853650e-04
-2.260564264880738933e-04
7.943452799255637520e-03
1.482348666009848485e-02
6.083478567642155305e-02
6.118482064574652657e-02
-2.613667553772591745e-01
-2.414365953162623812e-01
-3.188229954492638463e-03
1.413139822682712987e-02
1.791817319327810298e-01
1.288244990849069183e+00
-1.555714314011908406e-01
2.786226118781265360e-03
1.602815474692934061e-02
2.928952143928184593e-02
4.355885735365924716e-02
5.237912602072056778e-01
-4.720197376017508449e-05
6.571605584469679255e-05
7.843760314522017774e-03
4.356607047764611551e-02
6.476488790977417975e-02
6.479053166230715199e-02
-2.386089975368033966e-01
-2.986999552646191214e-02
2.673061637959625592e-02
6.952241462015820717e-02
2.675648187928325594e-01
1.805018786198563818e+00
-3.820919538920933799e-03
2.467806101430075269e-02
1.198356797726885248e-01
1.695416802529390032e-01
2.638933081609369791e-01
7.125598060301072678e-01
-2.475674685993347057e-01
-7.309959568226262472e-03
-5.281987066525356544e-03
5.037060623007696969e-03
8.740513329163566991e-02
8.836051442060960381e-02
-1.817613119119429743e-01
-1.971499341765506341e-03
-1.181910045814749122e-03
1.959910317674042057e-03
4.135075167544432356e-02
4.351680183373909938e-02
-1.181845495176233468e-01
-1.821409399879653224e-03
7.783749327799384388e-04
4.451695627122272819e-03
2.881612270049483532e-02
3.187430836077282531e-02
-5.560588725008931421e-01
-4.251649446626116768e-01
-3.845590793091697712e-01
4.170118196245242714e-03
1.354471438895190616e-01
5.960087333759869210e+00
-2.241669084071641893e-01
-3.344353365097446629e-02
2.142872191605818544e-02
1.441582416631063956e-01
1.605107739156027280e-01
1.556753478586706763e+00
-2.220546838673979617e-01
-4.992768480749448790e-03
9.407753300041121758e-04
5.522001626187375556e-02
1.700870732967497134e-01
1.731131778748522532e-01
-2.685830961896727986e-01
7.471066666877024254e-04
1.734899161122571698e-03
1.875437321627992926e-02
1.322270808252696273e-01
1.351306273743124731e-01
-1.628211129398765555e-01
-1.065192309792628578e-03
-4.365460661096276507e-04
6.344337142095098081e-03
3.357549095903145098e-02
3.393941005165228980e-02
-5.744560332756103449e-01
-1.015444257791177640e-01
-7.043799285109586528e-02
-5.295978449025506851e-02
-3.657397121769923043e-02
2.863988762286153733e+00
-3.100127497233365337e-01
-4.332429554887234913e-02
-1.997051378614977946e-02
5.630304657886675557e-02
8.014205041241573291e-02
1.327766248028122487e+00
-1.089414228999745216e-02
-6.240256631043719464e-03
1.044490057657867198e-02
7.339394758667824870e-02
2.107551545848992125e-01
2.148964836588845295e-01
-1.896074572806243919e-01
-1.169227534226488507e-02
-7.663526915487967051e-03
5.027192196371746413e-02
1.940865952856448140e-01
2.003076480563482364e-01
-2.001819947578420134e-01
4.854565893575725488e-03
8.219692550998053404e-03
2.402818238554777983e-02
2.985057247427301552e-02
4.396779637811498026e-02
-5.148285506529973743e-01
-4.078236262827074077e-01
-3.717504635445545991e-01
-1.281878845564565772e-02
7.518653962122212597e-02
5.927909117092311497e+00
-1.507707792664814972e-01
-3.589598745661017054e-02
1.441336409984800282e-02
1.439572331596832011e-01
1.537559863939704508e-01
1.571089722194086269e+00
-2.355153649227524348e-01
-6.031694690311673046e-03
4.776735306431939554e-03
4.946912391394046871e-02
1.645502939964422207e-01
1.671881237635817474e-01
-2.817944170553607908e-01
-2.556052361812471974e-03
-9.048712773507272544e-04
1.181592966022854130e-03
1.268388845957730549e-01
1.290856724560614788e-01
-1.168265565500083702e-01
-1.375546745151629696e-02
8.898332483826959516e-04
3.799767572440715391e-03
3.273036038804964798e-02
3.399516816798549279e-02
-6.215805564110229442e-01
-6.058958964616286691e-01
-1.848197059708210910e-01
-5.296672105008026765e-02
2.785863366615415337e-02
6.720003723774504500e+00
-1.021421331075989536e-01
5.356283816500828632e-03
6.199322326159939500e-03
5.595153291190232969e-02
1.920031286841632212e-01
1.922261334688721846e-01
-2.392844841906283937e-01
2.489277654030924714e-03
3.213413063506087575e-03
2.752839076314630984e-02
1.662815651114680493e-01
1.667506631254773997e-01
-2.252843903144599869e-01
-4.207056239064019265e-03
-3.041988070065448913e-03
4.624228493295397258e-02
8.728552929660268744e-02
8.894839428069843679e-02
-2.002328583472971213e-01
-4.018656819794054480e-03
-2.907044052001699075e-03
2.864433868647701942e-03
5.158748345747259795e-02
5.300645487497321340e-02
-7.678116035999160705e-02
-7.563043952620579491e-02
-2.989292941474209347e-02
9.202418535346340578e-04
7.515055251248667356e-03
2.101437029639734000e+00
-1.110444952015804121e-01
7.714149911342060850e-03
8.985983453654769471e-03
1.878116911794039390e-02
2.074550976678923853e-02
1.199713010529772861e+00
-1.884567141884161412e-01
1.171561462079417915e-06
1.510430133029039279e-04
4.967985090984408658e-03
7.093166997064137558e-02
7.188643692969173826e-02
-1.729660387016842826e-01
-1.737911604878530913e-03
2.236174697659576438e-04
6.204439356486471380e-04
4.002999581418530822e-02
4.046386860862952878e-02
-5.873171674666040065e-01
-8.905450956331550927e-03
8.652201939204018366e-03
2.353414119180841091e-02
3.682313862555608441e-02
8.305748176608692690e-01
-6.940103951942953042e-01
-6.631134695138927171e-01
-1.663732172836651646e-02
3.438701878799577116e-09
2.139002770246567486e-02
6.245853817006737252e+00
-9.213453603574786599e-02
-6.581228720662378462e-02
-4.549581749493313704e-02
1.750453234811483183e-02
5.616937303333870146e-02
1.900151566543070825e+00
-1.179923482476503797e-02
-3.642476115918306598e-03
-1.332061362204831068e-03
6.490833955575174563e-02
1.265363453178345032e-01
1.284531334596353269e-01
-3.840772645577522106e-03
-2.103038565332359701e-03
5.468036043443025990e-03
6.499656464214122187e-02
1.149366702789583888e-01
1.190940025002148045e-01
-1.535975556120548757e-01
-9.558593863622233400e-04
-2.954411669195133872e-04
9.897278176469043176e-05
3.220497068613215053e-02
3.291174228743986435e-02
-3.798557245803941274e-01
-3.713445734972607437e-01
2.292857003451315157e-02
3.154888068568001414e-02
1.134817544186385030e-01
3.945468760957505427e+00
-1.507175923769773773e-01
-8.942031854115745082e-02
-5.150286650098206964e-02
1.701627706711425492e-02
6.132997062198930482e-02
2.197398877308345266e+00
-1.065995465040102258e-01
-1.864479601091487138e-02
4.854761610505549385e-02
9.291329931356399896e-02
1.646168253115005697e-01
4.499230162621375984e-01
-2.692484114834117759e-02
-6.166844615374672545e-03
3.621532875667027307e-02
1.043035203611152595e-01
1.335087448000563115e-01
1.773121608455400788e-01
-1.843835447068124245e-01
-7.264150899742652379e-04
1.162286038372196999e-04
1.452101045533695975e-04
4.862397429173729441e-02
4.886400336010356116e-02
-6.904453836712788339e-01
-6.631133337704432362e-01
-2.020233730837051045e-02
-8.930050197080485752e-03
-8.666953370539687285e-07
6.236923766733524666e+00
-1.296999221261778690e-01
-4.577687430576697636e-02
-4.366286070080097059e-02
1.497010102128260023e-02
2.341782324565855333e-02
1.915819023751136330e+00
-2.093118660694745503e-02
-3.514947060559825420e-03
-2.931621695758973578e-03
6.167220369477295627e-02
1.273290539956619671e-01
1.284399953737198896e-01
-7.668783072513082541e-03
-6.048251715364369452e-03
6.518710465403244197e-03
6.150746073766127919e-02
1.128064567420580533e-01
1.152362480573106696e-01
5.988269458358655775e-04
7.790029867955150858e-03
2.742271895789304137e-02
2.791198576147100804e-02
3.954102577882619152e-02
1.801188236443515278e-01
-8.771458533866930418e-01
-8.710108707615027424e-01
2.602464158943385009e-03
1.131571312433221621e-02
3.345291385101450965e-01
6.213457982357467380e+00
-3.862098378971284829e-02
-2.702473974476982121e-03
4.931081554550353907e-03
1.020729089732681366e-01
1.225681825150351789e-01
1.312622613673368743e-01
-3.531514215903789472e-02
-2.641411064785516641e-02
-3.218850915604545837e-04
1.257407102313999603e-03
1.178581424268183853e-01
1.194269380003206704e-01
-1.899817103183150391e-01
-1.083448739488776513e-03
6.565172358238696715e-04
1.237763794585497457e-03
7.065376059795119845e-02
7.126348938277655976e-02
-1.837386426392575156e-01
-2.670716019589770840e-03
-1.077176689220311900e-03
3.898772609446377047e-04
4.888706107347692148e-02
4.930017621497962549e-02
-1.775524317579427469e-01
-1.755511786871371271e-01
-1.280791637516232317e-01
1.585467001659818242e-02
1.819895073126148732e-02
1.793510722937514457e+00
-7.947269200857727534e-02
-7.248894029574814990e-02
-5.951346531594976785e-02
1.129978439622830733e-02
1.392024001832481428e-02
9.267583068237192911e-01
-4.325234776636821543e-02
6.595618056979071775e-05
3.807405836851601721e-04
3.118014477040950694e-03
2.067851042419229998e-02
2.145432216321374597e-02
-6.069883897625191066e-02
-1.064226407961086501e-03
-6.075065093093605893e-04
-6.035256077776037908e-04
1.336651308181227571e-02
1.351000467848783269e-02
-2.258097146002343777e-02
-1.397132781118076358e-02
-3.551885020222359662e-03
7.449999489718344553e-03
1.682621616752089794e-02
2.766715485918724848e-02
-7.271529397024691921e-01
-7.162473629123818908e-01
-2.995519950723790625e-02
-1.788973987537967325e-02
1.021832896686225567e-03
5.710827031606727999e+00
-1.470140665531976532e-01
-1.465600238835924607e-01
-7.559569925280183733e-02
1.801450447890426410e-02
2.208169899979633977e-02
1.501318707704450972e+00
-3.831307154208844767e-02
-3.921042445730188453e-04
3.282554375739071828e-04
1.794904330077050358e-02
1.842524191126772293e-02
9.933445026177208093e-02
-4.401463609720128456e-02
-2.828009496355435304e-04
1.449547014415700219e-03
1.791569698185871418e-02
2.035441389192113593e-02
4.577046280572467929e-02
-5.757484795097102259e-02
-1.697838071972912130e-03
-1.476604954383838736e-03
-3.570389279829791485e-04
1.063000527750598834e-02
1.081950141147131582e-02
-4.210270019299531263e-01
-4.207037153311209976e-01
5.695651688801978141e-02
6.058413452345118300e-02
1.724731739868327063e-01
3.618043701826518799e+00
-2.150849391017851386e-01
-1.996604453043793193e-01
1.876394763498057117e-02
3.685049161737419254e-02
1.591189703044139092e-01
1.853847122662728442e+00
-2.645917979417888172e-02
-7.492469725163614785e-03
-3.900698033863378433e-03
-4.470951076825241399e-04
5.953099783878829793e-03
3.841024600816751455e-01
-5.872950855660088836e-03
-1.133417506223157421e-03
3.052709668263559745e-03
9.438146853073925424e-03
1.341636194343475211e-02
2.213249852111113525e-01
-6.093448059110565668e-02
-1.024942793180806666e-03
-4.176197609272874756e-05
-2.436793236417975073e-05
1.625773722730847540e-02
1.626297455243483001e-02
-7.388988431974576887e-01
-7.246416117196210482e-01
-2.678159619899689314e-02
-6.742254059432406521e-03
5.311107073292520298e-04
5.710822317625122935e+00
-1.516721021490117782e-01
-1.510174263030955866e-01
1.458179623954081183e-02
1.563036387689414886e-02
5.178603796155520356e-02
1.538119870624123031e+00
-2.486918244286023122e-02
-1.150108709459841949e-04
6.527738723720102887e-04
1.766833763686747813e-02
1.800061421720753133e-02
9.576623692308137981e-02
-4.277199482927591251e-02
5.823847801051523776e-05
1.544340956003864562e-03
1.769416551080913586e-02
1.890689073910079010e-02
4.832639558289216625e-02
-5.083083099111350422e-02
-2.124050522739645563e-03
-6.573501709226763079e-04
3.603488539845116703e-03
7.654010677384398727e-03
9.742828944213247772e-03
-9.275841325629315959e-01
-8.655333298285643462e-01
-1.011538903263579092e-01
3.391057705263156308e-03
5.520557833780781465e-02
7.273964427276141009e+00
-5.050530132590548039e-03
-1.208720673884040517e-04
2.833585680932317920e-03
1.274564426472561338e-02
1.330404149842967509e-02
2.303442964279464045e-01
-3.805985988869279007e-03
-2.188309448793545990e-04
2.130567024005701384e-03
2.013475609509898789e-02
2.094103479204473608e-02
1.043883070973215255e-01
-4.805455657682544679e-02
1.334231024567034130e-04
3.047441917359491881e-04
5.362214643206488635e-03
2.226225561885968734e-02
2.282965707556704887e-02
-3.703820674372458599e-02
1.681089815355821249e-04
2.828551576831116188e-04
1.540879756707880244e-02
1.549852957863667030e-02
1.881808093312377361e-02
-2.308990486517666363e-01
-1.226345375752418976e-03
1.661470585394753119e-02
6.574406952897762779e-02
7.254094723781948084e-02
1.751284432516002409e+00
-1.574258011073606800e-01
-4.736606096644085939e-03
1.155605219045841014e-02
1.539456878626215275e-01
1.614691129893872645e-01
8.354633892038672016e-01
-2.280518343510334334e-01
-6.000412075586325500e-04
1.545597480400354162e-03
8.964808306781396618e-03
8.759087067300395935e-02
8.920942505423928859e-02
-1.939271135427142745e-01
-8.488673001689900355e-04
-5.228312912973695492e-04
1.983335668927339868e-03
5.352824818597342466e-02
5.409510157744654851e-02
-1.681987902389491807e-01
1.042833914470221723e-03
1.283141038855871441e-03
7.689469561496305172e-03
4.337261119884615324e-02
4.384452666844740332e-02
-5.651229511778838033e-01
-5.183177957505854527e-01
-3.535530979501515514e-01
7.470301053098316046e-03
1.321345168848309104e-01
5.759351811353352169e+00
-1.903726516995533913e-01
8.826998887720288733e-03
2.113017195878638677e-02
8.029251657914671103e-02
8.138728179448351252e-02
1.475497169281084098e+00
-3.869398619557399416e-02
-1.089628327178610717e-02
-5.065972796182573179e-03
4.021931432415512542e-02
1.727420493725725925e-01
1.743710460004816998e-01
-1.117920139676188418e-01
-1.177251885958793820e-02
-6.641307941863405784e-03
6.380773863081545816e-02
1.536086674680803843e-01
1.555123251735082146e-01
-1.757902212346900417e-01
8.627134061549718291e-04
1.309011427788213389e-03
4.139655086222666924e-03
4.278437246910092584e-02
4.334586015958951516e-02
-2.108568234474350322e-01
-1.936230974820981610e-01
-1.131525035240554811e-03
3.937885105408397979e-02
2.282962316693836480e-01
3.980916831584632387e+00
-2.129144453264738834e-01
2.301194716794296991e-03
1.850324819545179356e-02
4.169434193480897610e-02
6.140776402087022579e-02
1.978457693373048665e+00
-2.049038847723320348e-03
1.804328057917650718e-02
2.536530937353168730e-02
1.777005518696836150e-01
2.017533376448658322e-01
3.386279416661880370e-01
-3.523111818022672814e-03
9.443523772461270838e-03
5.316529925355942265e-02
9.618966808565780624e-02
1.755902063629609933e-01
1.886166817315490518e-01
-2.141643835313667421e-01
1.950666121339206249e-06
2.024565307366110734e-04
1.797091983513493529e-03
6.575230761553969849e-02
6.619117715278836911e-02
-5.871334948425301903e-01
-5.306981103995254134e-01
-3.614934982276499231e-01
1.680812136484088892e-02
1.654616798465637917e-01
5.833444245457793720e+00
-1.835671604098650378e-01
-3.316017992206210518e-04
8.368906925272673325e-03
8.499161963041643175e-02
9.136635480178686985e-02
1.501845072699944827e+00
-4.325373886794044859e-02
-2.149797886831626703e-02
-1.932130456899008863e-03
6.912265031551179106e-04
1.666327900854829291e-01
1.684500599360172768e-01
-1.229900530394874014e-01
-1.634052261519719496e-03
-1.382137369360214585e-03
3.394469507203343173e-02
1.484965879750144713e-01
1.505271836121530038e-01
-1.556169028952193722e-01
-1.471607821747072248e-02
-2.128024450270646351e-03
3.021558375413679887e-04
3.851659647683786797e-02
4.012092005466494360e-02
-1.804311019927411275e+00
-5.928578209727157766e-01
-3.538122168712538596e-01
-1.917591624295611474e-02
8.706823618853074542e-01
6.968876423090850203e+00
-2.658243464986247140e-02
-1.074078972350174174e-02
-5.626071611040714404e-03
8.650436770565347877e-02
1.799454759250142533e-01
1.809608932559030325e-01
-6.820519157525398168e-02
-2.661062587085669118e-02
-1.047212278639671201e-02
-8.420877903194699809e-03
1.605909966925844756e-01
1.649807481762829986e-01
-2.297673851068459949e-01
-4.179851137549220330e-03
-2.174909161850563377e-03
5.769112953356150819e-03
9.492181536647169293e-02
9.598943660941752776e-02
-2.150876133964576276e-01
1.289455742637037050e-03
2.889032021537250861e-03
3.497214138348712920e-03
6.106117622869295519e-02
6.258320979107437343e-02
2.719616292128364702e-05
6.378647565042469721e-04
1.411608335658024078e-02
6.970405113836443400e-02
7.028046954191802254e-02
1.675271515163781477e-01
-3.674870265919810003e-02
9.015744983464912821e-06
6.881909100000666024e-04
6.466774213238390967e-02
6.477764544528971657e-02
1.261242908480398328e-01
-6.757516912399613718e-02
3.991497357796712497e-04
6.398494979961942553e-04
1.264174103118860526e-03
2.294154342111826006e-02
2.342140302631653265e-02
-4.887723705152231812e-02
-1.529957250386845130e-03
-1.731696842071188402e-04
-1.298923300741446074e-04
1.314850081170611251e-02
1.330076598715093650e-02
-4.198643342452033911e-02
-1.158585227979990308e-03
9.224721113938410101e-04
1.017648098636439197e-03
1.127865552468588703e-02
1.134232779582857939e-02
6.541950752055023552e-05
1.997628079078512826e-03
3.137473354488148902e-02
5.050569299821985880e-02
5.193575691113527099e-02
4.534453983128320931e-01
-1.209115805265419639e-02
-6.028055005488624357e-04
2.514275452300540614e-05
7.158394407344409460e-02
7.211305564205776342e-02
1.084750982775109507e-01
-5.545888443985413918e-02
-2.409303039221655229e-03
3.132898513465917634e-04
2.192543533589694574e-02
4.268477736731466493e-02
4.563515600975649039e-02
-6.559631306492830216e-02
-1.174011147214326645e-03
-7.641955219412563394e-04
1.194519660577194470e-02
3.783258153193843482e-02
3.954384356847336079e-02
-4.321633765807213895e-02
-5.286803942603796741e-04
-9.510889943252845424e-05
-5.326824138734628789e-06
1.075140615848439903e-02
1.084189312525279600e-02
-4.438127838585011892e-02
1.350089451972666388e-04
6.253157929219599342e-03
5.504837572758013164e-02
6.156992018035685466e-02
4.422764805491630757e-01
-6.608615074264352629e-02
-3.013208654351562377e-03
-5.482840431771662804e-04
6.371075150165350642e-02
6.598616689910608013e-02
3.309941761120780424e-01
-2.066612031097144961e-02
-1.945360348630076341e-03
-1.804959120296840275e-03
3.813904612517810683e-02
5.867332405645488830e-02
5.898490022593149557e-02
-4.794349517729027538e-02
-1.203723119654977192e-03
-4.746008495588940890e-04
8.038982370967985569e-03
5.185585028717090705e-02
5.228293124703170536e-02
-5.548172056694805621e-02
-2.195590318333599800e-04
-5.953954916600515124e-05
5.221638807337523891e-04
1.607313922766636857e-02
1.623446399038091723e-02
5.879571494232628884e-04
2.307559835921090853e-03
1.704133309844020616e-02
5.028400223804800617e-02
5.205614758154551713e-02
4.595835214639561461e-01
-4.320895565945934158e-03
-3.097870039538291875e-04
4.258646778572544589e-04
7.232647657874977098e-02
7.292728434867534748e-02
9.514309337461694660e-02
-5.603979299582402540e-02
-4.607717342892579671e-03
-8.141052259236364330e-04
2.093265086034947972e-02
4.316309687233724907e-02
4.636047862148962723e-02
-6.623098928631289406e-02
-2.451624143342635842e-03
-3.630604391074432336e-04
1.116131970844727248e-02
3.743681785502664394e-02
3.875081560832530081e-02
-4.098740226512154888e-02
-2.285801997755236136e-03
2.968212952521704327e-04
4.424854449260409456e-04
1.085501043027621744e-02
1.122060360475564920e-02
-5.060075069001670339e-02
-2.414408402132160736e-03
-3.361824871412483207e-05
2.416222652284447103e-02
2.531866643295756225e-02
7.079527326110601759e-01
-4.656593662058659822e-02
-2.549654985783196548e-03
4.441549185601051386e-04
6.579283200396607301e-03
4.819020916417483813e-02
5.073713499476811134e-02
-5.467871769238803747e-02
-2.942682310167393789e-03
8.546273849971003367e-04
1.307497698965524174e-02
4.074449572337837666e-02
4.310657635534655141e-02
-6.727016683216678616e-02
-3.371627887255521094e-04
2.279919156996865204e-05
4.389042677947867233e-04
2.335987576719089284e-02
2.365953608600338334e-02
-5.589862078801187406e-02
-2.424585606821440253e-04
-8.122611778290170226e-05
8.088935642342441612e-04
1.598486285520767797e-02
1.614614171236856618e-02
-8.308139036187199844e-01
-1.025490228947273375e-01
-2.441743054955258785e-02
-1.241159241918943223e-02
2.674403513810286181e-02
5.791552613810602157e-02
7.658380873237724540e-01
1.442311375553700037e+00
3.787604374004496677e+00
-1.704679351696740119e-01
-5.941385269063820251e-03
-4.378107750338533499e-05
7.987926969155179080e-04
4.287539635642212410e-03
9.838308114903743240e-03
6.579311055595435387e-02
1.827290985873323281e-01
9.454973448844908868e-01
-2.588290482037272078e-01
-3.458395555293791723e-02
-4.717874149325380234e-05
1.564432777263555100e-04
1.296191755405906587e-03
2.911530724609739940e-02
5.255786115886645904e-02
2.087905532546066034e-01
9.513021643547858730e-01
-5.288976458411701609e-01
-5.772687424024802727e-02
1.178428151260732245e-05
5.866632519793893436e-05
8.307607873169932248e-04
3.097355062407269877e-02
6.400458462463121112e-02
4.776050538364722819e-01
9.557948313802251405e-01
-2.750028163254116809e+00
-1.610406821714271519e+00
-4.482930591789262564e-01
-1.212541422540893699e-01
-4.109045723289384000e-02
2.681209303359565199e-01
2.689953600428129921e-01
2.743761916181909122e+00
1.644908006169795911e+01
-1.007961896971675680e-01
-2.866694599631290641e-02
-1.919347921560260462e-03
4.579051136821679635e-03
1.308622837446542231e-02
7.132560839058103841e-02
1.297854364115495485e-01
3.348875264082961656e-01
9.247410471536565701e-01
-1.518364682624457063e-01
-4.888236681356182556e-02
1.684380758823489366e-05
4.118345174850907009e-03
1.825331287787526624e-02
5.320475804505675477e-02
9.614607270760819335e-02
3.022035564942198160e-01
9.370556926464709280e-01
-5.108290066029654020e-02
-1.598970890305709269e-03
-7.850566894301164167e-04
9.307459670202800073e-04
1.913769969358027068e-03
2.473369317896552400e-03
6.551224769428667938e-03
9.105455421988653542e-02
9.527755714207738480e-01
-6.974432984094210974e-01
-1.875383396193714969e-01
-2.153140575803891288e-02
2.742811349876639326e-03
3.059910369500162819e-02
2.536781061911083102e-01
6.126802466289554827e-01
1.495515485920191789e+00
7.917469188465002361e+00
-3.343848711938499640e-01
-1.471752936070858386e-01
-1.139337352981439899e-03
5.463393189598431121e-03
5.438676751737664405e-02
1.706209600785449920e-01
4.644027043651001163e-01
9.653659128880350826e-01
1.232043290826592585e+00
-2.230151575488292237e-01
-4.693651018984451584e-02
4.981843397709684318e-03
1.492062621089082497e-02
4.452224582795821783e-02
9.836367589351274754e-02
1.325687476646674190e-01
4.486762100176480694e-01
9.286733731619507548e-01
-7.379159608422340699e-02
-2.455203444841208560e-03
-6.205717175133684815e-04
1.447112497945934884e-04
4.048191976055437458e-04
1.763923768207151244e-03
2.403012707301227513e-03
7.070691934984679738e-02
9.472253560871555234e-01
-2.617318883351166914e+00
-8.048205090297506636e-01
-1.230453967795659409e-01
-8.046001064433339067e-02
-1.381353415910746563e-02
1.355109944480012985e-01
5.506674964529323368e-01
1.740933362673304341e+00
1.613522608497837396e+01
-6.462352402514596195e-01
-1.656527795057174957e-01
-6.135112489273852887e-02
-4.823841651135585273e-03
8.356000740064706278e-03
7.394189969535513995e-02
7.045842484094774205e-01
1.379545681843755922e+00
3.506124648498053720e+00
-1.562393124610998441e-01
-3.374427668779705902e-02
2.796192721833568040e-03
7.792504048196258193e-03
7.687706709909103431e-02
1.750113795005159012e-01
4.370551021538272574e-01
8.659383985810670259e-01
1.076384337953695258e+00
-7.941798923065876425e-02
-2.711125681963883621e-02
-5.665135798556125701e-04
2.964835668974444283e-03
1.616683200746694971e-02
5.843737646786704987e-02
1.248153594880211520e-01
3.042720557496951250e-01
9.214208162654591305e-01
-2.607182852147609697e+00
-7.497303445893082063e-01
-4.095050364198149495e-02
1.027738565196445464e-02
1.047944498162034499e-01
1.532039956474182674e-01
5.036073305835619962e-01
1.145897848700058397e+00
1.510042630870998082e+01
-2.523421034767625026e-01
-7.006338618495511206e-02
-3.148237059530101245e-03
6.927163155637405811e-03
6.942144776748782053e-02
1.175054324347332146e-01
1.910954343062242211e-01
5.092849505253589371e-01
8.448418263978019205e-01
-1.793525672049869346e-01
-3.129219783839426450e-02
2.454434645032782525e-03
6.449500431015497970e-03
6.221314145633594084e-02
6.921511778347980148e-02
1.469187708334650788e-01
3.450502044390812983e-01
8.958147080166357634e-01
-8.592506423136359039e-02
-4.554155867071200264e-02
-1.154239796475521607e-02
-4.646328305816405102e-03
7.676018956307997798e-03
1.044757773255783340e-02
2.703463306260771304e-02
8.155537219984572428e-02
9.801964463926621240e-01
-2.092556436151210009e-01
-1.026525406085975062e-01
-6.311727405899597576e-02
-1.283777802906502230e-02
1.065362562663541013e-02
2.196402921781445694e-02
6.549831425479676894e-02
1.872797325518200939e-01
2.742403283452174989e-01
7.021435182895362503e-01
8.620265582544613947e-01
3.332206529232833336e+00
-2.866280676052790355e-02
-3.994601023801624268e-03
-1.817082228230609137e-03
8.010829950677797462e-04
1.972049853136710607e-03
4.512488806873448527e-03
1.002772071053137024e-02
7.797943406684430812e-02
1.138896927765992717e-01
1.365848901316276398e-01
6.940800597180198928e-01
9.744415126618570788e-01
-5.239774208634551816e-02
-2.798539995213490672e-03
-1.928728383467900875e-03
-1.486593251290420359e-03
-7.253070984823001277e-05
5.524815516440434449e-04
1.044043513464779083e-03
5.098495523147096586e-02
9.050768914742893245e-02
1.313853141477379360e-01
6.889894768556434901e-01
9.748821515351062672e-01
-5.267136268338037941e-02
-2.953442439169493006e-03
-1.952531447413155541e-03
-8.416902957843128141e-04
-6.505572965633810156e-04
4.968769996412936152e-04
1.523236024666883848e-03
4.327367826751480490e-02
8.303518175748977881e-02
1.311286197272327758e-01
6.899412657525099135e-01
9.708780745632532572e-01
-4.566213833510624376e+00
-1.977432986776100687e+00
-1.478719637422428956e+00
-3.948900029665516342e-01
-8.172229875044401126e-02
-2.173518979438959775e-02
2.102347056614934928e-01
2.969248771969272838e-01
6.040094554005337457e-01
1.340935281493417008e+00
1.902754768372416194e+00
1.060565015437077285e+01
-4.994448373005347386e-02
-3.565747165103853866e-02
-3.609680386588862144e-03
4.059335138734777859e-03
1.205076038883555467e-02
1.505361233203979243e-02
1.107105770851338489e-01
1.203756732336137281e-01
1.242994217082681041e-01
2.943960256974633705e-01
7.666741689362321921e-01
1.033413023982360901e+00
-4.811684970147801083e-02
-4.270288523305127565e-02
-6.942564180655912132e-03
2.984486819500420385e-03
7.686198312956298018e-03
1.733394074097172055e-02
9.609570278237029861e-02
1.075366737924470933e-01
1.207137799298693831e-01
2.355047296827570413e-01
7.495727435417929296e-01
1.025718204612852569e+00
-4.778226363201416860e-02
-1.749937050763913926e-03
-6.527044707527809853e-04
9.280277544106152465e-06
1.978897962040281067e-03
2.172759576419762417e-03
3.395324151312113792e-03
6.766224236851312024e-02
1.034289948057595387e-01
1.349666898453442954e-01
6.941943474130646274e-01
9.792099329435309807e-01
-8.069891514175675518e-01
-6.436304095543983195e-01
-1.723356450094112313e-01
-3.981144714048268085e-02
7.362013151672619493e-03
2.618864113505026125e-02
6.053895808341736018e-02
9.152381859920888374e-02
2.315210663589791773e-01
7.325509170933232062e-01
8.134938473459077946e-01
7.128174614930963493e+00
-2.044373839522500846e-01
-5.075723471417264987e-02
-1.035178065461414554e-02
5.252076354953755244e-03
1.730147504010912107e-02
4.079932832132709963e-02
8.456189795911434048e-02
1.251791458899123022e-01
2.049317619272221225e-01
5.612481026172695397e-01
8.488352548366930872e-01
9.716822992979361473e-01
-1.727115595895807598e-01
-4.482918218603201832e-02
-1.828126987633099665e-03
4.380917932233913126e-03
1.105944098934377728e-02
3.826401986627034346e-02
8.771361969104635170e-02
1.201684116933506852e-01
1.744208682973080182e-01
4.100416319716902458e-01
7.816657202680863392e-01
9.933985390214188360e-01
-5.605107480683763771e-02
-1.663999250207409686e-03
-9.641344625248432498e-04
-5.302183752555825191e-04
4.097767613321645630e-05
1.037409703135219741e-03
3.436438670362453041e-03
5.224700565343780995e-02
9.035202981281595380e-02
1.338201294746958203e-01
6.876971085306072817e-01
9.704045996976315980e-01
-4.520857235149280839e+00
-1.880510745071335865e+00
-1.460309187719258883e+00
-2.997015005361216566e-01
-1.353985735162410720e-02
5.518284320204713822e-02
1.683785994424757959e-01
2.284126593872999322e-01
5.299806362903769497e-01
1.134021966227829914e+00
2.008400467923361354e+00
1.062032145302808672e+01
-1.773190127121021253e-01
-1.201160667606451238e-01
-6.648358432895108694e-02
-1.150112347701984228e-02
5.707221431869524686e-03
2.393585155438301970e-02
5.794280102709492564e-02
1.450951986289225060e-01
2.405729425248439024e-01
6.814014109736640235e-01
8.818903331470120399e-01
3.621530200274597711e+00
-1.468450137660323174e-01
-1.885288326731984765e-02
-4.040972339285242576e-03
1.005254032060234892e-02
1.395472151248178250e-02
4.151819633866343784e-02
8.836152064896676817e-02
1.502757247163230836e-01
1.917549748255547304e-01
5.287512444852661142e-01
8.552401459254607152e-01
9.687095112526548091e-01
-8.998503039910515575e-03
5.153528400929103387e-04
3.959488892039744745e-03
4.831322913679190340e-03
5.675575354270054676e-03
9.240277667881378540e-03
1.070996889228628679e-01
1.239261650506877505e-01
1.454989796163481397e-01
2.272480966537847036e-01
7.186872661568814991e-01
9.822321038823836892e-01
-2.016754138969873100e+00
-1.338396421253309931e+00
-8.499784727126087347e-01
-1.116474613304720975e-01
-1.232821890924507002e-02
2.195745459076459127e-02
7.206532153361999704e-02
2.277628132673452654e-01
5.222572666159361887e-01
7.258703010303753089e-01
1.568568781801728651e+00
1.096415276761808677e+01
-7.637124299011532891e-02
-1.859331454103031744e-02
3.275071288613345954e-03
5.825872401552675828e-03
2.262574649410054040e-02
4.126041584346845648e-02
1.071130721009898590e-01
1.328819254446061693e-01
2.094911569258136597e-01
4.993171376422599339e-01
7.923646507183641496e-01
1.025757471815041733e+00
-6.526163089716527366e-02
-4.318096232029387110e-02
6.411247234439046427e-03
9.749105283024445123e-03
1.629052587200371938e-02
4.518264422079637521e-02
9.909216916346841320e-02
1.218108937099865452e-01
2.289315769238908227e-01
3.352816374683110223e-01
7.472324176794449269e-01
1.074005890905423088e+00
-4.884177834895812170e-02
-3.222711438584113797e-02
-1.370490180564001848e-02
-6.607112533974293656e-04
9.111840049466767011e-03
1.001418782333392959e-02
2.089714661461890277e-02
4.754531486519214534e-02
9.488078449790557367e-02
1.110136183875609639e-01
6.967424515879934166e-01
9.891524073957604912e-01
