-1.047114261379457734e+00
1.153349653112858419e-01
2.382163462336990278e-01
9.135689418802579453e-01
9.784796588649005145e-01
3.257715327701000252e+00
5.518019843573295728e-04
1.167335257113234380e-03
3.153592708370963216e-03
3.516314956390613478e-02
4.746423390423521599e-02
4.845534506635042898e-02
-1.084979064091430967e+00
-9.786774215250486630e-01
-5.924895594047502323e-01
1.076747265438573464e-01
4.029480790176616090e-01
9.530283910241671208e+00
-2.548508758472075031e-01
-8.470445885072480641e-03
-3.521400406893054891e-03
-1.990257739812692495e-03
8.972382508046100602e-02
9.252628251219149891e-02
-5.949516767853451071e-01
-5.479391038352744436e-01
-2.464215992042440018e-02
6.536554260498250724e-02
2.263714443950562982e-01
4.910849604853347650e+00
-1.100026385936099249e-01
-1.043958933606828343e-02
-9.891067276887322013e-04
2.482873926812645404e-02
3.449987101479345952e-02
1.266691019460282508e+00
-1.910035437010653980e-01
-1.972539294360697859e-03
-1.846479828070894669e-03
1.847855501455920868e-03
5.742268464427822267e-02
5.755887125609630145e-02
-1.697915449848930169e-01
-1.065253178039300697e-03
-7.349227275657774228e-04
3.140611809446580693e-03
3.818348908567951311e-02
3.828525040237164973e-02
-1.930096075911519993e+00
-6.138650324413308379e-01
1.991631450471313958e-01
4.578576447309850028e-01
1.688767103640203215e+00
7.224185033949182433e+00
1.364750090890489874e-03
4.546667659017749122e-03
1.201344692185721610e-02
1.959933687096804614e-02
2.115471406267645585e-02
2.798563896069226620e-01
-9.732036146571417662e-03
1.879657202350261402e-03
3.574534279714287194e-03
1.981214666897586352e-02
2.730165575210536863e-02
2.958465640092537360e-02
-6.233737277202891502e-02
-1.094160749862488347e-03
-5.585530502735594482e-04
-4.279702768067439322e-05
1.643312946917854789e-02
1.679046912850023013e-02
-1.205574795188519288e-01
-9.095147450016410895e-03
7.700697895903177437e-03
1.271997604635662915e-01
1.534454716657044360e-01
1.621793990300196331e+00
-1.852935477234045336e-01
2.966707336824192520e-04
5.738626167804128375e-04
3.412176792024379512e-03
1.490029022986101570e-01
1.491974608393078772e-01
-2.307448633472730382e-01
-5.221597384898857275e-03
-3.688662344898355205e-03
4.304154773576526760e-03
9.582755132693863975e-02
9.599252257872201155e-02
-1.784284467267679419e-01
-3.624785583294307112e-04
2.013116490132971226e-04
5.908901515956910266e-04
4.394712534316839309e-02
4.439399845231970648e-02
-7.239345909048008898e-02
-2.107086757116335973e-03
-1.073420368208295728e-03
4.013464094035010254e-04
3.854622785800398271e-02
3.939501816706396375e-02
-7.332739333431219364e-02
-7.424412409241104571e-04
-6.239053358394336390e-04
1.211104104984660895e-03
2.789537493257193690e-02
2.834875349868600999e-02
-6.111604585322259753e-02
-6.808397041128920468e-04
-3.396332674811090857e-04
1.943921508340475113e-03
2.014173126367043223e-02
2.019967955630591616e-02
-5.602604393496986301e-02
-2.310109401404865370e-04
1.810834969617966528e-04
8.043740026624363049e-04
1.604351815671487338e-02
1.623640244610480982e-02
-4.974958269275754630e-02
7.331214399837124307e-05
2.803153825220380813e-04
1.502666701470149052e-03
1.139665109181945551e-02
1.160080803428083403e-02
-3.939131110235416067e+00
-2.184500964401514533e+00
-8.871816023434004883e-01
-2.386988153286839776e-02
1.387055754201917956e-01
7.144728175223264977e-01
1.465773227226649933e+00
2.293472219156819758e+00
1.529087169040688288e+01
-9.272714836894828672e-01
-3.683946845637726675e-01
-7.441527788550739153e-02
-3.137655202781386432e-02
-1.596846055059164549e-03
1.799169647287398588e-01
4.197464192348107082e-01
1.419761813092764946e+00
7.164661463517628448e+00
-8.588166042539019385e-02
-3.002438076814941542e-02
-5.751314576815103052e-04
7.101727124600359931e-03
6.606634626210904082e-02
8.958428541500092213e-02
2.109659331575058361e-01
8.533092261780450549e-01
1.028887675237793120e+00
-2.223886355724164626e-02
8.768743147354075840e-04
3.271143736474718677e-03
1.064192806318488282e-02
1.874629366441965539e-02
3.330664582096106580e-02
8.594541109278001911e-02
1.590333329118992778e-01
9.258876833528971728e-01
-7.042281843577223588e-02
-2.639281737629187163e-03
-1.045335622246651441e-03
5.006551841621881271e-04
5.761407648426503103e-04
8.107296574005051770e-04
1.271503427372325246e-03
6.884996118862139747e-02
9.465748696310810617e-01
-8.105388709331089181e-02
-1.563899523217268661e-03
-4.177207506644714519e-04
3.753206759621041666e-04
6.355525212275309199e-04
2.511299416085646663e-03
5.508167776630004675e-03
6.296858400575600090e-02
9.481257045348638890e-01
-6.381662665357654696e-01
-4.232935127601717973e-01
-1.832730326071533300e-01
-8.993189031474968509e-02
-4.921340073051383435e-02
1.259951219165666991e-03
6.154903801048772216e-02
8.367455338038221058e-02
2.765398137912550292e-01
6.277554131836042828e-01
8.001740449946950218e-01
6.767496509857423348e+00
-4.415877997981904057e-02
-4.318593394061084889e-02
2.109226279233683554e-04
1.472647082610108876e-02
1.845204234621835443e-02
4.358744182810877360e-02
6.954841755088933541e-02
1.015044434004420126e-01
1.372095233850389728e-01
6.211014132777578078e-01
8.821709229108112282e-01
1.784721211097302973e+00
-3.978256173818018465e-02
-1.250577549972623631e-02
-5.637931237990126410e-04
3.729970958344132337e-03
7.390871766023467127e-03
2.686987325838256085e-02
1.128007768205316341e-01
1.241228832638631985e-01
1.853383609456018266e-01
4.656900362879314303e-01
7.804087457522528304e-01
9.883951123316071508e-01
-2.784199045040598643e-03
-1.023278724582318486e-03
9.954233306347275503e-04
4.939768575777719536e-03
1.279673854550366849e-02
2.290961924356091362e-02
1.006224855931177747e-01
1.241447046603541965e-01
1.437372184575494427e-01
1.573733227525766221e-01
7.091179586565242721e-01
9.845713178726896997e-01
-3.078449420718759599e-02
-9.155735893601819192e-03
6.758174800212436717e-04
2.507442165470472745e-03
3.489547968205091583e-03
5.318120194997614375e-03
8.684296747154169466e-03
7.585675751374054698e-02
1.162571644166398716e-01
1.392233241428455504e-01
6.932802787952579981e-01
9.656555305676212120e-01
1.075483418382201621e-02
1.091541020810946061e-02
2.199335029651967519e-02
2.110598610661820751e-01
2.200298928027626388e-01
4.298760292418357665e-01
-1.082542854884857575e-01
-3.090253853167024278e-03
-2.379278618375557652e-03
8.289298952064622084e-03
2.119917994205683665e-01
2.128562012493944444e-01
-2.579154860134737492e-01
-6.138795841525379604e-03
-3.854182946366677132e-03
-3.095141606131820988e-03
8.735817730422827665e-02
8.799398837360258852e-02
-1.498284334952924568e-01
-1.251415384230590566e-03
5.338695469441004371e-04
8.971035208885994039e-04
3.199232903623464713e-02
3.393826103345608247e-02
-8.776634147825140841e-01
-7.851767810679046722e-01
-7.107783933618567751e-01
1.016254531227102076e-01
3.303717334204128164e-01
7.962352690239481667e+00
-1.482955359946494869e-02
-1.045439323657659444e-02
4.720652254587733021e-02
4.982846428412585071e-02
5.719852631724983705e-02
1.155759616765787090e+00
-9.870267209284742591e-03
-8.403703534748726417e-03
3.154479706609472286e-03
1.011134101882009140e-01
1.026012257066255817e-01
7.161660361744321968e-01
-3.779155556098339613e-02
-2.276472029625100507e-02
-5.130553238617142908e-03
2.302156182075663221e-02
9.140733913880239037e-02
1.082900095121258066e-01
-1.732189242782700145e-01
-9.462829045445782412e-04
5.053158921876717193e-04
2.423912935743809983e-03
4.629509336137941494e-02
4.762625493150291628e-02
-1.616679845706177066e-01
-3.458453052454027454e-04
2.688691176777197045e-04
1.463677830573856253e-03
3.801514049464815165e-02
4.008097265846270046e-02
-1.498943644060536096e-01
-3.613106420642456240e-04
1.340582137697800963e-03
2.917057193945152282e-03
3.002426727905305529e-02
3.243082932958824688e-02
-4.866449302736281513e-01
-4.795433672677446024e-01
3.234905858659337108e-02
8.273502207335664549e-02
1.109090628321510175e-01
4.463249829041936678e+00
-3.035908420238129790e-01
-2.794302373511359239e-01
-1.107211487888222212e-01
-3.186455119789477486e-02
5.404030823690952889e-02
3.437151278267087218e+00
-4.725818288839583325e-01
-9.945880886689995037e-02
-7.329010638857624826e-02
-3.459716472306822999e-02
-2.360538788177896086e-02
1.564078860196612020e+00
-2.303966350100334140e-02
3.737087908315533946e-03
4.706977005772241401e-03
2.056579109193120217e-02
2.172584613136091178e-02
2.551576908769560559e-01
-6.239492655328228443e-02
-1.813094064815109075e-04
1.253239814302266038e-04
2.446102647227188748e-04
1.210479702041231294e-02
1.227017096086534427e-02
-1.802039745468869414e-01
-2.502207962713665079e-03
6.838306651395786862e-04
7.048750432276346123e-03
1.492024161036051011e-01
1.511030599835803956e-01
-2.342638845501935907e-01
-5.915020318715005776e-03
-3.268776052565591783e-03
8.291574551957142658e-03
1.043830816393388761e-01
1.073613288543451838e-01
-2.156041756949545474e-01
-7.358401433055494767e-04
1.055971254192600295e-03
5.444562002030584047e-03
7.375166143821537679e-02
7.433934189365513923e-02
-2.023158808954149124e-01
6.131463397959502348e-04
1.321294009612027087e-03
1.933171367355372705e-03
6.063628639032950934e-02
6.191693752098877818e-02
-1.865754484076836972e-01
3.658483061663581060e-04
1.457313157099127121e-03
4.138259898014057248e-03
4.771236844608289090e-02
4.822957523598798979e-02
-1.826682990042666210e-01
-1.934973707574491608e-03
1.967042380598825468e-03
4.499377960084788297e-03
4.242351651263035622e-02
4.427796666852708979e-02
-5.070248912212168418e-02
-7.966826369866460145e-03
-3.398942736866847336e-04
1.788847892087530936e-02
4.122541144090007686e-02
4.582318691780625647e-02
-6.693395374732778735e-02
-3.210789696304054697e-03
7.781751192070807122e-05
3.690097378478252033e-03
3.668136046467031924e-02
3.890047766422920217e-02
-7.187579006615063548e-02
-4.931090851069651337e-04
6.689121114543047919e-05
5.653388090791251763e-04
2.806204850067962539e-02
2.826114256768703578e-02
-5.951937313257999601e-02
-2.345371999969113330e-04
-1.628625557497931364e-04
2.415035248871523488e-03
1.988322050311332537e-02
1.999325308667512791e-02
-4.221475290508897027e-02
-2.295253989451403326e-04
-2.856633387814631886e-05
8.533360602228021174e-04
1.118113007031818797e-02
1.138257305087131063e-02
-3.897779073658835802e-02
-2.719626221181492554e-05
2.188169704219117273e-03
5.775654799947349538e-03
1.020689082541806347e-02
3.744341098628219816e-02
4.900895193065973182e-02
1.120813497628821154e-01
9.479477016036188530e-01
-1.901705199937935020e-02
-9.826774289992318279e-03
-1.120528408188221914e-04
2.620069168382692382e-03
1.259378438466699640e-02
1.471309113997661122e-02
2.147244277903442855e-02
9.457466523741206443e-02
9.093789395852036606e-01
-4.980041247700841417e-02
-4.008604810074790914e-03
2.925781595556828374e-04
2.373293252138877762e-03
5.857544809282619336e-03
8.420416394295950069e-03
1.540666434429396187e-02
8.844592727348454808e-02
9.261487877022306359e-01
-4.081531175557936431e-01
-6.419105400110680648e-02
-3.929045404614256443e-02
-2.643753728345776821e-02
1.184646633771685442e-02
4.247447845679641620e-02
8.172364316429714393e-02
2.502662155044668713e-01
4.376483348586606703e-01
6.249515924104256381e-01
8.729664080322523390e-01
3.144984221922225043e+00
-5.439589291828337420e-02
-1.215024186430040121e-03
-4.326239381818655638e-04
2.670367582271529483e-04
1.320472049348708765e-03
1.603463552023898231e-03
2.803680738127624361e-03
5.897062722986097516e-02
9.858125259017812281e-02
1.336769301263196486e-01
6.914689575636211449e-01
9.772514142418579075e-01
-1.343598150278216405e-03
8.339462185455292359e-04
1.690382697779057447e-03
4.074373620048849995e-03
4.855394331926947415e-02
4.943365865363478356e-02
-7.067948534971544294e-01
-6.462632098215640442e-01
-4.084031113826401826e-01
-6.957209038832901093e-03
6.576129254748819264e-02
5.382694729937864686e+00
-2.216427889445385935e-01
-8.568671124129459415e-02
-4.970151610682876919e-02
2.934875494617841807e-02
4.040369394026563366e-02
1.976866596071053639e+00
-1.613361758647735220e-02
1.331961311385318480e-02
2.146664872653441039e-02
1.258537747252748695e-01
1.327411803561779624e-01
7.895588972273036577e-01
-1.085176432179971728e-01
-1.546152522225785475e-03
2.189647154192869705e-03
6.057992789078231466e-03
2.098396291962750237e-01
2.105370680726758592e-01
-2.637878186106842326e-01
-3.884475884333660201e-03
-3.355934834726029270e-03
1.659474926533663353e-03
9.165522275990445333e-02
9.235120707613922453e-02
-2.039125474871819055e-01
-1.086412817230750227e-03
-5.466964090575510138e-04
3.341151803932657094e-04
6.216063473315015797e-02
6.323176696809341968e-02
-1.781050080039681682e-01
-6.201948773208976542e-03
1.242500879347696770e-03
2.082138752178784406e-03
4.872065459477502997e-02
4.965390409787591441e-02
-1.414652126752281580e-01
-2.104698138580343714e-04
4.898131573111003112e-04
1.047712733545404229e-03
3.225913733629977992e-02
3.338556194043015152e-02
-1.551145645250943672e-01
-1.167686154371533336e-02
-6.767312151862603375e-03
3.499635087378027976e-02
5.018667134154336518e-02
1.477391240165183639e+00
-1.195706130294563047e-01
-6.863381843045801567e-04
5.146873915715124981e-03
2.575069522745868089e-02
7.477982121531746851e-02
7.909834754976997895e-02
-1.526404863309319959e-01
-1.156271699801633690e-03
2.015226813324499933e-03
2.465228612755679394e-03
7.283211140286953433e-02
7.523189370595029235e-02
-1.899321652258161852e-01
-6.776507987575272618e-04
-2.473741859162909007e-04
2.160804308707908739e-04
5.439188919215207085e-02
5.523425017563384637e-02
-5.437248963255669754e-01
-5.327792328165589231e-01
5.184875545380029926e-02
8.155937990930428594e-02
3.414380884794754323e-01
4.641246369856376397e+00
-3.086536718108702226e-01
-2.958672541261588851e-01
-1.214343299284054503e-02
-2.926487806660029323e-03
1.736579867695919321e-01
3.669246826878775014e+00
-8.844414865670131853e-02
-7.287543513241470650e-02
-3.186719564795498227e-02
-2.503226053526598494e-02
6.931061774386737540e-03
1.820660876449618382e+00
-2.995689392526670533e-02
-9.443541263034236494e-03
4.477792703505151239e-04
1.805613445063247030e-02
2.715813834234682977e-02
1.109304735783139151e+00
-1.739466609366133454e-01
2.421388143349995081e-03
3.619672451434491345e-03
4.588640997995060977e-02
4.671529963652717998e-02
6.097239115148487265e-01
-5.055654583496715926e-03
4.349072775083239611e-03
6.403573792275112780e-03
2.687008200135182490e-02
3.256357221328418788e-02
3.530666344809729740e-02
-2.123393878146362379e-01
-1.160347771943083832e-03
-1.142815728672500527e-03
-6.710369837005514260e-05
6.669401562438895259e-02
6.740262664389916336e-02
-6.339395528146903221e-03
-3.459842331626400251e-03
3.088216369467002703e-02
6.747805254477376447e-02
7.151688122619796750e-02
3.202100573373317105e-01
-1.846501104483546166e-02
-2.672560869933327671e-03
3.110811474389615916e-04
4.718835064635384935e-03
5.838174465265014851e-02
5.976415713121078360e-02
-5.484033399778871082e-02
-2.796921878054123289e-03
-4.666414748379366095e-04
1.233457272873345750e-02
4.299704469175412436e-02
4.412971045757772132e-02
-6.432044445489325246e-02
-2.976682689215102984e-03
-4.569467994413947687e-04
5.360603030188988705e-03
3.713158041810829535e-02
3.860681509196678407e-02
-5.543772857765814910e-02
-2.994939573793577170e-04
-2.012921771300975327e-04
-2.212635291411885197e-05
1.690583233064458027e-02
1.704516234543734104e-02
-4.605053898216046604e-02
-2.133937367768236684e-03
3.336754869861387716e-04
4.803577942701114283e-04
1.176906503005980056e-02
1.188351374444594072e-02
-2.631149614964367958e-02
6.832086963020275738e-04
3.155449869227194837e-03
1.435491281636579186e-02
2.211556269216880671e-02
8.379059219074259934e-02
1.387037163959518871e-01
2.823619606680587979e-01
9.174182600508584695e-01
-2.321119643385835887e-02
-5.469321953011578585e-03
-1.023212445131111564e-03
3.648599671716296067e-05
9.941693586390625004e-04
6.912353442823881283e-03
1.140511505996677846e-02
1.051220738753976397e-01
9.457094697821784024e-01
-5.044144437230537736e-01
-5.446255192963223024e-02
-3.255455024058967473e-02
-2.966389062799307252e-02
1.264407158350977500e-02
4.361837852485839218e-02
8.397274608889715442e-02
2.592614047490308105e-01
4.594613205934141575e-01
6.320655415233095153e-01
8.850876700635071925e-01
2.906272239621913389e+00
-6.560508378873216272e-03
5.045788896109277763e-04
3.340394572953668886e-03
5.261059299103518216e-03
8.091230256176413019e-03
1.682719549796102276e-02
3.108017397660463310e-02
9.233076714021118403e-02
1.318532058938026996e-01
1.481892300880405799e-01
6.950214753118807431e-01
9.667130010086938396e-01
-5.228040793537820641e-02
-2.093251273034293924e-03
-1.270126420243003484e-03
1.053683226467892753e-03
4.435599016910214687e-03
9.565352278257888141e-03
1.894413665217099113e-02
4.965500808992853038e-02
1.132635254963436089e-01
1.405535642830181842e-01
6.892966386687102709e-01
9.762405053115170706e-01
-5.491752809295311760e-02
7.654995507018827472e-04
1.674908928632264093e-03
7.658725831404616935e-03
1.005347385990403020e-02
1.585217304173586195e-02
2.056191028399528831e-02
5.392775248042575020e-02
1.153993060894841077e-01
1.472548672968753136e-01
6.842710941869214469e-01
9.683398671723757456e-01
-6.898756955962683790e-01
-1.770698958044339966e-01
2.218492641952973798e-02
5.306495778958997267e-01
7.276634723011152772e-01
3.637087793878272635e+00
-6.970241353683313823e-02
-6.679391353159165601e-02
-4.051347451846752656e-02
-3.652491173656850776e-02
5.016279082863599192e-02
1.161642748479158271e+00
-3.764975756282873398e-02
-3.594417403703006192e-02
-2.833669417219610021e-03
-1.461980622577324640e-03
4.386024652456972650e-02
8.028877707004208331e-01
-1.288618603764009156e-02
1.895538114381669498e-04
1.302629251970700841e-03
4.498521396748090401e-02
4.703544973375136523e-02
2.937938929886663719e-01
-6.060406519751942826e-03
-1.828814517554388890e-03
1.909675679501838738e-02
5.924153891056378046e-02
5.995042745818254110e-02
1.006358262378749258e-01
-3.877417010007429277e-02
-5.312540737248544476e-04
9.756373756852482204e-04
5.770414617636055593e-02
5.944894353322241476e-02
9.340186913119769008e-02
-1.835795975083275022e-01
8.898044367242452513e-03
9.318633658793679109e-03
5.092571679035134968e-02
1.748099845448871092e-01
1.793471556757186280e-01
-1.860217828168553023e-01
6.237882291233759480e-03
9.581249257537421959e-03
3.617797120962172597e-02
1.426951648916328086e-01
1.489650357341621434e-01
-1.279177600653488012e-01
-1.195389163881985795e-01
-1.065354269246848451e-01
3.068458339380103483e-03
2.278418467663098634e-02
2.405583928995554732e+00
-5.745189955136753047e-03
-5.422345554829352890e-03
2.055982328818557053e-03
7.156317947630372323e-02
7.421388530770180181e-02
7.451867370678085800e-01
-1.486678793953439826e-01
8.981645084045475347e-04
2.533520982069520366e-03
4.216426552787880255e-03
6.928778218485245888e-02
7.504680837039597041e-02
-1.670385516694937178e-01
-5.997116553197706645e-03
-2.297943366290494671e-04
1.434628792786170337e-03
6.235962737757065610e-02
6.385204845896309822e-02
-1.791779087981437424e-01
-2.163582764822293003e-03
-1.879605034459441715e-03
9.905414329968095788e-04
4.611111550602620124e-02
4.647420800073584490e-02
-2.569737977886692518e-03
1.587587094369415606e-03
4.110842960625284148e-03
6.423959653513891359e-03
2.969118872278841276e-02
5.184628753645881272e-01
-5.792264732511933148e-03
3.016432329662831202e-03
3.809851404383370055e-03
6.423573125453789848e-03
3.040372273147952387e-02
3.405873566976582584e-02
-6.061215311426619567e-02
-1.791947948501883270e-03
-7.112109330018497044e-04
5.788516083111150401e-04
1.659631150489754639e-02
1.684747505489498851e-02
-6.047217992504062140e-02
-4.668477349892303369e-04
-3.845279578338842152e-04
-2.304292334285966415e-05
1.349927774685394377e-02
1.350323748301961169e-02
-7.921339417551648276e-01
-5.710473895559253776e-01
-2.631854380588256603e-01
6.254429092927371592e-02
3.432913376329604915e-01
7.288948886094328117e+00
-2.339027374519652147e-01
-6.280430131516259729e-02
-4.323489194299481864e-02
6.182208417514359344e-02
4.066197479649614754e-01
3.493000070190357409e+00
-1.344623810369307004e-01
-3.756501358089264775e-02
-1.853787259024824996e-03
-1.071718504338597944e-03
1.496124682814538864e-01
1.498959509969000348e-01
-1.265460042664430691e-02
-5.614591023476648950e-03
3.228795190125269277e-03
7.833089324580540941e-03
5.193281563651224592e-02
5.539500869606927419e-02
-4.791843481833124585e-02
-3.979142755670933562e-03
-7.824299653909003172e-04
4.243574885148378162e-03
4.828837711671876698e-02
5.011848842085925293e-02
-7.281796723267904003e-02
-7.348066025479951802e-04
-2.547694819204360250e-04
3.893013168557335479e-03
3.314296981446020196e-02
3.324195034229675966e-02
-5.078138618559231016e-02
-1.264240130732785516e-05
8.019563955017454393e-04
1.198003220618672204e-03
1.089327572105542111e-02
1.172414853272381666e-02
-1.529963709178753906e+00
-4.063473786403930532e-01
-2.434329095588627645e-02
2.978688934418971535e-02
7.805876442162706930e-02
2.046958116481876200e-01
5.196209238839137878e-01
1.216901814895154255e+00
8.074606248230603356e+00
-4.784892415089266743e-02
-2.699408231882707843e-03
1.986891357782023804e-03
5.876816329715608966e-03
8.526869924582465565e-03
1.739554419952919068e-02
1.924040926631965381e-02
1.147226151627645241e-01
9.786158541749938600e-01
-5.100629078566799174e-02
-3.714710888280500778e-03
-1.999515256340421432e-03
-6.426613134645417502e-04
1.162748210145905792e-03
1.788719787172272924e-03
3.051221331113782020e-03
9.282813315885124483e-02
9.474308354691588496e-01
-7.061984056564687973e-02
-1.285053799114314887e-02
-8.805597757646985158e-03
-1.692869533115551328e-03
8.988814849747173152e-04
2.279762697025372598e-03
1.198880985046657521e-02
6.646222676055145440e-02
9.380435332189246411e-01
-8.376374233915473866e+00
-2.118264508749813757e+00
-8.934112633850865848e-01
-3.697302011569512104e-01
-7.522583529308590755e-02
-2.936314418702501428e-02
8.519435700006816603e-02
8.750978434979970189e-01
1.273386827697535750e+00
3.240562551113553624e+00
6.694702972633118421e+00
1.538028263784280192e+01
-4.929713528884583362e-01
-4.230642282903566698e-01
-1.606018893627614852e-01
-5.268275120598420180e-02
1.063183123500205385e-02
2.996270165888031967e-02
6.891240530519388008e-02
2.406575751893907378e-01
2.818030701640789615e-01
5.901180658988856020e-01
8.260879806887797550e-01
6.128655771543560782e+00
-5.191699675227313265e-02
-4.509282059585500990e-02
-1.638449651857329381e-02
7.100368163312796577e-03
1.647047735519902023e-02
5.453656189535435739e-02
5.868379900668475868e-02
1.077793519470229139e-01
1.710521323746249100e-01
6.229707271769818755e-01
8.784008464229159374e-01
1.782577716380439270e+00
-5.458604156681845510e-02
-9.097790565686172948e-04
-5.297549815678620488e-04
-1.998356052417618600e-04
3.191549358535356040e-04
1.230873719287269019e-03
1.611276935498805185e-03
5.046087025084266403e-02
9.134922624272112657e-02
1.317679642892624903e-01
6.899363683589744278e-01
9.752666499849178550e-01
-7.776631451240041681e-02
-7.186878190714862669e-02
-2.704563565203898373e-02
-1.158653055867554793e-02
1.689623561684679143e-02
1.155257074682415563e+00
-7.003100843455789537e-02
-1.936092968929332969e-02
1.260563255795438264e-02
1.287798206086379627e-02
4.506955683922754530e-02
2.661840188404712704e-01
-1.583678692676568356e-02
-5.298159823144292513e-03
8.356858083086053657e-03
3.900130059420295336e-02
6.299490782897670949e-02
1.739046724299772861e-01
-1.509960219398164688e-02
-9.113503270103972403e-03
7.547793974996009833e-03
4.042354441340752919e-02
6.293060794867630370e-02
1.247931668350055062e-01
-1.806746895487070792e-01
-1.740749229888138849e-02
1.575081483296000839e-02
1.328661201718344953e-01
1.744480932178813781e-01
1.454516116504246170e+00
-1.410002686404934757e-02
-3.372127472786118352e-03
2.420667734278114658e-02
1.768102348056422579e-01
2.008279401578241252e-01
2.135680853735879847e-01
-5.792295040189916755e-02
-5.840359569484893099e-03
-2.304974765747161425e-03
3.807706578472066367e-02
1.929294552364792525e-01
1.955203247539311073e-01
-3.212841896231993788e-01
-1.762633700195359587e-03
-4.632595169784814448e-04
1.537101862366783978e-02
1.327544376231386825e-01
1.332820348795685506e-01
-2.636693354930758071e-01
-4.430926947192728726e-03
-3.022563587679702457e-03
-2.463478676003841294e-03
8.961882947009836009e-02
9.009487919102050768e-02
-1.997262866149440430e-01
1.230751283614356373e-03
2.008547478435332434e-03
2.602147927850496922e-03
5.462783411652197968e-02
5.666933262252168285e-02
-1.576864052074261890e-01
-3.192342597638098654e-03
1.399198386484483457e-03
2.586388083669849923e-03
3.582275357173081431e-02
3.653466651101230228e-02
-3.667362513635557403e-02
-1.465610377402064290e-02
-7.117765003575870358e-03
2.608793165501262917e-02
9.804462416765311050e-02
1.065317182420529585e-01
-1.659501721792090989e-01
-8.926895578137000742e-04
6.314140425797837297e-04
3.149834364172446333e-03
8.062893489226362342e-02
8.253127561500664400e-02
-1.459846775525591445e-01
-4.374997697414173548e-04
1.029505419783208198e-04
3.552242085944689459e-03
2.934267046084591130e-02
2.941643781319794662e-02
-2.894016480154918552e-02
2.992976911836264103e-03
4.253395623613102222e-03
2.701034739738193344e-02
2.875049588844636947e-02
9.965768087127145625e-02
-5.986896869075402500e-02
-5.611174065180066228e-04
-6.977920664278866592e-05
1.437447232682013964e-03
1.938229002507708965e-02
1.967282321248903579e-02
-6.164832816895345069e-02
-8.354855522623837877e-04
-6.555364992568459004e-04
6.171518210589137243e-03
9.989564779425069013e-03
9.996613561792086489e-03
-8.157402785919705412e-02
-3.818392139996595880e-02
-1.884462461163617653e-02
3.822891619331686419e-02
7.919503993788189200e-02
3.225790351575941628e+00
-5.462811650225199434e-02
-1.756607815602065359e-03
-4.088110803249708769e-04
1.869648192035224810e-01
1.875377108820365235e-01
5.609887507156202657e-01
-1.116646139403681959e-01
-1.290869685408313483e-03
-4.734347212344003353e-04
1.821488186676304133e-01
1.826219224553319032e-01
3.292269602517151061e-01
-2.370496767199993249e-01
-5.608593353021787409e-03
-4.196347575841127830e-03
9.266168619228007386e-03
1.063985620507446328e-01
1.091093446900567449e-01
-2.044035351001418643e-01
-2.570555142677469207e-03
-2.008825441422903979e-03
2.512577039874799856e-03
6.469798661307314680e-02
6.534421359329418977e-02
9.473114223780334034e-03
1.598613512724414432e-02
3.868640048878597970e-02
4.820751301512923859e-02
5.201100224284447432e-02
7.357814008172174347e-01
-3.773179813324541165e-02
-4.497888548076617310e-04
8.945897950979719848e-03
7.359554980122340329e-02
7.929259217760901979e-02
1.179220990058517382e-01
-7.119408688099676530e-02
-1.857293348722605791e-03
-1.496731974694711503e-03
1.198501678451185243e-03
2.936674735258437349e-02
2.946007393587886380e-02
-4.935224350787569686e-02
-9.672035597643301869e-04
2.544933951457457183e-04
4.315387246561393220e-04
1.354101126468676072e-02
1.355380337965132395e-02
-3.011642428580764808e+00
-1.820784542262068761e+00
-7.454175877954347662e-01
-3.493934864368908322e-02
1.427302186682375407e-01
4.354591008321166967e-01
1.441931978408935944e+00
2.316010054289356912e+00
1.581497870745413792e+01
-4.144689882951783227e-02
-2.751549692068172570e-03
4.476951829770876856e-03
7.980211776117837608e-03
2.048718381321178172e-02
8.977245899716132516e-02
1.289217203576640824e-01
3.276966937596440532e-01
8.805394005954290115e-01
-4.312055773825862470e-02
-8.559139176120680870e-03
4.072901688347493887e-03
9.201781090981797639e-03
1.025635459498949048e-02
6.960839712420259506e-02
9.086081982093954790e-02
2.061385615034452556e-01
8.686196592111868897e-01
-6.740735531959665683e-02
-1.973714039371368689e-03
-1.199581118681736225e-03
-2.030928872228975393e-04
-1.509485933857508872e-04
1.363943576143500369e-03
1.991262888605127568e-03
8.178556056622124371e-02
9.468262252643424581e-01
-2.476264219260902039e-02
-3.405732361184611590e-03
3.016353851800820246e-03
5.367501739465742328e-03
7.827132914042772560e-03
1.517582222074929932e-02
1.081031173776627330e-01
1.326361100514806268e-01
1.488228311381825375e-01
2.693436765769225971e-01
7.186625225752080182e-01
9.818881877971137317e-01
-5.299967443946364265e-02
1.287011494262371714e-04
2.456532493225471736e-04
8.863276446030229905e-04
1.677065975643564355e-03
4.297672856594027258e-03
5.823432889138197011e-03
4.445144325899788584e-02
8.458504295370443404e-02
1.354891106971921610e-01
6.872046287175691548e-01
9.653585993079398797e-01
