1.798747980134847194e-05
3.465460134121463380e-05
3.877848395558609613e-05
6.271348234700738168e-05
1.251701690970773195e-04
5.629586288824829353e+03
8.668151378191559772e-06
2.114623948956360097e-05
3.155425913614226893e-05
7.555050108014605130e-05
8.215581479405080804e-05
1.649767069003243932e+03
1.676667938864018253e-05
1.962243486947046382e-05
2.793764172360575966e-05
3.027770921811035146e-05
4.563021357632820145e-05
1.215443517563355044e+03
1.195504642237765381e-05
2.700593424941656753e-05
3.376616048731965656e-05
3.832536245010694534e-05
5.076478671270063750e-05
9.737556206339963865e+02
2.823834226255416252e-06
4.050872631362934954e-06
4.377167266637617440e-06
1.815938966497280456e-05
5.713210428433775821e-05
2.360083696143082307e+03
4.786705113844304303e-06
6.933825545852947167e-06
9.224838044632733302e-06
1.726128361263285269e-05
3.145804379691432656e-05
5.039768723869075302e+02
1.722027408026586130e-06
5.438969612605141752e-06
1.020920595287521713e-05
1.942604173466934661e-05
2.259872100914509465e-05
7.045667382025504821e+02
5.535730129519704394e-06
1.048977792582639096e-05
1.195003694468438326e-05
1.880280095822133826e-05
2.438062611229110642e-05
6.222313892158584849e+02
2.554145172766562906e-06
3.189071672369245629e-06
7.498099658742567181e-06
1.070645893367466672e-05
1.427364233259710894e-05
5.453858325626180203e+02
1.422498652481919182e-05
1.708480126331752080e-05
2.822834396300287390e-05
2.914270787833528410e-05
4.425433768540510386e-05
1.960262672789374619e+03
6.899061384474139652e-06
8.185034411889709834e-06
1.806675770567714499e-05
6.471236231136831194e-05
6.725904375963380271e-05
7.078217095958481195e+02
4.243548977635265611e-06
8.184897214390297147e-06
8.258411087757516471e-06
1.106358438672509424e-05
1.738909840318808992e-05
5.622814875166961883e+02
4.172274569280582445e-06
1.507831108401767344e-05
2.068584449348446615e-05
2.194624267369029897e-05
5.110050755095447338e-05
1.645638764262983159e+03
7.118052901253770824e-08
1.038387999966546825e-06
1.185892823131584937e-06
8.442136438408312515e-06
1.260188098499531967e-05
8.140404489327727333e+02
2.732669698574769123e-06
4.008996193353514415e-06
6.040465392646618015e-06
6.404625306916849376e-06
1.806675770567714499e-05
6.075685440767241516e+02
1.956066401374731385e-06
2.414090945728821850e-06
2.735318238756531049e-06
3.093537983472452890e-06
4.224778143755964832e-06
2.909518317169904549e+02
1.529851624121913259e-06
1.871165035304739249e-06
3.076368753585031192e-06
4.462177840799380042e-06
4.516623012885166504e-06
2.799886692502231540e+02
6.319658172001866144e-06
8.549843957170732164e-06
9.033378852838572497e-06
2.268469108399333395e-05
3.132974303068465979e-05
3.125411603721823326e+02
7.440974005528767128e-06
8.573266709417972622e-06
1.335465534016179219e-05
1.651532244270798483e-05
2.048429108520222262e-05
6.733185728243167887e+02
2.307957572446077205e-06
8.086339988811059229e-06
1.195003689558113453e-05
1.708210298330611752e-05
4.054575409675141156e-05
9.205261004846693140e+02
1.704833299050165264e-06
2.071211737472170341e-06
5.478994763147975102e-06
9.033378811821169739e-06
1.084807165346423921e-05
9.870749641287197846e+02
2.742144811909459273e-06
4.016962923854082916e-06
8.920613814546087339e-06
1.090240997899432307e-05
1.354103590623441473e-05
9.509687471608223177e+02
2.522968127800506620e-06
6.574827567194277887e-06
7.473821064394593355e-06
8.666413748123262824e-06
2.036954093121272629e-05
9.155001236296518528e+02
3.890462633771588291e-06
5.704214450086371167e-06
5.954234540251899160e-06
1.088837553396947567e-05
2.275868277526101339e-05
7.836786632423049923e+02
1.178560047241213401e-04
1.544946258289322714e-04
1.845677322589356264e-04
1.956106131087472356e-04
4.310550845501240217e-04
4.706133479820959263e-04
4.068511916427159576e+03
6.708040499279113646e+03
1.550896786079822778e+04
4.267972754147571625e-05
6.553936248961774651e-05
8.061190366450560196e-05
9.688469434913681087e-05
1.940785632518114917e-04
1.999312853278296216e-04
3.687440367953248824e+03
5.390133508384868037e+03
8.427299112740281998e+03
2.817678198788730527e-05
3.372086238160375233e-05
5.723489766906476048e-05
6.018443869684389204e-05
7.436928108255662286e-05
1.935547037853079964e-04
1.074954307804373684e+03
3.291691389488278674e+03
3.676700771421274112e+03
2.031167200259132105e-06
2.507063258052806508e-05
3.323748893800880760e-05
4.045671122118840219e-05
4.306279513995394954e-05
8.208979297270379628e-05
1.004630160706379797e+03
1.109563841985932868e+03
3.619463931254489125e+03
1.714227469555328740e-05
2.330611779805461236e-05
3.454299915709174858e-05
3.853228567684425772e-05
3.905379739310963118e-05
4.477830569739171395e-05
1.151697813139382106e+03
1.586988561073049368e+03
1.637133540245708673e+03
2.602047940599818503e+03
3.412724634048955977e+03
3.462209580244832523e+03
9.360451768455823950e-06
2.033954085190393905e-05
2.294931360274036420e-05
2.505594517373605423e-05
2.806099555661969598e-05
3.811054894509375342e-05
4.046348203175948584e+02
1.177115037017552595e+03
1.386278657634089996e+03
1.514269101754637177e+03
3.393492721965141300e+03
3.448066167040321943e+03
1.183583446212434794e-05
1.725205950594602518e-05
2.097783452468176624e-05
2.350776405535534832e-05
3.631176609203686585e-05
4.958701442814506455e-05
6.864462400476051016e+02
1.111618524472123227e+03
1.270751298498606275e+03
1.480353789117991482e+03
3.387189203463169633e+03
3.448086380470666882e+03
1.097855261520368428e-05
3.057216516384970371e-05
3.115648491649040974e-05
4.157382142751736505e-05
4.576601562927114719e-05
7.174960520549827231e-05
1.004733776544276452e+03
1.272548398696301547e+03
1.295417550938851036e+03
1.561767281597252804e+03
3.374951943503591792e+03
3.443034287231596409e+03
1.575112215420761916e-05
2.215469919361648220e-05
3.791480862332733797e-05
4.396011426428095867e-05
1.251701690970773195e-04
5.337904991199883625e+03
6.523265539367089161e-06
2.161650699153050192e-05
2.212716884270255193e-05
3.016865642681639640e-05
5.155648193250485472e-05
9.828393938964987910e+02
2.156013348697744571e-06
1.193362051381489202e-05
1.491701842008592130e-05
1.691687339166849229e-05
2.513397670901689867e-05
1.053942901845711503e+03
1.366024076877104622e-05
1.379467427031429272e-05
1.654350031503436377e-05
1.749341017786151472e-05
2.055523306562653685e-05
7.773574587488874386e+02
3.060846249902460600e-06
7.625170252941596070e-06
8.300659028418071769e-06
9.581345128057114875e-06
1.253744616416145187e-05
5.516866701670236353e+02
1.159281448723997537e-05
2.157986969412383730e-05
2.562817411665471774e-05
2.578774831096977791e-05
4.425433768540510386e-05
1.835682908631055170e+03
9.334755428201878090e-06
2.139460792948305566e-05
2.312293422986424520e-05
2.555025377547723669e-05
2.993100936124580620e-05
1.262617904793539310e+03
5.453670743515283433e-06
9.118809013068901285e-06
1.222170718367039156e-05
1.394507426974554850e-05
2.403923448591334017e-05
2.941591051151804663e+02
1.631000899670826283e-06
4.888765231914568869e-06
9.342137987960757005e-06
1.489958114676932407e-05
1.634038113345586332e-05
2.064123331318387784e+02
1.425149953089579837e-06
1.486347865706620669e-06
1.170838743670602923e-05
1.232140126309152818e-05
1.428302607108443955e-05
5.578504964772561152e+02
1.818566432903375500e-06
3.567905071717776188e-06
3.903849324501986866e-06
6.547832943122137047e-06
6.890667594812802567e-06
1.624915452254477657e+02
1.599755753195405232e-06
3.112941917195666086e-06
5.007830686744868357e-06
5.592799279411195193e-06
6.134738908005803026e-06
2.270293879643047035e+02
2.674858064702390984e-06
4.250906973828770940e-06
5.049812294659186705e-06
5.228800087382579180e-06
5.892010624176192254e-06
2.846647183858376025e+02
4.654000462035042513e-07
8.534950808153199339e-07
2.060537552300906616e-06
2.765896212199023819e-06
3.007980941283367717e-06
2.902144307704789412e+02
3.818224539062053953e-06
1.789548684322951526e-05
1.906809545508235336e-05
4.288457373918568222e-05
1.142642085686755164e-04
3.644432518277369581e+03
7.372826304623426914e-06
1.285390791670222186e-05
1.687933527440390444e-05
2.595373574465385127e-05
2.724488478304587974e-05
3.720704100010593720e+02
5.627056952824503139e-06
1.250266169179209080e-05
1.656463803386809525e-05
1.939174338715182147e-05
2.131231936672683920e-05
3.542573524159256522e+02
6.992526951088115572e-06
1.093981638420410783e-05
1.391429116725720469e-05
1.586992313497144233e-05
2.103528308128004004e-05
5.481025420863101090e+02
1.908916980529253529e-06
5.948243417701440178e-06
7.721627648998536042e-06
1.277512682886643868e-05
1.649729988676906125e-05
6.572100057514991249e+02
2.945360925557469042e-06
4.603818243556529525e-06
4.670562006432491892e-06
8.443587582570327601e-06
1.509016430499175622e-05
5.974092106854503754e+02
3.464144771888074543e-06
5.541023247205452204e-06
1.031790580918084930e-05
5.556339872643946236e-05
5.999694683188255747e-05
5.557798275515382329e+02
4.109263410112174929e-06
6.752551054751834124e-06
7.502173235942002638e-06
1.564627107507277773e-05
4.007316994744964132e-05
1.007300806490000923e+03
1.803708176081058297e-06
4.957025740340319968e-06
8.419828313821471979e-06
1.748720544748955710e-05
2.634606890635565274e-05
1.001421568666813755e+03
1.574248092481385413e-06
4.242240082615135802e-06
8.074548124714454525e-06
1.517995292954223424e-05
1.744546964576074738e-05
7.778386059034273785e+02
1.049805352382310433e-04
1.310172259930300176e-04
2.122481400107640280e-04
2.174558907892567270e-04
2.796838541759658243e-04
3.358425392834894340e-04
2.472615112106234847e+03
5.976631809811364292e+03
1.828618373146134036e+04
3.163985617228734314e-05
7.148772125352122414e-05
8.995599515157211117e-05
1.387679298362441964e-04
1.897592151933532190e-04
4.055606507511182613e-04
6.010113791357198352e+02
3.474494980489420414e+03
5.896556508971790208e+03
1.457784899363458666e-05
4.958890663830199799e-05
5.193142463012235930e-05
5.359187683274938186e-05
6.564330044836477686e-05
2.089200199373974619e-04
1.064413332482087981e+03
3.230086676459750834e+03
3.704490379957182995e+03
4.376848900492888070e-05
5.064989010057407347e-05
5.085385977292765315e-05
9.126438791324293536e-05
9.745339962703831961e-05
9.748117568055385544e-05
7.638408262262815924e+02
1.320438575924722272e+03
4.184353919194707487e+03
1.806675770567714499e-05
1.980587636684810995e-05
2.662347308607331591e-05
3.096172430961763815e-05
3.481208989068398539e-05
7.029137611352676571e-05
9.589609681761990032e+02
1.094520098796248249e+03
3.619024099145268792e+03
8.426857543802389005e-07
1.902252270654549555e-05
2.302542558621267142e-05
3.467231295374268942e-05
4.632829333452843473e-05
5.893435901123449333e-05
1.013893654979112512e+03
1.339270510138402642e+03
1.510139939486900630e+03
1.680338170486524859e+03
3.398082923843248409e+03
3.453383255599580025e+03
7.304495712932647455e-06
1.870607964380976296e-05
2.533839564394273488e-05
2.596106299714058953e-05
4.103735229266569553e-05
4.793361779141448487e-05
9.768677067410063728e+02
9.814410520342041764e+02
1.047732688884868594e+03
1.438681228995999163e+03
3.395323512408778242e+03
3.444028888919919154e+03
1.497610778324965664e-05
1.734035415276963759e-05
2.572588720766656105e-05
3.325856681905080118e-05
3.354963087087713158e-05
3.364777934177490330e-05
9.348193862571765749e+02
9.559057685391978794e+02
1.007294834517668278e+03
1.446153378133047909e+03
3.387856347830895629e+03
3.442413495003319895e+03
6.677622720289308153e-05
1.242650325362695265e-04
1.679608726488339291e-04
1.775832761057036593e-04
3.631970444657038502e-04
1.222223404306668999e+04
3.957480104500862068e-06
1.725440592568494951e-05
2.538098297220689736e-05
3.642790902052031024e-05
1.022010151019089468e-04
3.793834292164184717e+03
9.209002069545272414e-06
1.569353791554051054e-05
1.922911086825099987e-05
3.253048720278360503e-05
3.258982345624458039e-05
4.139710601234848468e+02
1.557587712202813848e-05
1.946244561065918927e-05
4.449802201999304723e-05
6.906092957240541187e-05
1.127609490759515069e-04
4.441124334322176765e+03
7.031615265746840323e-06
1.012853214296491326e-05
2.943789613361641222e-05
3.043934872457428688e-05
5.810376042476419534e-05
3.392473045257962440e+03
6.079058328434824771e-06
1.471375839746009497e-05
1.975656278672895081e-05
2.145963714047016338e-05
2.832008996705260651e-05
5.798939183634056462e+02
1.046161061581590956e-05
1.220724717496292824e-05
1.344731750247955209e-05
1.968779263305737426e-05
1.990970574062195364e-05
6.372107144194637840e+02
6.304916990744311978e-06
1.025256045841144564e-05
1.106360913065052059e-05
1.152748870472626538e-05
1.354045885107249005e-05
5.757767039682690893e+02
3.858219610412731576e-06
5.331096871513167140e-06
6.091919677858766238e-06
1.392607299484813878e-05
1.428304514190835606e-05
5.687682618841853355e+02
4.840668612819151318e-06
4.886918515183616514e-06
8.034883083937680376e-06
2.142051765714677740e-05
2.349419840629885591e-05
1.357797793297720773e+03
4.272792881478799663e-06
1.244431563368511569e-05
1.473264232454320645e-05
1.659537657567449891e-05
1.669919338620445731e-05
3.875081961737635652e+02
5.661053273407488182e-06
6.184875509458895193e-06
6.599726935351146485e-06
7.598287752671961605e-06
1.054804262765622967e-05
5.609820413254309415e+02
2.079049115122259350e-06
4.576389509532343993e-06
6.162922003873334365e-06
9.497972726521751024e-06
1.347729923215594499e-05
5.311695355141201844e+02
9.258588302725453953e-06
3.999702062742770044e-05
4.856439365733344020e-05
8.213930745529639146e-05
1.051035347362597747e-04
3.528410682783864559e+03
2.289658019749647093e-05
2.567674337672950623e-05
3.030351193419623799e-05
4.502423004922382596e-05
6.258508454853865973e-05
2.208889456615355812e+03
2.543145998168517675e-06
7.317237496987546049e-06
7.738596794518522152e-06
8.449143882687883787e-06
1.204056977020232885e-05
2.186979703645465349e+02
1.882701996807309039e-06
1.986977315383881019e-06
6.387722091335234083e-06
6.692151879439320938e-06
9.255685240923181199e-06
2.787527744996268666e+02
9.864453715160655556e-07
3.796557174015362712e-06
6.838004794775711746e-06
1.484039372953757862e-05
7.226703082270857998e-05
2.568388244350100649e+03
1.146275756589757613e-05
1.717985848148956312e-05
2.038772572612955792e-05
2.348039439344601112e-05
2.992367214554577930e-05
1.269471784606941043e+02
4.491270733455544610e-06
1.314583035809624729e-05
1.489454372608381378e-05
1.944700259413908810e-05
2.156530550331936294e-05
4.520971440427966286e+02
2.320111729853234194e-06
4.491374048492312261e-06
4.594987885205192929e-06
7.149935016598972471e-06
7.244810675926701843e-06
5.892610188708689520e+02
9.855768422145143068e-06
1.224147045190234937e-05
1.774277609245844713e-05
2.787471993630153739e-05
1.022010151019089468e-04
3.297456931901911958e+03
9.883263059698595325e-06
1.020462372570952993e-05
1.244847466299162412e-05
5.314085502906780071e-05
8.079699672582446525e-05
2.484124577686550765e+03
6.465723061301692274e-06
1.277468722501224681e-05
1.607593492089409763e-05
2.374571637219142608e-05
4.719695131167915087e-05
6.496350573785953202e+02
7.548533932679804582e-07
3.430996848060656723e-06
7.748362911147094932e-06
8.449952174566675983e-06
1.857485608311551821e-05
7.793701028000655242e+02
1.142642085686755164e-04
1.205113021719037220e-04
1.330290452481472732e-04
2.692367345097720780e-04
3.257392793441799147e-04
4.900317108650443848e-04
4.563914603881505172e+03
5.847253284109352535e+03
1.542771050316811125e+04
1.922318816030748340e-05
7.206377256075064720e-05
1.534906214849454794e-04
2.384788018466893098e-04
2.858785999871597708e-04
4.151499998010674763e-04
1.993622306941503894e+03
6.816725042928359471e+03
1.032640815910270248e+04
1.693559331096345570e-05
1.761428165174450691e-05
2.841877265268556054e-05
2.994909398659096144e-05
3.776036026511178076e-05
4.608476901813951364e-05
1.222967834450379769e+03
1.523154040533309399e+03
3.620636006555841050e+03
2.232804677068040756e-05
2.450216699248615744e-05
3.454899955007449333e-05
5.906294276194641569e-05
7.331616194328568646e-05
1.253855818726630283e-04
9.729676856934887610e+02
1.306073372019356157e+03
4.043938176086016028e+03
6.923366207750301688e-05
1.554753890460284366e-04
2.639081971095363021e-04
2.776763964834225661e-04
3.289220449252911816e-04
4.508561924915894213e-04
3.051069468533484724e+03
3.471362785503139548e+03
3.615471093062922591e+03
3.625143154175360905e+03
5.894466426055865668e+03
1.146896609866836479e+04
2.783135519713767847e-06
1.079019099911300998e-05
1.449713001468655949e-05
1.675289526310280567e-05
1.977708325833779925e-05
5.183267262320684165e-05
1.172493441581993466e+03
1.568560342174329207e+03
1.600240971175759114e+03
2.461311763671493736e+03
3.404668844930743489e+03
3.456070291308846663e+03
8.936204035831497953e-06
1.509998057789628157e-05
2.933549684119072688e-05
3.209753470416927556e-05
3.968912486999755360e-05
4.746095026399239545e-05
9.791032520315326337e+02
1.020605137281134034e+03
1.043801635102828641e+03
1.435025828990489799e+03
3.399516585589420629e+03
3.445804728823035930e+03
3.437326760164420385e-05
4.730249316133663961e-05
5.886530297711197227e-05
8.341495518759935656e-05
1.251701690970773195e-04
4.648463676433594628e+03
3.879132714077303330e-06
1.033683600545877414e-05
1.916269048046818869e-05
2.123295916360711343e-05
2.711818939986470884e-05
7.457683159814041574e+02
5.440936954301835827e-07
1.301126641992906734e-06
6.896193549963085285e-06
6.909020414174012737e-06
7.823541715922295586e-06
5.977868788429209417e+02
2.777082543710193024e-06
4.091689368876856670e-06
6.924192750180065528e-06
1.195003693167192431e-05
1.466524965121750918e-05
5.574339420072534494e+02
7.826872737833823543e-06
8.023167744700900698e-06
2.294883365342469510e-05
2.685616967589646309e-05
7.226703082270857998e-05
3.051436532709196854e+03
1.741332715743686396e-05
1.790742769426328552e-05
2.202629193577884721e-05
2.709663766451598721e-05
5.713210428433775821e-05
2.393007884504469075e+03
1.854509489562390067e-06
3.697335290402000202e-06
9.162219315275160346e-06
1.165586614156843658e-05
2.212716884270255193e-05
9.673513798263194303e+02
4.152371322684590864e-06
6.436786487967955944e-06
8.950716933673317534e-06
1.492614470791090578e-05
1.983729655962121705e-05
6.155975538356138941e+02
1.266738996142733400e-06
3.537688391477610065e-06
5.264712750207072928e-06
1.844225806213576851e-05
2.002117509119564535e-05
1.614518543358492195e+02
1.020034557226560213e-06
7.141513043964274301e-06
1.463519894847649931e-05
1.511099482521445604e-05
2.031674836248101700e-05
5.161477422693782273e+02
4.896632246104485724e-08
1.208216984443355594e-06
8.377637607604362027e-06
9.082978918324883803e-06
9.989126379012825641e-06
5.430250426652271472e+02
2.679719872819374809e-06
1.443323832475254032e-05
2.217313414177745810e-05
3.809449246025972343e-05
8.472018941301838013e-05
3.003172833109036219e+03
8.440259703016888503e-07
1.827503273806189853e-06
3.061100290717291429e-06
4.530016862845295902e-06
1.277512688773861834e-05
5.033956883719692996e+02
2.074151140925790263e-06
4.061994647311636115e-06
4.979480796346430268e-06
5.757671858209119024e-06
6.843064409416802605e-06
2.867104625052358529e+02
1.099896356093184806e-06
4.516689420387556161e-06
1.438764632696161090e-05
1.482382942062278336e-05
2.255998081369379427e-05
3.758235321440362213e+02
4.887262904871596792e-06
7.630305396698737079e-06
1.051705166286880493e-05
1.378973029855626420e-05
2.112241478854608918e-05
6.650991973671325468e+02
6.353362611484065801e-06
6.408505509460071137e-06
1.195003694581450647e-05
1.228615717947775876e-05
2.071320874171544426e-05
6.524982683689786427e+02
1.141328560670960031e-06
2.439084852840906118e-06
7.002324788563414542e-06
7.753562331479470218e-06
1.627515392316008190e-05
6.448690158072373606e+02
4.134513059746546902e-06
8.188410135506281174e-06
3.891352493669344981e-05
6.169093809020080262e-05
6.759961742450190723e-05
1.970451229003208255e+03
7.107969927142836259e-06
7.165452353280745367e-06
1.083064072768082321e-05
3.660836042680667887e-05
4.937209206704312460e-05
6.070813172052726259e+02
3.189921999035059135e-06
7.983774627581154471e-06
9.033378823317321128e-06
2.124559431666942248e-05
2.723700970319516699e-05
9.984660774771315346e+02
3.182628445581004021e-06
5.267379336890501158e-06
5.354567782053838014e-06
9.033378832409310103e-06
2.345468116080800118e-05
8.808704688684728126e+02
1.477998786297523621e-06
2.330613192223373356e-06
3.107882369762583152e-06
8.501586132068865618e-06
8.813024251338071318e-06
8.148447326050728634e+02
1.022010151019089468e-04
1.134137041665363529e-04
1.948102841085018748e-04
2.048180444996815306e-04
2.844655111195196141e-04
3.967492553170266409e-04
3.765932988589753677e+03
4.994884873370540845e+03
1.686660845982793398e+04
1.128106678828847961e-05
1.171990154224037619e-05
1.198719313679070680e-05
2.922084331788557055e-05
3.269085906208932788e-05
4.689277637121905387e-05
1.190252942958164567e+03
1.595413820291205639e+03
3.625219201447308933e+03
2.790845960538423915e-05
2.939898059297927849e-05
3.124036401069924733e-05
4.485606634107095473e-05
5.706743708723743743e-05
6.805445457121605949e-05
1.061897989881277681e+03
1.381883173758815929e+03
3.760622731987983570e+03
5.975287035114570388e-06
6.308662547856409635e-06
9.557951204670207441e-06
9.944853379172267693e-06
2.875871941717495980e-05
2.957054267258719526e-05
2.116843047959577007e+02
1.255280246566251890e+03
3.602252896732628415e+03
2.354669622724038476e-05
2.768382734377909725e-05
4.039849836291223263e-05
4.466337076921321275e-05
4.751229002672521941e-05
7.138891519915859245e-05
9.875761112629749050e+02
1.007405203590526753e+03
3.579288345531520463e+03
1.591353706961178382e-05
4.395268869898408080e-05
4.803665782266600766e-05
5.361820803202540391e-05
6.388443275869092974e-05
9.280877458425541599e-05
8.874096397108279461e+02
9.799615509412282108e+02
1.422039103018926653e+03
3.444071392937190922e+03
3.574129044872581744e+03
6.199601251406442316e+03
1.704108152895503653e-05
2.548996418682867118e-05
2.843832311274832998e-05
3.803640124466193298e-05
4.340292700740610844e-05
5.527170157758388335e-05
1.190672477487018341e+03
1.582319779304575150e+03
1.609998782237542173e+03
2.541087441371728801e+03
3.429735794182360678e+03
3.472614172874020824e+03
5.809208112546120255e-06
1.885382236805035320e-05
1.958042451550480608e-05
2.679029439053935008e-05
3.220481352338892491e-05
3.401899944209507541e-05
7.114790761504051488e+02
1.130374615448542500e+03
1.282294099107054535e+03
1.478153864157584394e+03
3.396131545804703819e+03
3.438274259784995138e+03
6.208138678552072171e-06
1.064875289768776972e-05
2.235449269154269133e-05
2.684874641647151268e-05
3.316163059118148185e-05
3.539341005977117774e-05
9.742433985765915168e+02
1.025267979206544851e+03
1.117698081868390545e+03
1.444500175736142410e+03
3.400598528351228197e+03
3.445639772983125567e+03
2.263373961087055265e-05
2.319391289053978608e-05
3.773286056053479638e-05
5.758367859358389998e-05
1.234148942967596330e-04
5.515029515430595893e+03
1.962379527434479287e-05
2.579585058738509867e-05
2.958636827870530961e-05
3.740239901690247824e-05
5.619926332981474258e-05
7.856809761812937722e+02
7.783200377868665604e-06
1.119037949926661792e-05
1.617482907152816381e-05
2.212620316355382206e-05
2.355366361631980031e-05
6.562411824538550036e+02
9.154986550699232615e-06
1.287591513024000538e-05
2.258344709981966819e-05
2.282195412003877526e-05
2.727132193913348070e-05
7.676703907411324508e+02
7.358894406068848534e-07
4.217658000827106054e-06
4.899048872549112252e-06
7.950616324717326030e-06
9.581345158062162665e-06
5.359782453735257377e+02
1.576798792435761253e-05
2.014243379166742376e-05
3.530794072355456176e-05
4.197858934303304432e-05
9.560029577296318875e-05
3.260561539005314444e+03
3.249284462170010659e-06
3.278768770419324781e-06
1.075202180390763575e-05
1.269029232588562067e-05
4.039849836291223263e-05
1.421197575481709009e+03
2.260307140770098900e-06
7.124499576351781552e-06
7.567752641380419686e-06
1.513708771088783620e-05
2.770864221639220417e-05
3.787825460160971147e+02
1.756375273263354627e-07
4.270161194946601511e-06
5.760647757090946643e-06
7.203360303789449984e-06
1.428302571781698222e-05
5.632959333297408193e+02
1.501033638188956060e-06
2.522594579105360866e-06
2.758659215030722221e-06
3.615894554768540856e-06
6.387563426668510316e-06
5.287944446855718752e+02
1.019235120525779781e-05
2.676790935039011311e-05
4.420692358772583980e-05
5.650165539434353240e-05
6.883634642702790910e-05
3.098173111948094629e+03
3.812247733839170724e-06
7.500041823167039099e-06
1.074752218551917733e-05
2.287526732947479049e-05
2.555025377547723669e-05
1.142268550234817667e+03
9.382900913606405088e-07
1.461607026387293091e-06
4.160150343555751412e-06
8.223640039466253098e-06
1.107520331949070073e-05
2.923437243264718788e+01
7.083214719110188751e-06
1.551278315345787904e-05
1.559571032961536109e-05
1.778302326025549978e-05
6.258508454853865973e-05
2.564651435275321091e+03
1.256454295815076077e-05
1.596779834548357795e-05
1.901480322377342746e-05
2.410668253739550130e-05
2.996112880146070792e-05
4.248076658327783548e+02
4.454073750460236322e-06
6.631254912863436867e-06
6.862695967598114360e-06
1.534663270884807079e-05
1.602243203390351200e-05
6.335206770524371223e+02
3.922829786722272829e-06
5.186567696480665947e-06
8.891603973180857242e-06
9.846516623282358785e-06
1.268439637192548653e-05
6.109274687134897022e+02
2.286097457762412665e-06
3.729594157878949703e-06
1.800418588923989274e-05
2.070881870083866205e-05
1.022010151019089468e-04
3.465494864237157344e+03
3.641260247776503563e-06
3.944234273108245296e-06
1.195003692709908989e-05
2.925919261812441841e-05
3.596695525865808513e-05
1.016839153137691710e+03
3.472954080088383133e-06
4.819454626029683977e-06
9.019405415427330074e-06
1.487827209886056401e-05
1.878137868416930372e-05
8.809349933037697156e+02
2.673735401776644832e-06
3.842296536468490293e-06
7.823135535930859935e-06
8.752706874163710524e-06
1.954520608862288911e-05
7.766451538770834304e+02
2.685442742010455590e-05
7.226703082270857998e-05
1.230928474103434953e-04
1.713855146086122063e-04
2.231405055055103704e-04
2.501013276548348738e-04
3.724833139139477225e+03
4.858987796905086725e+03
1.684934845428564222e+04
4.318133019206144257e-05
5.890852849088197644e-05
8.508271903946046952e-05
1.040128141902919618e-04
1.983931416024241725e-04
3.682989780928768494e-04
7.625322414016638959e+02
3.599772728399723746e+03
6.641848268934236330e+03
5.635803344995545518e-06
1.852863565997848379e-05
4.048472180276800793e-05
4.791154196887499356e-05
5.419166029329756750e-05
7.357516600500250904e-05
9.508859070531570978e+02
1.114844563978455653e+03
3.675467834384653543e+03
1.361867268901620213e-05
1.700622595103667877e-05
3.762830374716673456e-05
4.462258814350133612e-05
5.606996127686125368e-05
7.588380882261868147e-05
1.030067014347465829e+03
1.046185188003159965e+03
3.640823398895156060e+03
2.396739289055317996e-05
8.048394435366225332e-05
1.188286065259968070e-04
2.037817562498966278e-04
2.058794304968560572e-04
3.010347769853694813e-04
1.411320107948118675e+03
2.890307603803374150e+03
3.515527110695896681e+03
3.533890942908642501e+03
4.287786092628626648e+03
1.220981971618441457e+04
3.963746496366093688e-05
4.524039618716057328e-05
4.881317529889726668e-05
5.322992957320971569e-05
8.206169874632772486e-05
9.071767575590799636e-05
1.399684770518906589e+03
1.535095129393157094e+03
1.761976143413190357e+03
3.059665098686289639e+03
3.484337884646573457e+03
6.359664728002660013e+03
2.230668129589684085e-05
4.071814566460768038e-05
4.105153789911358060e-05
8.004619467100748957e-05
8.981004800979067800e-05
1.019955808393336634e-04
1.154537726037170842e+03
1.533033250123815606e+03
1.611253016772331875e+03
3.137011742758249966e+03
3.346154752804357031e+03
3.496327179830968817e+03
1.482942127269657357e-05
2.080655574738514044e-05
4.057299935575582660e-05
5.373130828096944148e-05
6.595572111298513549e-05
6.930526080210288339e-05
1.138421768751785976e+03
1.527599708463932984e+03
1.744614725617410386e+03
2.622630478527906234e+03
3.337794128537303550e+03
3.513982702585520201e+03
2.244828985891823551e-05
3.073759961741813701e-05
4.194084227462938427e-05
5.871754313973899530e-05
6.219365711208560280e-05
8.887972353635797084e-05
1.034461919961263447e+03
1.544981317526195426e+03
1.674824179162948440e+03
2.039557685617347033e+03
3.363703514782003822e+03
3.499447840625743993e+03
1.436349328025189571e-05
2.840180627694081984e-05
2.928702291750960482e-05
3.444196754824236951e-05
4.094986094622727111e-05
4.338248843132972977e-05
5.635521462933074872e+02
1.149143819285101017e+03
1.413601663247246734e+03
1.501494185116182734e+03
3.378653896972146413e+03
3.445909810662889413e+03
1.063730582442020261e-05
1.338823497608117606e-05
2.421870034264339994e-05
3.040703366124880875e-05
3.205488734046830308e-05
4.020177579064502561e-05
9.827107113753448857e+02
1.000962299769274182e+03
1.049295355312361835e+03
1.440413555369527330e+03
3.398542624602634532e+03
3.445906662805433825e+03
2.295650782631909059e-05
3.305425041698219332e-05
4.483964970439936585e-05
8.325046195196754114e-05
1.351992348490038145e-04
4.784888335385071514e+03
3.336145598544093882e-06
5.070279029350650238e-05
5.713210428433775821e-05
7.600055618522246154e-05
8.466066686833659944e-05
2.135047989211048389e+03
4.077866275516631433e-05
5.713210428433775821e-05
6.901759440474582196e-05
7.036536668844936115e-05
1.054671642279737343e-04
2.243811270405130017e+03
2.284378094827737752e-05
3.455760212080003212e-05
5.859836844887642698e-05
7.361880213896954410e-05
7.724462448943860305e-05
1.675028199951261740e+03
1.851414822499807198e-06
2.664708354953508484e-06
5.499096136730460845e-06
1.353800749806890752e-05
5.713210428433775821e-05
2.306009533224223105e+03
6.409379414060597652e-06
1.277512688773861834e-05
1.428442035234721163e-05
1.870884074845239895e-05
2.105367082240148933e-05
6.295497032642422255e+02
8.989120982539812538e-06
1.180031155641389620e-05
1.524441285731074214e-05
2.013939067924837674e-05
2.048042023231815166e-05
6.769855645600711114e+02
3.620259516712991662e-06
7.207598618503992329e-06
7.470118433056250728e-06
7.975180295376788723e-06
1.999875399604484727e-05
6.295513190573483371e+02
4.811772594289686684e-06
5.321748371190692142e-06
6.440784477198540011e-06
7.823905643667622894e-06
8.096888876462313359e-06
5.555320861342431726e+02
4.801952057345779157e-06
8.851849832263922790e-06
1.623885538683801397e-05
1.798376022630337757e-05
4.425433768540510386e-05
1.954409777581428443e+03
3.435391194553647624e-06
5.582401642664840329e-06
9.033378852838572497e-06
1.520748014373411176e-05
2.161573716381395442e-05
7.002975747261369861e+02
7.342883083153430037e-07
6.403103564661793149e-06
7.096588647912450106e-06
7.208904200456571631e-06
1.006687710107036045e-05
5.140343366968583041e+02
9.022697541986598885e-06
9.403752459879679385e-06
9.911390657854369921e-06
2.428868762465023507e-05
5.713210428433775821e-05
1.772312867315442645e+03
1.393498833991808857e-06
2.018188877305493653e-06
2.742986561741428366e-06
2.997691746768153459e-06
1.277512688773861834e-05
9.724742069430736819e+02
3.398731357380557391e-06
3.832571642799858076e-06
6.501217680558081507e-06
1.110299534409086661e-05
1.564627113713466493e-05
7.548490593818073648e+02
2.184268960043573965e-06
2.913098471828086268e-06
3.299470691041782451e-06
3.432299838158183606e-06
5.667861291285429625e-06
2.905902843189342661e+02
2.608720296609389004e-06
3.989019952241183955e-06
4.953841367550687178e-06
7.639956943524942631e-06
8.152600366399055369e-06
2.781777375502119298e+02
1.076711565348437720e-05
1.684172678607781651e-05
2.529079945866629021e-05
3.144783037743086387e-05
4.106146590186028953e-05
8.533929542318139738e+02
5.728564668078587543e-06
7.237446200271117703e-06
1.084660602877543907e-05
1.453376610223833362e-05
1.664085539987079210e-05
6.519632634691296289e+02
3.170172333481088943e-06
1.256626817274940777e-05
1.266084255905391946e-05
2.193492339347366367e-05
2.593587823039004105e-05
8.440904134117455442e+02
5.961313449880102781e-06
9.201319392043561568e-06
9.298961160692228320e-06
9.741040356157203235e-06
2.683982226647855769e-05
8.778683803876178899e+02
5.589229046633056657e-06
5.745509101091433994e-06
8.608133505474163642e-06
1.523768568909232817e-05
2.280160018351634775e-05
9.343193297140803679e+02
2.206082113983344008e-06
2.340213080326558801e-06
8.228051497411085173e-06
1.559163771918002845e-05
1.578812036707253943e-05
9.234496511357796180e+02
1.262263069378410848e-06
5.975018477955877923e-06
6.125179939306547573e-06
1.095923749107720005e-05
2.759427790274257336e-05
9.103428177911747525e+02
0.000000000000000000e+00
6.653303342362810416e-05
1.461846198567905923e-04
1.800997731657771948e-04
1.813963927774115976e-04
1.981687432248495340e-04
3.767352958808080075e+03
6.824841690174492214e+03
1.464239842268708344e+04
1.448598157698403541e-05
7.742813130261848157e-05
1.473898968013221083e-04
2.128093859649555814e-04
2.589825452325364148e-04
3.247717038029564640e-04
1.395218396621929514e+03
3.661308517897984530e+03
5.656837374164443645e+03
1.490025035632838218e-05
3.902325698860338712e-05
5.178006211089519181e-05
9.027758647492692098e-05
9.770527107604062963e-05
3.243491114852772622e-04
1.085887708234849242e+03
3.131722854702314635e+03
3.549093375955791998e+03
1.777631114923557517e-05
2.438092201708219728e-05
3.412946171166011359e-05
3.616575299601568915e-05
4.157108849106286492e-05
5.005599425429521507e-05
8.854311287217234394e+02
1.054854692887736519e+03
3.525083482280532735e+03
2.015619156634427435e-05
2.524874596485678955e-05
3.172083246904577235e-05
3.195771042312015167e-05
6.972939750434120653e-05
7.356186453763075743e-05
1.028109909274288839e+03
1.539080014448870543e+03
1.573674818021112969e+03
2.706315012247984214e+03
3.382027318498370278e+03
3.457819198457188122e+03
5.960979566153229920e-06
1.710145466778571164e-05
2.756929174435125202e-05
3.143915481308391717e-05
3.267495561575617613e-05
3.401893876989555863e-05
1.030847228643459175e+03
1.272482804993667060e+03
1.449556155391417406e+03
1.616580643471645772e+03
3.320455142451141000e+03
3.429379790141855665e+03
1.675477487212763641e-05
2.150292418033092183e-05
2.491277577590114104e-05
3.242345005389797569e-05
3.543114591513000865e-05
4.011147721265628232e-05
3.099934504932741106e+02
1.045066862046052393e+03
1.205050787294712109e+03
1.505378211916441160e+03
3.361065610992323855e+03
3.444587924292117350e+03
1.624267890031562528e-05
1.766025737052918582e-05
2.078280950101242422e-05
4.162258963769399254e-05
5.578112847861326672e-05
9.492359073677773102e-05
8.809834249766097400e+02
9.890153548199401712e+02
1.120045260707289799e+03
1.481074269906977406e+03
3.292797721195733175e+03
3.434650524905092425e+03
1.446451764444666950e-05
1.642115547573189910e-05
2.065127298549162947e-05
6.243121149981712998e-05
1.064530869256264111e-04
4.931045013278122497e+03
2.102784805026306736e-05
3.136260131170245924e-05
5.885322383991365276e-05
6.797984011085202714e-05
9.526013985463464742e-05
1.753448737616078233e+03
5.230301679320878506e-06
8.784630139015004225e-06
2.012016373228033171e-05
2.212716884270255193e-05
2.317699168240795762e-05
8.579107339172491038e+02
6.425146045433155455e-06
8.100932115843568102e-06
1.792802487757639031e-05
1.926600581227780836e-05
2.183950183780847311e-05
7.052498849475276756e+02
1.977869907749156115e-06
2.559619249810555760e-06
1.115459799055361185e-05
1.327222406278139128e-05
1.428302605274927977e-05
5.662609896613655565e+02
2.943372403277230502e-06
4.154001759481504861e-06
4.568054771196000758e-06
1.984157361619055267e-05
3.273310244981449411e-05
1.629138148924375173e+03
1.119453686677743377e-05
1.551829675176327145e-05
1.559532121960420850e-05
1.883336481225484491e-05
3.129254227426932986e-05
1.125693402625710860e+03
2.639144971557881773e-06
5.980092010815281237e-06
7.049886870450000713e-06
9.659642499422829449e-06
1.855391840352875045e-05
4.066381624144098055e+02
5.220725405625887453e-06
6.080114448006661413e-06
9.901014445822524406e-06
1.091771252792896635e-05
1.197806413382848796e-05
5.171454250181925971e+01
5.269108428183677142e-06
1.095401767920052651e-05
1.171414594588824821e-05
1.277512688773861834e-05
1.685607006390166043e-05
6.849641066103807816e+02
2.065219732717409530e-06
4.792288432176435497e-06
5.965567811101800994e-06
6.403587944796251922e-06
8.291476588543239849e-06
1.232689880976785304e+02
5.474695115422544539e-06
5.788809311606319691e-06
8.470246213766753336e-06
9.257177613030968442e-06
1.110200645496741293e-05
2.510680835027582134e+02
3.737468646374284570e-06
4.011713705536764899e-06
4.121449302145823027e-06
4.158207895977043826e-06
8.864609088088728971e-06
3.027598831075287649e+02
1.823636133437813852e-06
1.975995565712162132e-06
2.151423711846610694e-06
3.157880373270479783e-06
6.159902775072579391e-06
2.630900837512581347e+02
6.363445795046409916e-06
1.293710684606966066e-05
1.476864230487137548e-05
3.041721260077196199e-05
8.400720210950179338e-05
3.464030573363397707e+03
1.277512688773861834e-05
1.472776631520562205e-05
1.828317306092109055e-05
2.609839855799120603e-05
2.636933512575653630e-05
7.273600701010427656e+02
4.599470753904764877e-06
8.627196098247133079e-06
1.138050922961758278e-05
3.157689015621741756e-05
3.550542420920003425e-05
4.449175886592144025e+02
6.570311355096576382e-06
9.590869129225857183e-06
1.382848924849345238e-05
1.524176796433219421e-05
2.117903578772123449e-05
4.729841447855948218e+02
8.944738187686400584e-06
1.074925429577206678e-05
1.253888311617599956e-05
1.628515527308356596e-05
1.769010905002192020e-05
6.444306252802864492e+02
2.062963071778147531e-06
3.914258669067781953e-06
7.323625321036997038e-06
9.225758816908470299e-06
1.244445274543723844e-05
6.020174486898018813e+02
7.607298795507221079e-06
1.008869375755840369e-05
1.097677137674339255e-05
4.973500088675789532e-05
6.038269191993764473e-05
1.071846949808950967e+03
9.705487313069428442e-06
1.058137415079725246e-05
1.081821186452637918e-05
1.757487375597879554e-05
3.609570810498020899e-05
8.960868191669881071e+02
5.057285332304730689e-06
5.225688110060955101e-06
5.790030326248138028e-06
1.195003692179472393e-05
3.272582322999260701e-05
9.441755293176995565e+02
1.615945722481930096e-06
3.866511361748109854e-06
9.311393759303467584e-06
1.016580049764996453e-05
2.645744582837682458e-05
8.983138938351629577e+02
4.905717569197891786e-05
5.556450020806389891e-05
8.209897183744040941e-05
1.429985019170907094e-04
2.020078580810566276e-04
3.783682975897192718e-04
3.387737089663353345e+03
4.535037056987300275e+03
1.706304111215202647e+04
3.503159137226866338e-05
7.580092515428712215e-05
7.581645894831184332e-05
1.075530716339605957e-04
1.617109468900574331e-04
2.230552523563852170e-04
3.490921599569516275e+03
5.412701010118013983e+03
8.771656877334720775e+03
2.627174126585843448e-05
3.134111036380174642e-05
6.651293273867540262e-05
7.144786109943888712e-05
8.417131205013442100e-05
3.041171117412173690e-04
1.159954261200643941e+03
3.432987664467234481e+03
3.651800459494409097e+03
3.606746503846069388e-05
6.992965163218844927e-05
8.347293082679552807e-05
9.520284928544229359e-05
9.815504657314426482e-05
1.625828135272370135e-04
1.219024863970223350e+03
1.312823880640779635e+03
4.639529716330387600e+03
7.807397187585570874e-06
2.405314182326710076e-05
2.680764518899884816e-05
3.699056709385834625e-05
3.952078457042295322e-05
5.338691264225349102e-05
7.569895486157438427e+02
1.063871704802882050e+03
3.461023211961282868e+03
7.878697999709819217e-06
9.061576722982706274e-06
2.357495152128384183e-05
4.572220811165682769e-05
5.817698978881999004e-05
6.000814771401203452e-05
1.167274321748771854e+03
1.591376777020875352e+03
1.642299223936357748e+03
2.181820675504269275e+03
3.378321427411105105e+03
3.466977886107141785e+03
5.806805331934080828e-06
1.926358698789599485e-05
2.017401502465265134e-05
2.633657694957456839e-05
4.417409634326823018e-05
5.277718626458834767e-05
8.750135187336368290e+02
1.123444405925400361e+03
1.197204556836426491e+03
1.657983556851375852e+03
3.377746530391162651e+03
3.478001869120754236e+03
1.843076898150971629e-05
2.286282651224025276e-05
2.364040468351525523e-05
3.066095746910743152e-05
4.399703370385722940e-05
5.050915714897039819e-05
8.709497337141312983e+02
9.648454939638957057e+02
1.327407461127272654e+03
2.082866246182381929e+03
3.336810889741503161e+03
3.813068894115696821e+03
5.895449395463505971e-05
8.475854654347195574e-05
1.511299259819947856e-04
1.544401833386236799e-04
2.685607010861382985e-04
1.120334638647298561e+04
1.096702738277831804e-05
1.616749542218007276e-05
2.295590490676903360e-05
4.285462885012319235e-05
9.490945081365803290e-05
4.102737709176685712e+03
1.355382718612452896e-05
2.135851469957343940e-05
2.152981451187136472e-05
4.995778208083438238e-05
6.531899362136799145e-05
1.004933145655172552e+03
2.202462863798300928e-05
2.425192004564107479e-05
2.891446021612419323e-05
4.506681539177741854e-05
1.103094651067162334e-04
4.179798876561663747e+03
7.805009785726246097e-06
9.275363657498454265e-06
1.594578693421303483e-05
2.609314201357106107e-05
6.258508454853865973e-05
3.200071822611102561e+03
4.866968803579950506e-06
1.239714979739837778e-05
1.548199723018135618e-05
3.439700018705691580e-05
5.123801825916493845e-05
3.080306954711255116e+02
9.757514025681358931e-06
1.458255950875046443e-05
1.737249996363765834e-05
1.968561497692739959e-05
2.651359214410592318e-05
3.664340949605220885e+02
6.587534634803078808e-06
9.457551715848660264e-06
1.008191905540734171e-05
1.353835465652536932e-05
1.611413679029900290e-05
5.734598119571537609e+02
4.305155613424800271e-06
5.306133475130491666e-06
1.068034959802077070e-05
1.112624458748882054e-05
1.178373677238093054e-05
5.459113593326053433e+02
2.460795856198374496e-07
8.907231248211854680e-06
1.255217127628513274e-05
1.507004808741128889e-05
2.555025377547723669e-05
1.341661837717903154e+03
4.781313064881470158e-06
5.640763661548276439e-06
1.323964392889723018e-05
1.478215019257832303e-05
2.018624203314471925e-05
2.923512166850360359e+02
2.493694637390357539e-06
4.375392535671912476e-06
4.523641782567285420e-06
6.959169052589238656e-06
1.146951103818138666e-05
5.236257372115445605e+02
6.871412713001560903e-06
7.911061980917053022e-06
8.686259352534898864e-06
9.921406598189515152e-06
1.354236251707930983e-05
4.891551840925079659e+02
8.641589712862925336e-06
2.749018982478732746e-05
3.694866065831977123e-05
5.826266094248290571e-05
7.672295711929255548e-05
3.196229968820764043e+03
3.135601316054367871e-06
9.082928937591308764e-06
1.058195883263751535e-05
1.135680855048124022e-05
5.110050755095447338e-05
2.246856919322105114e+03
1.906113884411505567e-06
2.677304559383480501e-06
3.169302432841267000e-06
6.411150203421876208e-06
9.817709683299810395e-06
2.498961940147145526e+02
4.466070395704316126e-06
6.171866374448804151e-06
6.310257952104412377e-06
8.235528221129225841e-06
1.135677329852180593e-05
2.953063153562465004e+02
3.141765908232085473e-06
1.564739811536894673e-05
1.576715759667844069e-05
2.145043960483765941e-05
6.258508454853865973e-05
2.490466240917141931e+03
9.536038844161184156e-06
1.234132718992291032e-05
1.515923585890361041e-05
1.743821793068452014e-05
2.324686474658767141e-05
5.771526001031418218e+02
5.112444530069148302e-06
6.176521351428467506e-06
1.434595208971204947e-05
1.533817273157874313e-05
2.425142865297642123e-05
3.169742879813031209e+02
5.262614100900795957e-06
6.387563461736945728e-06
6.610253678776942608e-06
6.949221453701296795e-06
7.010526028319210316e-06
6.046700959784544693e+02
2.330186950826751203e-06
2.552833984319577030e-06
1.787343637540424581e-05
4.478288695291895321e-05
1.022010151019089468e-04
3.730631428731835513e+03
5.433779379444503640e-06
1.315654027757868491e-05
4.585992283885820313e-05
6.207309549056802187e-05
7.226703082270857998e-05
2.585642598443926090e+03
2.408031996165444684e-06
3.097119120974081821e-06
9.298715814141569265e-06
2.884717258935562181e-05
3.848078617106529101e-05
7.548420650893679067e+02
3.397625194533179289e-06
4.835057079040910352e-06
9.335687241675308899e-06
1.106358440836811250e-05
1.370046356675721836e-05
8.769182312293511359e+02
2.627600350317036985e-05
5.110050755095447338e-05
7.658642818432869338e-05
9.656852313306766818e-05
2.787883402478249519e-04
3.328808400760465661e-04
2.193336894574816597e+03
5.441857287784430810e+03
1.315738995867294216e+04
4.424419854986410275e-05
1.023516749470812943e-04
1.437925673778179137e-04
1.908507077780913208e-04
2.617264478853956492e-04
3.460927456470069678e-04
3.384591433656169102e+03
6.702227396050857351e+03
1.007972733800086280e+04
9.935003517249719405e-06
1.820876416078521612e-05
2.162800795576982549e-05
2.356554692309048091e-05
3.083366921183687309e-05
5.446522519626223994e-05
1.463983066009813683e+03
2.100867192800717021e+03
3.643365600599420759e+03
1.563954481702555687e-05
1.891294365476537640e-05
3.208499534231543815e-05
5.220316865346271112e-05
6.188322067678326058e-05
9.528744112668843835e-05
1.155052861510322145e+03
1.505469783468979585e+03
3.933888868365928374e+03
1.255727730461429950e-05
8.220524008995253376e-05
1.947983398053612181e-04
2.505171184113756081e-04
2.638986862594570166e-04
3.094150666277247180e-04
6.348973733802901052e+02
2.827548068653832615e+03
3.510282249418053198e+03
3.676443165029141255e+03
4.855279685008523302e+03
9.977842870752196177e+03
1.225326002208070794e-05
2.544182234969047558e-05
2.866699534852790968e-05
4.374364480468497884e-05
7.283805877563267247e-05
7.483961949565700884e-05
1.066484886921211000e+03
1.619603572034600575e+03
1.661342841872665531e+03
2.615983455602038248e+03
3.393503751722198558e+03
3.438419943689589218e+03
1.538028478276501221e-05
1.723393492387143683e-05
2.036637082631357942e-05
2.325431815151206757e-05
4.807402568426152862e-05
5.469224692747589369e-05
8.852532658446049254e+02
1.045922854837675914e+03
1.188601163576901172e+03
1.616044705128352462e+03
3.394077729687018746e+03
3.439745115192783942e+03
1.650499513545347199e-05
1.965199510650350421e-05
2.587148436514910438e-05
5.169834497063360737e-05
1.142642085686755164e-04
4.318492807654350145e+03
1.913693181915034582e-06
1.233791050035042392e-05
1.502098293396256451e-05
1.571524964315806533e-05
2.329515997853020922e-05
7.102786055507010587e+02
8.047911965254336624e-06
1.077632309301274898e-05
1.141944214123931621e-05
1.246419994777053565e-05
1.498016409277289886e-05
5.947177270688576982e+02
5.124728860542369925e-06
8.449952156601059738e-06
9.459873094380824178e-06
1.032977000264213314e-05
1.355004558024617364e-05
5.646657517875994472e+02
1.137309497401631490e-05
1.271749440478184130e-05
2.066647998458490639e-05
3.354765782017756409e-05
6.354850585951391352e-05
2.873057137469883401e+03
1.106077649958470984e-05
1.384035300804218847e-05
2.412086943588330368e-05
3.182175718063700275e-05
5.110050755095447338e-05
2.183230965319978168e+03
2.994063202322255358e-06
3.331883060653176100e-06
7.293836173014957945e-06
1.523332136910924462e-05
2.555025377547723669e-05
1.083178312694586111e+03
7.576616792382280734e-06
8.396595707807493440e-06
1.381117010119750338e-05
1.909239064189094206e-05
2.449759667030648857e-05
6.742125910370137944e+02
7.617675055674472608e-06
7.944714734339069633e-06
8.000208615203722952e-06
1.772901116398186783e-05
2.211032573377530699e-05
9.955163711798925874e+01
7.049024145731621744e-06
8.067089384021727081e-06
1.259694386695723969e-05
1.428302606236857725e-05
1.847388874548178429e-05
4.704050215979577843e+02
4.562939951719563373e-149
3.557141945177891539e-06
3.913742581845413093e-06
4.157198227925674249e-06
5.580296328753033447e-06
5.168755115813539760e+02
1.964283431084030279e-05
2.096890140247431293e-05
2.691501074067497029e-05
3.191224451305061023e-05
1.096302106234250652e-04
2.951250969341633208e+03
8.541788028295419137e-06
1.029602692635038685e-05
1.692734512822730630e-05
2.216145946046627578e-05
2.754404803165597652e-05
7.195126133731076834e+02
2.170934344205403273e-06
5.925085081381703344e-06
6.220721034174668642e-06
7.634257568931942213e-06
8.226106092210585491e-06
2.896734391020042381e+02
9.996217596002121805e-06
1.065191258276638412e-05
1.338239079872727843e-05
2.194181935591002990e-05
2.458385650265543259e-05
3.952521123438547761e+02
2.296206189576607129e-06
5.408391402721115261e-06
9.138154579096333593e-06
1.228430781680773129e-05
1.806675767426731678e-05
6.327672756384557715e+02
1.026916099180185425e-05
1.063195410940383428e-05
1.401649377071460742e-05
1.494864756374049586e-05
1.512270467897645312e-05
6.069334485211705896e+02
7.366586212378259795e-06
7.459628550729650409e-06
9.703790933210778422e-06
1.280431368337379070e-05
1.355006821995446816e-05
6.120063439442413937e+02
6.522819549063863019e-06
2.263507943669184960e-05
2.418747858041978772e-05
3.125265724986261924e-05
6.258508454853865973e-05
2.125688634463855578e+03
6.972897881563367562e-06
7.525983783053798200e-06
1.801937922441084722e-05
4.006679870666698593e-05
5.701814996405053825e-05
1.116790142706736788e+03
1.680774045608649332e-06
1.009962456608926055e-05
1.475264937536709653e-05
1.730240199942576352e-05
2.778208556775504622e-05
9.258921879884613872e+02
3.483013072661728322e-06
8.125287299465441782e-06
1.133830690175140873e-05
1.278375736979319569e-05
1.570208314405538476e-05
8.535277538568858517e+02
2.973284169047390264e-06
4.797756539335207400e-06
9.311393790872429574e-06
1.048139155866561311e-05
2.525104473554521680e-05
9.428688759090017584e+02
3.584885050580841276e-05
5.808854938282689324e-05
1.550955204249478516e-04
1.595877310379591055e-04
1.623147813895105956e-04
1.858232052252938439e-04
2.124455394114290357e+03
4.486997107454621073e+03
1.538162797852678705e+04
1.844241289875822812e-05
2.122297597522543243e-05
2.127242856843109160e-05
2.612851754262827156e-05
4.198138861676861070e-05
5.294208003196607592e-05
1.505301157720059791e+03
2.189348737399183392e+03
3.597322416752383560e+03
1.052665375404518593e-05
1.946278143900308948e-05
2.407163041595710822e-05
3.349198786515308429e-05
5.502243757047315086e-05
8.801975462432171517e-05
1.192406652411333653e+03
1.871960392964592756e+03
3.856058764820117176e+03
7.501244501126563481e-06
2.205761120236638339e-05
2.632364465724435667e-05
2.676769117830843809e-05
4.270458047435295472e-05
5.169572902741529849e-05
1.100858433820399114e+03
1.245132422766564105e+03
3.632956958591231341e+03
8.541279477888312943e-06
1.560126445391574483e-05
2.523426788601252564e-05
3.664440869277488434e-05
4.157835139454480350e-05
5.637813389653496056e-05
9.676487014651165737e+02
1.267936572641745897e+03
3.529872332124984496e+03
1.773413371982035245e-05
3.126035949485548335e-05
3.499328798017525117e-05
5.498663684633337071e-05
1.017308845442563666e-04
1.122391485021986368e-04
1.122252571499609076e+03
1.228821648854121804e+03
1.502828316346035308e+03
3.089277734719632917e+03
3.418042513177575074e+03
6.210206750211816143e+03
1.722970882150059657e-05
3.228316857168145743e-05
3.233624822149791815e-05
3.323309041325998002e-05
4.821454207880009730e-05
5.553770813569844280e-05
1.046597870635109075e+03
1.599758521666712568e+03
1.647959939743683890e+03
2.675807845159941735e+03
3.395085234460221727e+03
3.468051150388005681e+03
1.439241326809945512e-05
2.012831397704925606e-05
2.224796920719477868e-05
2.650731317662162120e-05
4.631353402645697518e-05
5.914769357644616185e-05
4.843846966325713197e+02
1.085095236997710572e+03
1.267297912821916952e+03
1.423444583801443514e+03
3.373401534185214132e+03
3.438956927333749263e+03
1.890676653539468286e-05
2.363188359361476036e-05
2.472070038840887090e-05
3.152545019144219716e-05
3.437251696047726970e-05
4.458946142010637037e-05
8.284773395944555432e+02
1.035027544404475293e+03
1.147382872708720015e+03
1.507584726161371009e+03
3.314550697976589618e+03
3.416246328459417782e+03
6.305082022579223363e-06
9.699677956501169638e-06
1.688216986044995010e-05
6.712041131459424914e-05
1.006766530221098123e-04
4.872569701451509900e+03
1.646753014594141854e-05
2.905679513882845850e-05
3.138560010144910881e-05
4.167667393420572901e-05
5.836239892523505064e-05
1.081670038323382869e+03
8.174761368206274234e-06
1.390791909983624789e-05
1.670386202688469411e-05
1.923991187991527311e-05
2.001076469470694635e-05
4.291185095695802261e+02
6.245100462957600306e-06
7.320054911769086473e-06
1.484685018237060996e-05
1.648391376948176367e-05
2.580872256813876648e-05
6.302765487094110313e+02
1.575609597116597452e-06
5.942134974201403533e-06
7.384933567644130985e-06
1.104808347548880284e-05
1.109012080000599190e-05
5.367998969699089002e+02
1.199853120260726744e-05
1.461330247658779894e-05
2.342185033610321562e-05
4.681201542532347214e-05
7.226703082270857998e-05
3.082185651924470676e+03
6.871986606651053589e-06
9.543686278135909170e-06
2.365867024272332421e-05
2.545615870998215962e-05
2.570610738029140000e-05
1.298960593540417676e+03
1.756411568602050968e-06
4.436397845289449064e-06
7.085127724003736605e-06
1.991300022690612741e-05
2.019924918145611631e-05
6.737821642694223101e+02
7.288162094237440574e-07
1.249827842902532315e-06
3.953463962890355994e-06
5.832040394718621922e-06
7.760626547915739731e-06
5.216380303561279561e+02
4.761599993100203729e-06
5.696628664600103806e-06
9.893578928922735065e-06
1.257856169855656747e-05
1.277443626915208413e-05
4.970765408780197845e+02
1.010285784947560748e-05
1.288871419091681064e-05
2.458661852999711615e-05
2.856794606521072594e-05
4.665939003890402862e-05
2.848683120085694554e+03
9.495400345148382861e-06
1.544909873852873692e-05
1.676601820457188831e-05
1.871631960848067408e-05
3.613351541135428999e-05
1.284937251237203100e+03
3.520239871337513496e-06
4.015440111562865299e-06
4.549281326049414237e-06
7.819572755627555714e-06
1.099830408878146732e-05
1.358779331067408975e+02
9.607073369979598002e-06
1.052500916401367092e-05
1.179963008197843383e-05
1.307255070686499228e-05
6.258508454853865973e-05
2.542664187032636164e+03
5.637374706055852458e-06
9.033378852838572497e-06
1.067324632719839096e-05
2.522789634481975910e-05
3.787588251682503197e-05
7.206598240413089798e+02
2.520517129030372519e-06
1.180251599081112707e-05
1.383281414019007248e-05
1.776683362425936645e-05
1.998618458869426946e-05
4.835915166408690880e+02
1.802507295939574255e-06
4.182136364395808688e-06
4.994330070360779924e-06
9.139296433931990330e-06
1.806675766787943814e-05
6.109246890691456429e+02
1.349658433866634200e-06
2.533543224189538507e-06
1.270217118533714208e-05
1.369975703790437327e-05
9.560029577296318875e-05
2.870366328405704735e+03
5.077164616852133606e-06
9.761729051664164139e-06
1.235907072465615245e-05
1.986887265572026182e-05
3.007624181715392165e-05
9.340405579961615103e+02
4.236224310093066768e-07
4.533498737484669561e-06
5.036040562530598494e-06
1.643263125210050923e-05
2.126717522584025126e-05
8.765589047632796564e+02
3.828093424618932588e-06
7.141513006221698275e-06
1.059234189488167314e-05
1.807030850451269544e-05
2.111977039656503236e-05
8.810457717690542268e+02
2.270958011820174916e-05
6.399248585201170521e-05
9.752755799180914693e-05
1.171567301058625823e-04
1.525188243880755781e-04
1.749840878016764557e-04
3.766639762636428713e+03
5.192236848617227224e+03
1.467480843119930068e+04
1.240978810443158468e-05
4.244092492776849011e-05
5.891767292436014705e-05
1.033472264984970125e-04
2.024843445576200197e-04
3.967193760370571996e-04
6.491770382862559927e+02
3.473211086481141592e+03
5.651174749462787986e+03
8.729830561318335360e-06
9.719737630838618317e-06
1.806675770567714499e-05
3.290958988281463850e-05
5.205235132503900950e-05
5.488153540214429622e-05
9.277564104334693411e+02
1.052642475039167721e+03
3.400685922931660116e+03
2.204647690271694481e-05
2.257097874884715912e-05
3.403638971223719621e-05
3.700215665013188097e-05
4.594221262681249369e-05
8.729851584823626815e-05
8.751411288028501758e+02
1.013193401966500687e+03
3.917570661725273567e+03
3.746378395297134323e-05
9.917459010096720494e-05
1.754225757292974088e-04
1.828691331374200613e-04
2.517897874448587060e-04
3.530200483152488335e-04
1.189762172201043995e+03
2.865046409774414315e+03
3.227754598951330081e+03
3.409810374925702490e+03
3.624538859965241954e+03
1.139711472184773265e+04
2.251983632133396887e-05
4.434617560577255017e-05
5.985032634556587770e-05
6.144814099582142136e-05
7.590352369595729481e-05
7.724040605334817099e-05
6.744831856405477311e+02
1.404655599997462787e+03
2.243040316336058368e+03
3.327177786542933063e+03
3.460132185740550085e+03
6.441774692749665519e+03
2.864323634746020176e-05
3.641218514379387412e-05
4.760532319045945036e-05
7.388693701334936141e-05
9.269668930691387027e-05
1.039204422262969714e-04
1.203184733876919381e+03
1.501225296175935000e+03
1.557116619818993058e+03
2.937793892981632325e+03
3.152307935220257150e+03
3.429718095838962654e+03
6.209496443974453302e-06
3.085391134952022042e-05
4.738416374381079321e-05
5.588609513789430052e-05
8.378665255055547522e-05
1.010090308277496087e-04
1.111445510659380034e+03
1.515660278909646195e+03
1.583341096815506944e+03
2.751980372520048604e+03
3.179642556018106006e+03
3.369439593624848840e+03
6.056625204553459280e-07
3.136477512301531989e-05
3.369797178378846204e-05
3.826063895188247494e-05
4.991720109451083830e-05
7.272866900540974429e-05
1.062449187710362594e+03
1.609257528095790121e+03
1.676287627873660085e+03
2.407404980498655732e+03
3.249456370220807457e+03
3.438404319025478344e+03
2.638733367429289779e-05
2.837782776679440906e-05
3.082377176171714121e-05
4.186858159076973823e-05
4.884229091534106977e-05
4.971977349175540353e-05
1.098281421837251855e+03
1.266468286095583608e+03
1.518732757867300052e+03
1.664014575517183403e+03
3.306876795055738967e+03
3.426290241059282380e+03
1.593001061637373838e-05
1.705454807431142908e-05
1.731117328477576066e-05
2.655941171214931529e-05
2.677730589224895064e-05
2.837099141580690033e-05
8.043354921281547831e+02
9.753969464985373179e+02
1.223440405006573883e+03
1.717467012842007080e+03
3.375577776117879239e+03
3.459002713437265811e+03
