1.133831117220824268e-04
1.671648747255229453e-04
2.044020302038178935e-04
3.372502992453388880e-04
4.508358223505873818e-04
9.241726961737871534e+03
1.059722881268512499e-05
1.743221346546131931e-05
1.889676491104301355e-05
1.195680060347104555e-04
1.271935639482164946e-04
2.875407289007471832e+02
2.058249478297086133e-05
2.584420591076261455e-05
3.421719578460594949e-05
3.602588709248377469e-05
1.142642085686755164e-04
4.240193202806653971e+03
4.785362236165731289e-07
4.964966599625471541e-06
1.428302604907782563e-05
1.615258661654275657e-05
2.198495221619489962e-05
6.933871539667491106e+02
1.366003567593120812e-05
1.954551015333647217e-05
1.981551294902720979e-05
3.585659853953550416e-05
5.650112234734457642e-05
2.847981660501799070e+03
1.341081516207876659e-05
1.347233996087175092e-05
1.438285847450549815e-05
2.406386927788889453e-05
3.613351541135428999e-05
1.446419329967224257e+03
4.868280538093174432e-06
6.216398781455865533e-06
1.106358439666744670e-05
2.339773382311886415e-05
2.423543539153128387e-05
5.616678736268330567e+02
1.595024599851312957e-06
5.054120003276083885e-06
5.925101568406494501e-06
8.484313328993381908e-06
1.059272861382940424e-05
5.295621069286368083e+02
3.734638765229117869e-05
4.200461198065972429e-05
7.482029906618589731e-05
8.361700722578498893e-05
1.027549916359868652e-04
3.169901587855183152e+03
3.382700929292086299e-07
1.657010165527012997e-06
4.411849202643281945e-06
8.444554954713645031e-06
1.806675770567714499e-05
6.239057129686398184e+02
1.497678750671175428e-06
4.512172915719157101e-06
5.640698686312208453e-06
8.056064260370586434e-06
8.981448968105549478e-06
1.660034508082841285e+02
1.908060970734928215e-06
3.310661363370300829e-06
5.757946525919708017e-06
5.943533735991732446e-06
8.564350542539929357e-06
2.944595176145593314e+02
4.968682096943464922e-06
1.287691253345618140e-05
1.747548470923887274e-05
2.416267991297388026e-05
4.425433768540510386e-05
1.768137161447590188e+03
4.731785644106808494e-06
1.718002610384124790e-05
1.862278752132303440e-05
2.014872303900040756e-05
2.695931620364513330e-05
5.959503152702584430e+02
8.057954527549841781e-06
9.226911187579260997e-06
9.254334898680293477e-06
1.085085170522411156e-05
1.577362638311464733e-05
6.681172782788610220e+02
3.439737546947654857e-06
3.782564169064045795e-06
5.955535998130495079e-06
8.219500660737401573e-06
1.201820533244303195e-05
5.856979194182454194e+02
5.530041352138929993e-06
1.063042160636166076e-05
1.355006822570023146e-05
2.620216346289094256e-05
2.791032246060835091e-05
9.961398928314252998e+02
7.480111004594917262e-06
8.171995280526158753e-06
1.236946336013030075e-05
1.319006826001934855e-05
3.161064399824943251e-05
9.989094745086104012e+02
1.790456407873818454e-06
4.247773285639886577e-06
6.457862152185949529e-06
1.202432213878335117e-05
3.383322072248258803e-05
9.222048313324299897e+02
3.090824196856866801e-06
3.155096986661222666e-06
3.197701488901636289e-06
3.440534989270229878e-06
2.354073114415716536e-05
8.898337068878774971e+02
2.537232536474889767e-06
3.304622386297950384e-06
5.613169878086912460e-06
9.107303993766051949e-06
1.552906614201350372e-05
8.528844480928313487e+02
7.257432224617366070e-05
2.481994656544287531e-04
2.511059025676952265e-04
2.573202261782637904e-04
3.212644596801080845e-04
3.908283175091931648e-04
4.579915278700856106e+03
4.846875015603663996e+03
1.469951093273152583e+04
4.563037136979703092e-05
6.514062128920307089e-05
1.221650267291522101e-04
1.540629935580285510e-04
1.597992488633092928e-04
2.335449906574367789e-04
1.710912838051851622e+03
5.750785605821421086e+03
9.483202849053815953e+03
1.100774088468585290e-05
2.825836305462665822e-05
3.064563924956735844e-05
3.082598868607640572e-05
5.464709444364867569e-05
7.866716305296777222e-05
1.133960811303127002e+03
3.499211835879054433e+03
3.773721641458499107e+03
1.128604415978700946e-05
2.007241378173306657e-05
2.661153161004414924e-05
2.849130260408067056e-05
3.469806053440166140e-05
5.185347094019997688e-05
1.165557570139301333e+03
1.495159820463663664e+03
3.624885290420982074e+03
2.651933965958448694e-05
3.168016868622040269e-05
4.740926200260468353e-05
5.569293669099663921e-05
5.669570407664039242e-05
6.232637942596087790e-05
1.028728048350159952e+03
1.057535508629041942e+03
3.619240333059086879e+03
1.798918111801706853e-05
2.363233033656221538e-05
2.647964296455662867e-05
3.285781168609861087e-05
3.429128537640606009e-05
3.660284917804384742e-05
2.467197008456216736e+02
1.010940352460754184e+03
3.621858823685165135e+03
4.786714060462322125e-05
7.465931346741308278e-05
9.465851958352776050e-05
9.587745798829595953e-05
1.142642085686755164e-04
1.623202261833292591e-04
1.525672115909224829e+02
1.767934928441802413e+03
2.470075202331534911e+03
3.489452727697944283e+03
3.545609248476916491e+03
9.079255946112292804e+03
1.273928202203906469e-05
1.962006523236807612e-05
3.203736946515943338e-05
4.406414968583912610e-05
4.551090998676192429e-05
6.489615523331640511e-05
8.321219939790694298e+02
1.189468014823113435e+03
1.807597699972922555e+03
3.343688370943060818e+03
3.461406907819972730e+03
4.424158672060944809e+03
1.529253088756661637e-05
1.961301149938248406e-05
2.152866275386270995e-05
3.236375925825986914e-05
3.431411238967742961e-05
5.516152825304385620e-05
1.105437167185552880e+03
1.613609152813879973e+03
1.634359838147910295e+03
2.744123549316921526e+03
3.423335251538775537e+03
3.480018357584206115e+03
8.262064050324724362e-06
2.017187563161828000e-05
2.419297881421736632e-05
3.268041757267422501e-05
5.099663625803205745e-05
5.680026143776938753e-05
1.154014742196930456e+03
1.502935913968079603e+03
1.581835325239704162e+03
1.712369969944858667e+03
3.391134492817966475e+03
3.432100433794282253e+03
6.351586584247708780e-06
1.696797254518138347e-05
1.977268103646147440e-05
2.924148972278419251e-05
3.749299104652257690e-05
4.836250558563087194e-05
6.746585718886569794e+02
1.109134933940607880e+03
1.267911105450046534e+03
1.469724501247809712e+03
3.390238046702223983e+03
3.437246181334262474e+03
5.915396487077812475e-06
5.942612130958310449e-06
2.212716884270255193e-05
3.684381000915999915e-05
4.061265188889488515e-05
9.005427631303139151e+02
1.139881439723705959e-05
1.174887482097770303e-05
1.951344140931960585e-05
2.146883499689033122e-05
2.437081902361151688e-05
4.519134583319627154e+02
4.374231043174609528e-06
1.541737424161925988e-05
1.574307675164143448e-05
1.820191980944392692e-05
2.195795867830965990e-05
6.975437243793677453e+02
2.894482762624343673e-06
4.946062978239365711e-06
1.040756696146216405e-05
1.134576829016324848e-05
1.151605758057720935e-05
5.316549302663146364e+02
1.356923801397396948e-05
2.008207222400843603e-05
2.948966119212460252e-05
3.365618014725777228e-05
1.022010151019089468e-04
3.626432319971623656e+03
3.392746391015465525e-06
5.781086639737327713e-06
6.541311855696427809e-06
7.754393769610431640e-06
4.039849836291223263e-05
1.381632782095443190e+03
3.806862362683021933e-06
4.328901344254612145e-06
1.830449977780960105e-05
2.515992871075542849e-05
2.814247326043382518e-05
1.087591317391574194e+03
5.278880335982675853e-06
7.391982313459315706e-06
1.069818597476417328e-05
2.192810467657466673e-05
3.195266874141292166e-05
2.498367119512434158e+02
2.988499916194850155e-06
4.807678534993850012e-06
6.385919903948784490e-06
6.538270878117276122e-06
6.909975634704857869e-06
5.348802225428908059e+02
4.043743583978268154e-06
4.514427069912498609e-06
6.495906266960882221e-06
8.216231582698561414e-06
1.283081186080741496e-05
5.167385752554467899e+02
6.081916111655235733e-06
6.598827081259542451e-06
8.578654327064414041e-06
8.776896925412319068e-06
8.895158876922926554e-06
4.975669481649397312e+02
1.307884701908874918e-05
2.007013714671624448e-05
2.798024097713742441e-05
4.628071504047018384e-05
7.226703082270857998e-05
2.491592112451586218e+03
6.421142377090164233e-06
6.517930970095605665e-06
1.101140975250103518e-05
2.178931656311773414e-05
3.508967860100379498e-05
2.186505994679501782e+03
1.299062920324633489e-05
1.676404897037725355e-05
2.594317267252032051e-05
3.613351541135428999e-05
4.397814411503886357e-05
1.474961457983098626e+03
4.965638647039675503e-06
6.539024304747872131e-06
8.489795665234663131e-06
1.194093928989554507e-05
1.208879692501617489e-05
5.957385176898847021e+02
2.621234510976091151e-06
2.996290965772906717e-06
3.369825486787054786e-06
4.451564734222694332e-06
5.757791655777637303e-06
2.945954180224719039e+02
7.701997378864474763e-06
1.442728063616640934e-05
1.564627105758656519e-05
1.934957957641724485e-05
2.290584524689625334e-05
5.905310405287018511e+02
4.046605994505199113e-06
6.681416688224789487e-06
1.018320879173961857e-05
1.916269024896395030e-05
2.414371903392987243e-05
6.732069822737512368e+02
6.311889216117592238e-06
8.362270966677566529e-06
9.537638090197039198e-06
1.015411193108226816e-05
1.119176673233498645e-05
6.442571833305477185e+02
6.948287348693114658e-06
8.540912587286459621e-06
1.047576668362273363e-05
1.221961051777136898e-05
1.670772385936741280e-05
6.246178420578497708e+02
5.558651399852444026e-06
7.410767887756634551e-06
8.388541527355801059e-06
9.757440829175397380e-06
1.038619485422153887e-05
6.000345815410668138e+02
4.173565834369131550e-06
4.652907554589819574e-06
5.978079094473057910e-06
7.137694010633365021e-06
1.066708556389131260e-05
5.936787857737223248e+02
4.593055801402494159e-06
9.304800255871161546e-06
9.659937781340568422e-06
1.816421043428928126e-05
2.120588704066006240e-05
9.643278920219969450e+02
5.467201382029492917e-06
6.709312609652993552e-06
1.276592774632079223e-05
1.655135468981810921e-05
4.129616669859972005e-05
9.813482282723356320e+02
1.536863572162671459e-06
3.898399975574364819e-06
3.968979676708570163e-06
7.591279530057196457e-06
2.137572898410220327e-05
9.933823422063244379e+02
4.601370488307256323e-06
6.387563443563872480e-06
7.642426523016103423e-06
8.675503848397663094e-06
2.454456383067931354e-05
8.896606286473884211e+02
1.583081566113760100e-06
4.687856691579513008e-06
7.804920762986774057e-06
1.499422611907002075e-05
1.696528407058269433e-05
7.445986882954763360e+02
1.951509249210242239e-05
2.127370626862897659e-05
2.464781892362872786e-05
2.556890028975306628e-05
3.446288700407639291e-05
7.784154054498294926e-05
8.300533675811410603e+02
1.311143735165425596e+03
3.650063963157414946e+03
7.858424688803738333e-06
9.429271640350615010e-06
1.254028463048709092e-05
1.428302607108443955e-05
1.497268729891468219e-05
2.267302520850128636e-05
4.328022521768380670e+02
1.165784026644431606e+03
3.591535878137031432e+03
1.504345077238123575e-05
1.677793230071408581e-05
3.002661329565294409e-05
3.724557516647432359e-05
4.559482856401688046e-05
5.052705686118776811e-05
8.465582453330320050e+02
1.105379908009160999e+03
3.598622751094566866e+03
4.245005535400806119e-05
5.461378593713485163e-05
6.713884366262080927e-05
9.402493378617954420e-05
1.405605328296255236e-04
1.538405812952751029e-04
4.478644804224877589e+02
8.508502914318245303e+02
1.367780380613886337e+03
3.419650505087146939e+03
3.504793176208358091e+03
5.967712308190342810e+03
1.161782941661819000e-05
1.529792776388486453e-05
2.170980389386185317e-05
2.612380873685300962e-05
3.593614957167479818e-05
3.610764528668677415e-05
9.739972427547717189e+02
1.025232422901216751e+03
1.128656746690699038e+03
1.461099083146914154e+03
3.392615531684016332e+03
3.437766343582161426e+03
7.626827074838306956e-06
8.481186046313944922e-06
2.307182837276868485e-05
9.184318054354129342e-05
1.122808963306963536e-04
3.268338227188169185e+02
5.444282104539089037e-06
1.500785881435397826e-05
1.867362799421894270e-05
3.025464448861148791e-05
9.560029577296318875e-05
3.186637050773830197e+03
1.064683841026856838e-05
2.235332128214720230e-05
2.413648203726483419e-05
3.853916409549930572e-05
4.425433768540510386e-05
1.931174008739105602e+03
1.224655062354681135e-05
1.298560992392606908e-05
1.977440170402911101e-05
3.037770087297569842e-05
3.129254227426932986e-05
1.220464052089976576e+03
8.993874594773251655e-06
1.813402529330123593e-05
2.306303048647681002e-05
2.509357666406190860e-05
3.335312359342733953e-05
4.524628250648393077e+02
6.433254750147680469e-06
8.121134058090353572e-06
1.277690376568740240e-05
1.531559592456238370e-05
1.917138203834210328e-05
7.054400210746093762e+02
5.420494686850591775e-06
9.968090774398143708e-06
1.288820264253498576e-05
1.498016411900500271e-05
1.631898070833536730e-05
6.202327598817167882e+02
2.753942266099779015e-06
3.195877595759740602e-06
7.181327951763884411e-06
7.962591668182907086e-06
8.052660038791768372e-06
5.796566089413561258e+02
4.383811578732008596e-149
4.547519575201860279e-06
6.161626419318642597e-06
7.043638120160129881e-06
8.000856775666451802e-06
5.166037502909117620e+02
1.207351684166421624e-05
2.125947343592706973e-05
2.187416179148793304e-05
2.416550971338998169e-05
3.613351541135428999e-05
1.562092082445514279e+03
2.064707674931992890e-06
4.842835242421743817e-06
8.972278554389540684e-06
1.024635406692383923e-05
1.315762924894861447e-05
4.443969803272864283e+02
7.271273432787692707e-06
1.251571722653599472e-05
1.503001393827350910e-05
1.543110956173274174e-05
1.774781979533830798e-05
5.021040701580341761e+02
4.398623109821172593e-06
5.489049183317149135e-06
1.244260512031433396e-05
1.277512681987087086e-05
1.454310627426907974e-05
5.600904026519017407e+02
9.416924382248842326e-06
1.057891969986547883e-05
1.988339017306426005e-05
2.457365642804959865e-05
4.733500536105446870e-05
2.540789348716812583e+03
2.786236471789279227e-06
7.014740018092228387e-06
1.691644997680976896e-05
1.800223086083630857e-05
6.258508454853865973e-05
2.259122663998585267e+03
7.568196251268594862e-06
8.471530052054921907e-06
8.558345296822498491e-06
1.138324635412365403e-05
4.039849836291223263e-05
1.591350624198520563e+03
1.417431366571690951e-06
5.220253444911042289e-06
1.096741346170032921e-05
1.275770052103913074e-05
3.613351541135428999e-05
1.242157833116919619e+03
1.127921639455737342e-05
1.586805046715626292e-05
1.918053300389676899e-05
2.212716884270255193e-05
3.617161528947087929e-05
9.209116401257031157e+02
1.718024662367423621e-06
2.258344713209643124e-06
5.101388339397189980e-06
8.548292779922549454e-06
8.791436868989054671e-06
1.933240322137848182e+02
2.751260753515599608e-06
1.091454281178711366e-05
1.322504625758809496e-05
1.353519621024231668e-05
1.942968416130641429e-05
6.396859162941190107e+02
8.487842754533315607e-07
1.841924633347020283e-06
3.406010898598039246e-05
6.554539565133634294e-05
6.759961742450190723e-05
2.220052545026455846e+03
1.888317674326391325e-07
5.042548220484136512e-06
1.273563563731591881e-05
5.703241240919261707e-05
6.210894492192757803e-05
5.684157678749746765e+02
5.753961362660923410e-06
5.770381453639219564e-06
1.009962454419793458e-05
1.795909808720110349e-05
3.412217611793696889e-05
9.770626083184059780e+02
1.878855601154875006e-06
5.447868342846514251e-06
1.150589917907168600e-05
1.996124163765356527e-05
2.513328604962989361e-05
9.789344937164757994e+02
5.157093569998725537e-06
5.389783004688005281e-06
5.608114600494335370e-06
6.949548817730352960e-06
2.150895018533767334e-05
8.826317967164458196e+02
2.202362632952528625e-06
3.654238242975123929e-06
4.009014254689869693e-06
6.404909302273484432e-06
8.974219554063967905e-06
8.243748286161198848e+02
1.111045506349260717e-05
1.159986756576276892e-05
1.506654637005041873e-05
1.556658209273563203e-05
2.862881638961352912e-05
4.875434684263926631e-05
1.448340113713998562e+03
2.073277043441908972e+03
3.621219755055769838e+03
5.619916826222863707e-06
6.030508157801945335e-06
2.019924918145611631e-05
2.157566915082078854e-05
2.599803796333758637e-05
3.704738726543157541e-05
6.226638848221379021e+02
1.274713664368621266e+03
3.607473104054886335e+03
4.993277825097209183e-05
7.492603223628741796e-05
8.772000990999844752e-05
1.287473171423160901e-04
1.451973188890044622e-04
1.487187234776950922e-04
5.133201155496301453e+02
6.229431768325936218e+02
1.301177180933796990e+03
3.437323735473431498e+03
3.530100432137010557e+03
5.779297956875426280e+03
1.519784067221597195e-05
1.580780895654334322e-05
1.889682753177675302e-05
2.328824801951435470e-05
4.214076268057840739e-05
5.711384808421568823e-05
6.900151011177081273e+02
1.191315170618902584e+03
1.391172311603012986e+03
1.495573635507360677e+03
3.389749046261486455e+03
3.436997673296059020e+03
3.619905145011233547e-06
2.402221781413674053e-05
3.077396240596571702e-05
3.269396846084245920e-05
3.474334988672382417e-05
3.707679740402721006e-05
9.742984619097811674e+02
9.754440997919609799e+02
1.068997808547082741e+03
1.497216886359475438e+03
3.379074307837124252e+03
3.431687964865316644e+03
1.943266417989927716e-05
2.313529153719907341e-05
2.353022967989470165e-05
3.018458852868868830e-05
3.119597223097551794e-05
3.646410356577989596e-05
9.946135754933090993e+02
1.026229422996183530e+03
1.027605370041649849e+03
1.495365945944568466e+03
3.361634685967192581e+03
3.418409867058418058e+03
7.963969356831222606e-05
1.198913404997972569e-04
1.865994684247498285e-04
2.095039081754360480e-04
3.105491973605819492e-04
9.765027262961126326e+03
1.510137822299408543e-05
1.647310290367981925e-05
3.508074997072579038e-05
6.004263065002841379e-05
1.251701690970773195e-04
5.518650118988169197e+03
1.001636234324470848e-05
1.497075929506817612e-05
2.660692726012367395e-05
5.592546523073099155e-05
6.686610481413922673e-05
4.588006129120737569e+03
2.589847030948507042e-05
3.041338949049744619e-05
7.226703082270857998e-05
1.015056942431329638e-04
1.117460004464296741e-04
2.775351214447483471e+03
9.202097355909796600e-06
1.157623859946058873e-05
2.990849009401099691e-05
1.824752476072822021e-04
1.915858257055834456e-04
1.624324804127504649e+03
2.656015812687130740e-05
4.022628730224422124e-05
5.895126186536108598e-05
7.875859098037064551e-05
7.921261832254750058e-05
1.564855899740530731e+03
1.136223793633243989e-05
1.162165097488551734e-05
1.838316283246862551e-05
2.995962118534988849e-05
3.592935009410359707e-05
5.884979209179558666e+02
1.034291087812089402e-05
1.499219986573006198e-05
1.792242668216063105e-05
1.834687912389589004e-05
2.843769722893310607e-05
5.923994236978469416e+02
6.986442916013925189e-06
1.440177412136233735e-05
1.642867755078426275e-05
1.687972003325061553e-05
2.555025377547723669e-05
1.993283758917676550e+03
5.783517459858094030e-06
1.035324585257595713e-05
1.068451209213756934e-05
1.450457224177285785e-05
2.848941565295835929e-05
1.109408348400111890e+03
8.882192718524892244e-06
9.321149536695745783e-06
1.009962456390106274e-05
1.042081280302443203e-05
1.779919330263415010e-05
4.955271387520123199e+02
4.963307879642008491e-06
9.551840558039898348e-06
9.742953825865049590e-06
1.040480197424270338e-05
1.629627132433433226e-05
5.252514127603486713e+02
1.244212962478339086e-06
4.496897285476269141e-06
6.054706899958313130e-06
9.222469255953958330e-06
1.306900174860599842e-05
5.440027600354793549e+02
8.384434166338993797e-07
1.087672719407684595e-06
1.388828542306959798e-06
4.660846830521359960e-06
1.851472278499673290e-05
8.492003821095652256e+02
1.889262104267233204e-06
2.988197272059538674e-06
6.119588762284283239e-06
8.375543869364034750e-06
1.529025985387710845e-05
8.975849256610399607e+01
1.216387510645863385e-06
1.996865221039522811e-06
2.301013162056338032e-06
3.750248576565386158e-06
5.757699702637696303e-06
2.903562673189741759e+02
7.230062028316174247e-07
1.636862414857285199e-06
2.154081410562153700e-06
3.911567775633402398e-06
4.113699015396032396e-06
2.900208099746461698e+02
1.763207056683683836e-05
3.710268554643956053e-05
4.577851893580455963e-05
4.607004538059199564e-05
1.142642085686755164e-04
3.779643315663562589e+03
1.501969748844298187e-05
1.891594239696643375e-05
3.269242598138306628e-05
3.769173778344428471e-05
4.787275159135323261e-05
2.620063990890982495e+03
5.616599968652153990e-06
9.597809427353933809e-06
1.302868678072814614e-05
1.530895672111855360e-05
1.973071846775634029e-05
5.097468343790831113e+02
3.232678532599924248e-06
3.954547389983318705e-06
4.621126797254580209e-06
7.962092163790472342e-06
6.513219181625810742e-05
9.271122816501008401e+02
6.331207916240051642e-06
7.185341588181038186e-06
1.008808429204710118e-05
1.236946338616640117e-05
3.770656598028925477e-05
8.510773842360023309e+02
1.181939251249900597e-06
5.544480303679980516e-06
8.070549589028260678e-06
1.725756362140282580e-05
1.733374766786581247e-05
1.028517912951725066e+03
1.789048886292356418e-06
3.463247435512680196e-06
5.936681006737297475e-06
1.126114332389300755e-05
2.166365521092865023e-05
8.619612991782453264e+02
5.280523374753568421e-05
6.630960344864569932e-05
6.759961742450190723e-05
9.766733629906213714e-05
2.086536612123730176e-04
3.614355170857922730e-04
2.416354755090675098e+03
4.903423371037167271e+03
9.709686530726448837e+03
5.095337772150670600e-06
1.725883141581806184e-05
2.305367256492969069e-05
3.602999038623683745e-05
5.132530630242032474e-05
5.681691371782970294e-05
3.323867651977450919e+02
1.341605559196661943e+03
3.689246068406055201e+03
0.000000000000000000e+00
1.842589805818870750e-05
2.426804288412136597e-05
4.154068137602432044e-05
4.575258848184068921e-05
6.622137575396582648e-05
8.771807682644231363e+02
1.184864152426820738e+03
3.607393802167588547e+03
2.972303221082756518e-05
3.186077838818118449e-05
3.558234289201202445e-05
4.039849836291223263e-05
4.584069997166159428e-05
6.008926347980245630e-05
1.003606498968959613e+03
1.041177206060489425e+03
3.605257797933700203e+03
1.252021368036263817e-04
2.951543583875395347e-04
3.420763839180075965e-04
4.359834634907056440e-04
5.318340994390745053e-04
5.575432059365709354e-04
1.465732491566026056e+03
3.256800606442567641e+03
4.253767356054562697e+03
4.635627838938213245e+03
7.178653621129104067e+03
1.229066491920173394e+04
1.678974558163807968e-05
7.755549566597015382e-05
8.279041900734882193e-05
8.491775049291870625e-05
9.102344199769691897e-05
1.268129643764737428e-04
1.337218490605988563e+03
1.922471596374024102e+03
2.369353498293438406e+03
3.446109443407206072e+03
3.500644880050499069e+03
8.338151520967523538e+03
3.854341890057543828e-06
1.793008230352292377e-05
2.130593098736830631e-05
2.161113900068056099e-05
2.183093801625600417e-05
4.844367161298445470e-05
9.033936890321261899e+02
1.272098260112364869e+03
1.897380772776933782e+03
3.367622772806030298e+03
3.462727258906748830e+03
4.389879255259578713e+03
8.291838447915604696e-06
9.073560699352037576e-06
1.190103366301568524e-05
2.171885799303357225e-05
3.199281699425642159e-05
3.859340263737319151e-05
9.671259627752058350e+02
9.787305328387720920e+02
1.039663286341304456e+03
1.435954539153972746e+03
3.397435776920844546e+03
3.444255860551941169e+03
1.861825293633267945e-05
2.363364445776431678e-05
2.745373255653856830e-05
5.541373224895859088e-05
1.251701690970773195e-04
5.503460912584256221e+03
1.665329820096225961e-05
3.480983427429334406e-05
4.055689770835858648e-05
4.380606545199187632e-05
7.875885322770803036e-05
2.641724699745747330e+03
1.632808761499297901e-05
2.500383374393871697e-05
3.571058728625907494e-05
5.110050755095447338e-05
7.670884818361774010e-05
2.135267024920058702e+03
9.324359483692661743e-06
9.763272292964302168e-06
2.218376635278536304e-05
4.114237626969223635e-05
6.241552469383093629e-05
1.808805920412788055e+03
1.925670803283248105e-05
1.930517129344045649e-05
2.388302110635340500e-05
3.279470416644085322e-05
3.719536777471411725e-05
1.656502116342788895e+03
0.000000000000000000e+00
1.315580205059333125e-05
1.318509053509200837e-05
2.200188938059850693e-05
2.604249721806009272e-05
5.775457956217841229e+02
6.642849634305803039e-06
1.263379131522114591e-05
1.644335198395328388e-05
1.236948678425422803e-04
1.237317679482518088e-04
3.305659095625971418e+02
1.117907926061893458e-05
1.159779544189455830e-05
1.447282105269039991e-05
1.508076534077460289e-05
1.564819216724088052e-05
7.785336767701994631e+02
3.505412311706900464e-06
7.578275535979241891e-06
1.002882141386767438e-05
1.355013022083775202e-05
1.878362761138501494e-05
7.052815753187539940e+02
4.469414457207909496e-06
5.871684241099007085e-06
7.726910557968154157e-06
9.657704895999459443e-06
1.682721542718880678e-05
6.138331517016841872e+02
1.600329545004097814e-06
2.566123147249350074e-06
4.227963061551607921e-06
6.567662158045727896e-06
1.009962459286707723e-05
5.454184847686968851e+02
3.206346458905290474e-06
6.162389837984458906e-06
7.666383983190590048e-06
1.686351434635784065e-05
2.374984206241198193e-05
2.461137014452848462e+02
7.109325502981779190e-06
7.320702876086193131e-06
1.277512682967205172e-05
1.291952376486416837e-05
1.882681744198945302e-05
5.235374158325093958e+02
4.832595638847252078e-06
5.302317456231296579e-06
7.919846926882230702e-06
9.274900487999721319e-06
1.059130579294689175e-05
4.910350677532958343e+02
1.714167152920039665e-06
6.300033080749164606e-06
7.823135568567332466e-06
8.113853491177543502e-06
1.519606125493795720e-05
3.723117453133606318e+02
1.423764905600851176e-06
1.631591434379079671e-06
3.138595001826159387e-06
3.804962594869399738e-06
6.183754694135993854e-06
2.885707029374717081e+02
1.428358822620954853e-06
1.858173110206715983e-06
2.844738729368087739e-06
3.836068570187821634e-06
4.513490713653915097e-06
2.928275949938915232e+02
1.282681845188508576e-05
1.418346884694635146e-05
1.812200620641332005e-05
2.464231301454380144e-05
6.258508454853865973e-05
2.516639310403110812e+03
5.212672197798258168e-06
9.004867319491063641e-06
1.410576378026529074e-05
2.779914146124656728e-04
2.780702508798867426e-04
1.048929225851265301e+03
5.950923980251821431e-06
1.601953635518887348e-05
2.565488272641948546e-05
1.367703763976912880e-04
1.387928011131986145e-04
8.014031117255324261e+02
9.695922938574904747e-06
1.269122782438895484e-05
1.360772463188082814e-05
1.726586439990193537e-05
2.679966011560603226e-05
6.747667491713498293e+02
3.626510021205470033e-06
1.013574957970731715e-05
1.033083340866442144e-05
1.347446928987391883e-05
1.355006824612057460e-05
6.268459111438676246e+02
3.448342149765604692e-06
5.436090711200623360e-06
2.362707689062449213e-05
4.282279410701710001e-05
1.022010151019089468e-04
3.211531516103572358e+03
2.135209048484391659e-05
2.296971239576413111e-05
3.372260141996004390e-05
4.039849836291223263e-05
5.346204711068860467e-05
1.271590807470946174e+03
7.180522667606041345e-06
9.243861867393057566e-06
9.529473547049534336e-06
2.818319118593266322e-05
2.954277266343056116e-05
9.933452332567970871e+02
1.403447668079585834e-06
2.077450283318514648e-06
5.975018455110731874e-06
1.655620828839282548e-05
2.262901099498588659e-05
8.228402148954244240e+02
7.478245247891006993e-05
1.060596835344636719e-04
1.069162693072154619e-04
1.998522331430035027e-04
2.027974807800144092e-04
4.268719587893446844e-04
2.719217286612093631e+03
4.767801480061223629e+03
1.451776737769442661e+04
4.741801995822841475e-06
1.456974651668102401e-05
1.936529104705638120e-05
2.903426600470422904e-05
4.257147508199922220e-05
5.617435609516613880e-05
1.380651128217775522e+03
2.191517943793324321e+03
3.601361408129621850e+03
1.217010046944199075e-05
2.433491650624691020e-05
2.863464648840262388e-05
2.927442680185055296e-05
4.617106689380299914e-05
4.844059393460604300e-05
1.337694715344029419e+03
1.545020491274249025e+03
3.607086129534647625e+03
1.521754911200858452e-05
1.810783028237978335e-05
4.971573451869630084e-05
4.983439431773616199e-05
5.502906593668071444e-05
6.068084481126899074e-05
1.012065670312573161e+03
1.112985219614455673e+03
3.614947053392770158e+03
1.942651049561537442e-05
2.215851204104894883e-05
3.968159828587257366e-05
4.005781648427886830e-05
4.024457631919795437e-05
4.914309710346864452e-05
1.213336876056704796e+03
1.569491727588580261e+03
1.692748580857518391e+03
2.057310078336194238e+03
3.404730821446612936e+03
3.437019965428155047e+03
1.517157182562393326e-05
2.282838112986112957e-05
2.437795776857503490e-05
2.500372284705442395e-05
3.137552836135929993e-05
5.871642076767324508e-05
9.342253777808695077e+02
9.492309122634637788e+02
9.650086455298593364e+02
1.426923721997653274e+03
3.392333986923342763e+03
3.433993806400077574e+03
