7.723438588082937820e-05
1.004753207294476283e-04
1.015938182312599156e-04
1.546187666412634685e-04
2.890681232908343199e-04
1.008203016998897874e+04
2.251010756504805480e-05
2.425909959988645332e-05
3.118909646594036103e-05
3.372075619845887466e-05
4.096823057340020786e-05
9.180169467602365785e+02
1.173128123236776510e-06
5.610644074528526741e-05
7.003048465884871749e-05
1.528942152064026016e-04
1.569806503494613548e-04
4.872019757162509450e+03
5.864285384819213250e-06
7.138315448728978620e-06
9.129620261314434223e-06
9.638193931817861564e-06
1.830308197357830314e-05
7.053460198924734641e+02
6.284772863689636310e-06
1.086617665482716373e-05
1.380741497266598964e-05
1.880358095577772310e-05
8.850867537081020771e-05
3.211846482786756042e+03
9.582061405273068377e-07
1.597941139255322865e-06
1.746195067905610045e-06
1.277391848155083677e-05
3.613351541135428999e-05
1.680966599291772582e+03
4.112551837415777037e-06
4.749507210318861861e-06
7.015196353051416578e-06
1.277512688073720324e-05
1.363028847925813752e-05
5.718509314431021267e+02
1.981928419176035359e-06
4.337619655994565359e-06
5.030312344893702586e-06
5.240321024069407221e-06
6.202625667230025939e-06
5.344528760952166522e+02
7.193791653200086710e-06
2.350602610498571485e-05
3.503102941633657160e-05
6.438539172531542126e-05
6.722469990265298378e-05
4.114654777517411276e+03
6.266883360562779355e-07
4.268626938869633671e-06
4.924703565825560405e-06
6.011768825701449660e-06
1.428302607108443955e-05
5.104234756208439308e+02
2.229065548478029752e-06
2.611139973121805378e-06
4.047040070935792097e-06
6.387563443869309172e-06
1.234365416016199486e-05
2.744793761420719420e+02
2.028735148122499356e-06
2.359391367959095765e-06
3.772885878119283554e-06
5.049812279117612736e-06
5.935953584029618813e-06
3.003283164667284382e+02
5.741758725501025824e-06
5.826496097627790074e-06
1.464112919745184064e-05
1.897426179562475813e-05
4.425433768540510386e-05
1.697378287740441010e+03
9.511635699379156219e-06
9.993787550136091808e-06
1.159285590678755634e-05
1.498036724518086721e-05
1.724120915480141191e-05
6.473901337495656207e+02
6.343457896604995894e-06
1.044204617674264031e-05
1.091935129615606958e-05
1.353974227566751477e-05
1.473563421332829675e-05
6.819810994845631740e+02
1.556668223333757122e-06
3.820537625591022002e-06
4.822139979878600419e-06
7.806147943307164275e-06
1.066090732766132846e-05
5.901393984782725965e+02
5.577220259921366072e-07
9.539957326015804500e-06
9.554490287055512616e-06
2.622502449925924003e-05
2.878119116617234004e-05
1.019908736288231694e+03
2.094969114625327407e-06
8.449952163529950183e-06
1.031232521012295457e-05
1.125480159143297504e-05
2.206941066907575655e-05
1.004557749958727300e+03
9.812283237467899436e-07
3.199128141621993988e-06
3.487463393836060636e-06
4.355385631704295103e-06
9.019145666207472277e-06
9.274671928359671256e+02
7.841346200973059254e-07
2.847565890917988256e-06
5.024306841435037020e-06
1.291336873529324840e-05
1.838835664157041966e-05
8.767799308215013525e+02
2.615113220083644771e-06
3.911567769048508974e-06
6.001005734174859427e-06
1.175552225014958641e-05
1.391825971753233786e-05
7.238258005041457182e+02
0.000000000000000000e+00
2.256130454786014922e-05
1.393241088081737574e-04
1.638736747502191396e-04
3.113705914722990310e-04
4.391769589233225266e-04
3.809188479270593689e+03
1.008752667937766819e+04
2.267457282060677971e+04
3.237760725260163593e-05
3.528300045352389733e-05
4.097491363159828443e-05
4.564082602185977528e-05
7.226703082270857998e-05
1.009751419463382569e-04
3.234960010746189710e+03
3.696275846909242318e+03
1.097406570337556695e+04
8.192770463541091257e-06
1.159006253045630811e-05
1.369374462112896145e-05
1.917714927399397629e-05
2.608338673044586877e-05
4.190970607224127098e-05
1.561266727987303511e+03
3.627929730204882162e+03
3.629814585410387735e+03
6.005541058354179205e-06
7.303093658312288427e-06
9.267082328971669634e-06
1.059417787649430973e-05
3.696556601552998073e-05
6.130685812488957274e-05
1.025957462880638786e+03
1.508895236387267914e+03
3.618625660269658965e+03
4.100755398083899431e-06
1.284603938598757811e-05
2.243975532865425377e-05
2.574660068207498004e-05
3.820153840474327654e-05
5.224728051771857434e-05
1.040323261462856863e+03
1.086002130531920102e+03
3.618405598521464981e+03
1.731756859038139246e-05
2.208480918584787876e-05
2.407223793880754837e-05
2.890689501007981979e-05
3.102118632942693112e-05
3.808818943209925747e-05
9.612216082238348918e+02
1.103655622641718082e+03
3.618949084709543058e+03
1.992874484852349975e-05
6.428044128911160392e-05
7.307388580355997473e-05
8.620012769350712996e-05
9.169636407548151149e-05
1.128941463932203477e-04
1.619677247104540356e+03
2.573692101695471138e+03
3.264936226148342939e+03
3.509310774934681376e+03
3.540564868585128352e+03
1.005381068217263237e+04
1.747679581910505949e-05
1.865381379385512421e-05
3.057525851935998320e-05
3.159502208868521532e-05
3.714885693651299179e-05
6.594782995660016065e-05
8.630519225517208497e+02
1.218259622060532820e+03
1.617493205891645403e+03
3.452766958141319719e+03
3.485058901535595851e+03
4.962694990162850445e+03
9.120795476532061297e-06
1.885147827916101623e-05
2.071407265686570106e-05
2.440745283208294283e-05
3.239718785050107948e-05
3.659845436110575065e-05
1.236844141017521451e+03
1.564479833241281540e+03
1.651774458803832658e+03
2.359314784735588546e+03
3.426295112253942989e+03
3.460564579193724512e+03
2.721436806649106042e-05
3.024698350959756612e-05
3.343250074178039148e-05
3.442611597811182436e-05
3.973771294621004642e-05
5.592155239309657831e-05
6.764938931383338740e+02
1.282843117073424764e+03
1.516942613419723330e+03
1.518629412054022623e+03
3.411287838375141291e+03
3.450289409059197169e+03
1.693411371457274566e-05
1.961253611623900304e-05
3.099779170010626524e-05
3.527457934819902758e-05
4.124369786209723643e-05
5.459276111797044273e-05
7.337633331943793564e+02
1.141881176024923434e+03
1.320794810274111569e+03
1.473321838244931314e+03
3.403425260364464066e+03
3.446157145019355539e+03
4.303092034694953310e-06
1.069031138954828069e-05
1.806675770567714499e-05
1.995655314859415925e-05
4.077501584540113095e-05
9.534650148580029736e+02
1.044109738718894067e-05
1.394893564882198460e-05
1.835777838715236203e-05
2.101653928159632470e-05
2.425853296830741374e-05
6.393599515272002236e+02
5.864285384819213250e-06
7.138315448728978620e-06
9.129620261314434223e-06
9.638193931817861564e-06
1.830308197357830314e-05
7.053460198924734641e+02
8.234666435906569851e-07
4.473110943403377408e-06
4.485324113468174356e-06
4.924761948405153097e-06
1.195003693376395169e-05
5.071243012269640076e+02
6.000386769705157408e-06
1.665611566569529805e-05
2.858766721478660030e-05
2.915761355134654476e-05
1.142642085686755164e-04
4.512802221439023015e+03
9.582061405273068377e-07
1.597941139255322865e-06
1.746195067905610045e-06
1.277391848155083677e-05
3.613351541135428999e-05
1.680966599291772582e+03
2.007319077790888524e-06
2.235679869274615460e-06
6.509002167417631908e-06
1.658439811371616998e-05
2.764280304001477551e-05
1.210938890163135284e+03
5.516563681135674891e-07
6.882879060958642296e-07
2.824336065653000639e-06
1.166657784091792993e-05
1.355006823376186076e-05
4.166493061455557836e+02
2.733174949130550238e-06
3.069860221137413780e-06
4.705765465440156744e-06
7.239981791360613949e-06
7.972547745231325740e-06
5.573991343879559963e+02
1.981928419176035359e-06
4.337619655994565359e-06
5.030312344893702586e-06
5.240321024069407221e-06
6.202625667230025939e-06
5.344528760952166522e+02
2.285463201649795605e-06
2.994058040760784342e-06
3.542765491779243267e-06
4.443802169437976439e-06
1.037322536591348740e-05
5.060113555141183497e+02
4.376828091385746118e-06
1.157761075910323773e-05
1.304754306414998535e-05
1.765437615434756600e-05
5.110050755095447338e-05
1.961554170478872038e+03
1.127890227941998438e-05
1.167370193004858724e-05
1.309760268790159275e-05
1.785417696327041830e-05
4.039849836291223263e-05
1.387908924543795820e+03
3.373091933629462590e-06
4.563993496824241796e-06
6.583272262300987759e-06
9.005507744762825735e-06
2.212716884270255193e-05
9.926478869695761205e+02
6.266883360562779355e-07
4.268626938869633671e-06
4.924703565825560405e-06
6.011768825701449660e-06
1.428302607108443955e-05
5.104234756208439308e+02
1.483961425628975369e-06
2.187095274700189832e-06
2.781084664273068808e-06
2.822740263698346621e-06
5.531792192754676467e-06
2.993402369470875897e+02
9.511635699379156219e-06
9.993787550136091808e-06
1.159285590678755634e-05
1.498036724518086721e-05
1.724120915480141191e-05
6.473901337495656207e+02
1.631289949724994364e-06
9.184597352447948124e-06
1.247736761717915924e-05
1.434516473457905340e-05
1.976142095972986936e-05
6.853831281788154683e+02
1.649758874034840122e-06
3.075434747873086164e-06
7.292646004688721511e-06
7.675963639571399736e-06
8.120977048425679382e-06
6.674716684571604901e+02
3.006837150295734812e-06
6.145565310491888787e-06
7.189687794477625301e-06
7.588590525094300077e-06
1.573881744092443284e-05
6.459674260376185657e+02
1.556668223333757122e-06
3.820537625591022002e-06
4.822139979878600419e-06
7.806147943307164275e-06
1.066090732766132846e-05
5.901393984782725965e+02
5.343436000393836324e-07
1.660713862497045425e-06
6.503169964122319757e-06
9.398114334625453758e-06
1.009962458848706478e-05
5.606914545511612005e+02
6.432678324476983717e-06
7.332409206655746679e-06
9.789820909815941113e-06
1.316829938191679116e-05
2.306111326225459459e-05
9.758576063382265602e+02
5.577220259921366072e-07
9.539957326015804500e-06
9.554490287055512616e-06
2.622502449925924003e-05
2.878119116617234004e-05
1.019908736288231694e+03
2.094969114625327407e-06
8.449952163529950183e-06
1.031232521012295457e-05
1.125480159143297504e-05
2.206941066907575655e-05
1.004557749958727300e+03
9.812283237467899436e-07
3.199128141621993988e-06
3.487463393836060636e-06
4.355385631704295103e-06
9.019145666207472277e-06
9.274671928359671256e+02
1.260521543874639392e-06
6.387563434144275724e-06
6.521024355004086356e-06
9.234917277286994430e-06
1.547341423365634403e-05
7.702356088516652335e+02
3.096039028224186536e-06
2.009579874077398824e-05
2.043941177051839734e-05
2.535730859556393615e-05
3.194176884642155767e-05
3.556685065229643025e-05
4.352068203795197974e+02
1.402384574953362517e+03
3.617907835482465089e+03
1.316416143371318169e-05
1.394863294201050915e-05
1.506764366746412796e-05
1.919776070753808795e-05
2.624844479173125844e-05
4.552863563392525704e-05
6.479816377783151893e+02
1.305632539853414983e+03
3.617972805275847804e+03
1.320539408180138448e-05
2.011126437022508055e-05
2.136440610232753098e-05
3.075117270732384252e-05
3.859224684954062429e-05
6.086981604902599082e-05
9.055215872993471748e+02
1.212865582263352962e+03
3.617983627580982557e+03
2.371189189276020842e-05
2.783367977320866255e-05
3.854531640459998040e-05
4.610510983211374739e-05
5.508381124358464545e-05
9.419784030362235894e-05
1.096518853043673971e+03
1.344837338044553007e+03
1.624461145449174182e+03
3.475887123316087127e+03
3.508507910706345228e+03
7.078266043717754656e+03
7.753686233722560095e-06
8.156409652421100126e-06
1.988346682296877573e-05
2.267537135974790019e-05
3.246713000889801500e-05
7.738802976885979310e-05
9.802565122703452971e+02
1.033515382409734002e+03
1.129540460484299956e+03
1.444358733091534305e+03
3.399729713941745558e+03
3.445331499014680048e+03
2.251010756504805480e-05
2.425909959988645332e-05
3.118909646594036103e-05
3.372075619845887466e-05
4.096823057340020786e-05
9.180169467602365785e+02
1.021879280678361628e-05
2.943370182331704981e-05
6.019361568526253618e-05
1.018818428601385721e-04
1.021684749853250535e-04
3.472476461755445143e+03
1.099851867584038152e-06
1.898927621271148452e-06
2.943692583935904243e-06
3.207593528525604261e-05
5.756485547983072589e-05
2.421329668409468923e+03
1.928030880556547871e-06
7.694373545793827882e-06
1.579567857443540523e-05
2.294844240606874714e-05
4.039849836291223263e-05
1.614185917530503502e+03
1.044109738718894067e-05
1.394893564882198460e-05
1.835777838715236203e-05
2.101653928159632470e-05
2.425853296830741374e-05
6.393599515272002236e+02
5.864285384819213250e-06
7.138315448728978620e-06
9.129620261314434223e-06
9.638193931817861564e-06
1.830308197357830314e-05
7.053460198924734641e+02
1.594095049113934667e-06
3.797496857688592461e-06
4.295735647184422409e-06
6.274653271594729614e-06
6.387563455608924935e-06
6.259420829240459625e+02
4.705705460575302671e-06
5.726708202858190543e-06
6.401400271062214627e-06
6.798967227494169457e-06
1.236946341452230292e-05
5.803218846690276678e+02
8.234666435906569851e-07
4.473110943403377408e-06
4.485324113468174356e-06
4.924761948405153097e-06
1.195003693376395169e-05
5.071243012269640076e+02
9.582061405273068377e-07
1.597941139255322865e-06
1.746195067905610045e-06
1.277391848155083677e-05
3.613351541135428999e-05
1.680966599291772582e+03
5.176846122287706968e-06
7.542016344195844982e-06
7.670603747316485414e-06
8.081929903361865413e-06
1.236946339880194740e-05
5.135180892917517212e+02
2.314384566912779163e-06
3.516771148012750274e-06
5.531792208780335694e-06
1.036658108852177652e-05
1.351999307385677034e-05
5.582420544910177114e+02
4.112551837415777037e-06
4.749507210318861861e-06
7.015196353051416578e-06
1.277512688073720324e-05
1.363028847925813752e-05
5.718509314431021267e+02
4.376828091385746118e-06
1.157761075910323773e-05
1.304754306414998535e-05
1.765437615434756600e-05
5.110050755095447338e-05
1.961554170478872038e+03
1.127890227941998438e-05
1.167370193004858724e-05
1.309760268790159275e-05
1.785417696327041830e-05
4.039849836291223263e-05
1.387908924543795820e+03
3.373091933629462590e-06
4.563993496824241796e-06
6.583272262300987759e-06
9.005507744762825735e-06
2.212716884270255193e-05
9.926478869695761205e+02
1.974008922885030090e-07
2.850221072916134993e-07
1.005805640115984319e-06
6.387604846972844074e-06
1.564627113713466493e-05
7.107981593269545328e+02
6.266883360562779355e-07
4.268626938869633671e-06
4.924703565825560405e-06
6.011768825701449660e-06
1.428302607108443955e-05
5.104234756208439308e+02
2.229065548478029752e-06
2.611139973121805378e-06
4.047040070935792097e-06
6.387563443869309172e-06
1.234365416016199486e-05
2.744793761420719420e+02
3.006837150295734812e-06
6.145565310491888787e-06
7.189687794477625301e-06
7.588590525094300077e-06
1.573881744092443284e-05
6.459674260376185657e+02
2.670782339893833111e-06
3.142732011107797404e-06
3.386062761880628206e-05
4.425433768540510386e-05
7.923970468227308286e-05
1.463547118052789529e+03
4.288718285327469989e-06
8.763698855639843845e-06
1.355006825307200967e-05
2.129237621989635385e-05
2.219421162277026302e-05
6.691558918308738839e+02
6.432678324476983717e-06
7.332409206655746679e-06
9.789820909815941113e-06
1.316829938191679116e-05
2.306111326225459459e-05
9.758576063382265602e+02
5.577220259921366072e-07
9.539957326015804500e-06
9.554490287055512616e-06
2.622502449925924003e-05
2.878119116617234004e-05
1.019908736288231694e+03
7.841346200973059254e-07
2.847565890917988256e-06
5.024306841435037020e-06
1.291336873529324840e-05
1.838835664157041966e-05
8.767799308215013525e+02
2.615113220083644771e-06
3.911567769048508974e-06
6.001005734174859427e-06
1.175552225014958641e-05
1.391825971753233786e-05
7.238258005041457182e+02
7.452785608903468553e-06
1.565271940787562609e-05
1.579684163810351225e-05
1.735039355185690675e-05
2.116515143188670874e-05
7.645322274366977619e-05
1.466028028016082544e+03
1.739984636063904190e+03
3.620441387550695708e+03
1.316416143371318169e-05
1.394863294201050915e-05
1.506764366746412796e-05
1.919776070753808795e-05
2.624844479173125844e-05
4.552863563392525704e-05
6.479816377783151893e+02
1.305632539853414983e+03
3.617972805275847804e+03
2.371189189276020842e-05
2.783367977320866255e-05
3.854531640459998040e-05
4.610510983211374739e-05
5.508381124358464545e-05
9.419784030362235894e-05
1.096518853043673971e+03
1.344837338044553007e+03
1.624461145449174182e+03
3.475887123316087127e+03
3.508507910706345228e+03
7.078266043717754656e+03
3.006341769146198440e-06
6.573744484825510112e-06
1.893158320681504093e-05
3.279270621803416654e-05
3.703011716843394787e-05
4.725562653335817459e-05
2.491230857622064718e+02
1.205730328029376096e+03
1.419852722695340390e+03
1.493422733562506664e+03
3.406813684387633202e+03
3.447731422321089667e+03
1.730185339901216883e-05
1.902564304501298139e-05
3.127894560757754562e-05
4.213017304385217442e-05
4.359214471088305933e-05
4.531743089506496991e-05
9.363864607956068085e+02
9.562001507786186494e+02
1.019552553116734430e+03
1.428347995349452503e+03
3.398542013855012101e+03
3.446063669466124793e+03
1.637391711698946904e-05
2.300577704757374061e-05
2.424228091577700818e-05
3.610868190689670612e-05
3.985843598806959132e-05
4.585672309540935121e-05
8.767932712112573199e+02
8.892758226045102674e+02
1.009113122075793854e+03
1.424382655384252530e+03
3.398578137322838302e+03
3.446816944336667802e+03
7.723438588082937820e-05
1.004753207294476283e-04
1.015938182312599156e-04
1.546187666412634685e-04
2.890681232908343199e-04
1.008203016998897874e+04
3.005377827951498991e-06
2.045112348689140860e-05
2.961226731210225659e-05
5.166205217663217007e-05
1.445340616454171600e-04
4.915677241059798689e+03
2.404097706167105126e-06
2.204245219391033763e-05
2.378543983354964743e-05
6.265972504290296503e-05
1.351992348490038145e-04
4.255912560010627203e+03
5.553611287652292913e-06
2.323416271130285428e-05
3.390745341517417314e-05
5.816587597867391190e-05
6.846629732930243262e-05
2.693297502346874353e+03
1.063209333199198556e-05
1.683460571476094974e-05
1.758694083040534360e-05
2.983549122726318297e-05
8.806575021241376197e-05
1.055763146866217312e+03
5.634234054863355546e-06
1.193302562728659427e-05
2.091306677518255932e-05
2.350648899033916156e-05
6.347496400827454233e-05
1.136536875013677843e+02
8.706447709096122502e-06
9.064629230132833341e-06
1.348110820948231581e-05
1.489884719297168873e-05
1.932764119800992975e-05
7.827076367237884824e+02
2.805328540035043697e-06
8.297828246667036500e-06
1.049950371851237717e-05
1.595547490559901649e-05
2.069807116503385124e-05
8.186520086318095082e+02
4.017506441353087418e-06
5.705987493974036572e-06
7.106218648009981993e-06
1.662739598111578852e-05
6.258508454853865973e-05
2.314670073507141296e+03
2.007319077790888524e-06
2.235679869274615460e-06
6.509002167417631908e-06
1.658439811371616998e-05
2.764280304001477551e-05
1.210938890163135284e+03
2.314384566912779163e-06
3.516771148012750274e-06
5.531792208780335694e-06
1.036658108852177652e-05
1.351999307385677034e-05
5.582420544910177114e+02
3.193781736347470332e-06
3.198541917090686172e-06
7.013683728568025931e-06
8.172845562621688109e-06
1.019346427372895084e-05
5.740978325005789884e+02
2.733174949130550238e-06
3.069860221137413780e-06
4.705765465440156744e-06
7.239981791360613949e-06
7.972547745231325740e-06
5.573991343879559963e+02
1.974008922885030090e-07
2.850221072916134993e-07
1.005805640115984319e-06
6.387604846972844074e-06
1.564627113713466493e-05
7.107981593269545328e+02
1.233350785153811024e-06
1.576068880218549129e-06
3.191818356487211838e-06
3.629049840431248465e-06
1.238317774919677501e-05
1.526569885248194964e+02
2.028735148122499356e-06
2.359391367959095765e-06
3.772885878119283554e-06
5.049812279117612736e-06
5.935953584029618813e-06
3.003283164667284382e+02
1.483961425628975369e-06
2.187095274700189832e-06
2.781084664273068808e-06
2.822740263698346621e-06
5.531792192754676467e-06
2.993402369470875897e+02
3.657578151466191293e-08
2.843688276685238446e-05
3.902389065965320992e-05
4.481835066078678810e-05
8.850867537081020771e-05
3.441710856562002846e+03
4.818545130321275919e-06
6.421368015660300047e-06
8.773423156671392482e-06
1.672830244675133196e-05
4.779262342534735570e-05
2.447978387919404668e+03
9.511635699379156219e-06
9.993787550136091808e-06
1.159285590678755634e-05
1.498036724518086721e-05
1.724120915480141191e-05
6.473901337495656207e+02
4.288718285327469989e-06
8.763698855639843845e-06
1.355006825307200967e-05
2.129237621989635385e-05
2.219421162277026302e-05
6.691558918308738839e+02
2.062681169969297439e-06
4.803687914967667644e-06
1.257393117925714706e-05
3.137684237554576121e-05
4.347839898987819100e-05
8.688034146172120700e+02
1.809894917848193711e-06
5.484964176624979517e-06
1.277512685088449772e-05
1.768280886753458155e-05
2.625663675832135078e-05
1.024218899481973949e+03
2.615113220083644771e-06
3.911567769048508974e-06
6.001005734174859427e-06
1.175552225014958641e-05
1.391825971753233786e-05
7.238258005041457182e+02
3.237760725260163593e-05
3.528300045352389733e-05
4.097491363159828443e-05
4.564082602185977528e-05
7.226703082270857998e-05
1.009751419463382569e-04
3.234960010746189710e+03
3.696275846909242318e+03
1.097406570337556695e+04
3.096039028224186536e-06
2.009579874077398824e-05
2.043941177051839734e-05
2.535730859556393615e-05
3.194176884642155767e-05
3.556685065229643025e-05
4.352068203795197974e+02
1.402384574953362517e+03
3.617907835482465089e+03
1.320539408180138448e-05
2.011126437022508055e-05
2.136440610232753098e-05
3.075117270732384252e-05
3.859224684954062429e-05
6.086981604902599082e-05
9.055215872993471748e+02
1.212865582263352962e+03
3.617983627580982557e+03
8.736468687025046486e-06
9.082207668011105787e-06
9.347186482626504466e-06
3.170010661940983893e-05
4.423131099835390457e-05
5.134740687861444748e-05
8.869666961027936622e+02
1.096152233109847884e+03
3.619521898952077663e+03
2.255971183535536507e-05
1.165745444283461813e-04
1.883409763825731023e-04
2.304580259531498481e-04
2.516026778196926478e-04
3.549678305951565961e-04
1.580516883835309955e+03
3.607095710007590696e+03
3.621285607717902622e+03
7.919937520826785658e+03
9.667655472254009510e+03
2.025388986696801658e+04
1.992874484852349975e-05
6.428044128911160392e-05
7.307388580355997473e-05
8.620012769350712996e-05
9.169636407548151149e-05
1.128941463932203477e-04
1.619677247104540356e+03
2.573692101695471138e+03
3.264936226148342939e+03
3.509310774934681376e+03
3.540564868585128352e+03
1.005381068217263237e+04
1.747679581910505949e-05
1.865381379385512421e-05
3.057525851935998320e-05
3.159502208868521532e-05
3.714885693651299179e-05
6.594782995660016065e-05
8.630519225517208497e+02
1.218259622060532820e+03
1.617493205891645403e+03
3.452766958141319719e+03
3.485058901535595851e+03
4.962694990162850445e+03
1.758022694211817841e-05
1.955604295977441016e-05
2.513038047186348569e-05
3.119504466352064599e-05
3.406805468537203447e-05
5.114617413299950456e-05
9.840752082202977817e+02
1.013688730456491726e+03
1.040393133822282607e+03
1.434908933921640710e+03
3.398879271977487861e+03
3.445542976582575193e+03
3.005377827951498991e-06
2.045112348689140860e-05
2.961226731210225659e-05
5.166205217663217007e-05
1.445340616454171600e-04
4.915677241059798689e+03
1.022989053518421120e-05
1.760647898298948875e-05
2.060573979639602164e-05
4.051522153721503301e-05
7.988585367716465545e-05
1.823185360720840436e+03
1.063209333199198556e-05
1.683460571476094974e-05
1.758694083040534360e-05
2.983549122726318297e-05
8.806575021241376197e-05
1.055763146866217312e+03
5.634234054863355546e-06
1.193302562728659427e-05
2.091306677518255932e-05
2.350648899033916156e-05
6.347496400827454233e-05
1.136536875013677843e+02
1.928030880556547871e-06
7.694373545793827882e-06
1.579567857443540523e-05
2.294844240606874714e-05
4.039849836291223263e-05
1.614185917530503502e+03
4.465180113114728288e-06
5.862229505167184136e-06
1.291100443588225154e-05
1.326952078068495675e-05
2.491095067115977870e-05
1.839768855820222484e+02
1.044109738718894067e-05
1.394893564882198460e-05
1.835777838715236203e-05
2.101653928159632470e-05
2.425853296830741374e-05
6.393599515272002236e+02
2.362013356178088423e-06
2.953687409059738850e-06
1.382627258129080043e-05
1.413202465944979668e-05
1.968779272204552067e-05
7.993134623526462974e+02
5.864285384819213250e-06
7.138315448728978620e-06
9.129620261314434223e-06
9.638193931817861564e-06
1.830308197357830314e-05
7.053460198924734641e+02
1.594095049113934667e-06
3.797496857688592461e-06
4.295735647184422409e-06
6.274653271594729614e-06
6.387563455608924935e-06
6.259420829240459625e+02
1.328860674242454882e-06
1.709863996000154136e-06
6.387563446039210225e-06
6.506422000061494857e-06
8.538753792823448562e-06
5.412537927178965447e+02
5.516563681135674891e-07
6.882879060958642296e-07
2.824336065653000639e-06
1.166657784091792993e-05
1.355006823376186076e-05
4.166493061455557836e+02
2.314384566912779163e-06
3.516771148012750274e-06
5.531792208780335694e-06
1.036658108852177652e-05
1.351999307385677034e-05
5.582420544910177114e+02
1.138023940632293757e-06
2.313426221599081297e-06
3.388770359209157219e-06
4.544444151881083484e-06
6.387563436630851902e-06
4.754915795865522909e+02
1.503480139044253807e-06
2.618542304285794568e-06
3.089502931259704075e-06
7.785433333159678132e-06
1.215914285698440878e-05
3.758688596883669675e+02
1.013651103784140227e-06
2.193504666187079965e-06
2.447406141022306825e-06
3.639373506639595501e-06
7.984454300959534367e-06
2.853490715393437540e+02
5.364701217552957861e-07
1.631124490559970350e-06
2.033410230774409966e-06
2.345818388900511061e-06
5.112106411816528120e-06
2.712702253821587419e+02
4.818545130321275919e-06
6.421368015660300047e-06
8.773423156671392482e-06
1.672830244675133196e-05
4.779262342534735570e-05
2.447978387919404668e+03
0.000000000000000000e+00
7.086856459528484600e-06
1.326053951205565991e-05
1.505228974881823165e-05
2.199403104251891058e-05
6.082438878875643695e+02
2.294444208206293460e-06
5.590576364676766318e-06
9.847774531338561625e-06
1.332436794879090352e-05
2.557025906293866724e-05
2.847279763774288881e+02
1.631289949724994364e-06
9.184597352447948124e-06
1.247736761717915924e-05
1.434516473457905340e-05
1.976142095972986936e-05
6.853831281788154683e+02
3.006837150295734812e-06
6.145565310491888787e-06
7.189687794477625301e-06
7.588590525094300077e-06
1.573881744092443284e-05
6.459674260376185657e+02
9.518463843653781989e-07
5.144853425742215583e-06
3.075468184704494142e-05
3.209843671442303028e-05
8.079699672582446525e-05
2.690813452874175255e+03
5.287231570587415789e-07
5.729112414829327685e-06
1.806675770567714499e-05
3.329169348525471220e-05
5.190163365851588659e-05
6.033926936008897428e+02
2.094969114625327407e-06
8.449952163529950183e-06
1.031232521012295457e-05
1.125480159143297504e-05
2.206941066907575655e-05
1.004557749958727300e+03
2.277969188449364189e-06
7.124745206239107690e-06
7.835535957906997456e-06
8.746531430149381787e-06
2.079194129384961270e-05
8.221162430107916634e+02
0.000000000000000000e+00
2.256130454786014922e-05
1.393241088081737574e-04
1.638736747502191396e-04
3.113705914722990310e-04
4.391769589233225266e-04
3.809188479270593689e+03
1.008752667937766819e+04
2.267457282060677971e+04
7.452785608903468553e-06
1.565271940787562609e-05
1.579684163810351225e-05
1.735039355185690675e-05
2.116515143188670874e-05
7.645322274366977619e-05
1.466028028016082544e+03
1.739984636063904190e+03
3.620441387550695708e+03
6.005541058354179205e-06
7.303093658312288427e-06
9.267082328971669634e-06
1.059417787649430973e-05
3.696556601552998073e-05
6.130685812488957274e-05
1.025957462880638786e+03
1.508895236387267914e+03
3.618625660269658965e+03
2.510222697247911910e-05
2.856605214216887911e-05
3.373732996644611973e-05
3.525341441785698090e-05
5.120697585333936955e-05
6.643757389948144602e-05
1.028948146897875404e+03
1.124249974188444185e+03
3.618420300109596155e+03
1.182137718500112713e-05
1.899795556135733027e-05
2.502831586014360097e-05
2.682785110297066514e-05
4.107370966748970183e-05
5.500302894126266398e-05
1.155262380151501475e+03
1.502042251670377482e+03
1.603200003926526733e+03
1.613955792283898973e+03
3.417597948474623990e+03
3.454399475825816353e+03
1.730185339901216883e-05
1.902564304501298139e-05
3.127894560757754562e-05
4.213017304385217442e-05
4.359214471088305933e-05
4.531743089506496991e-05
9.363864607956068085e+02
9.562001507786186494e+02
1.019552553116734430e+03
1.428347995349452503e+03
3.398542013855012101e+03
3.446063669466124793e+03
