9.784143156584614335e-05
1.202031914593890746e-04
1.725488400254075662e-04
3.089545571544485099e-04
4.050825609304043069e-04
1.268591386487649106e+04
2.980189459362963203e-06
9.736288374562262831e-06
1.692779081890045224e-05
3.466529684164567271e-05
6.364754653314965143e-05
5.225645768910827655e+02
1.281802604035040434e-05
3.231273471608120585e-05
3.532665442706698088e-05
7.427030324610072105e-05
1.022010151019089468e-04
4.447094968594154125e+03
5.433772747280353397e-06
7.822432377656236957e-06
1.051154777738896267e-05
1.257367929744419188e-05
1.428302606740127602e-05
6.964465079464082464e+02
5.541062320904753041e-06
5.744471629241440085e-06
1.602094578464392997e-05
2.131771249306839235e-05
8.079699672582446525e-05
2.818026790887589868e+03
5.593676174725568088e-06
9.843180076338552489e-06
1.104704955513949843e-05
1.277279254117924050e-05
4.425433768540510386e-05
1.424881532084576975e+03
5.177303893671794541e-06
6.786220106649023977e-06
7.120700722089456991e-06
7.765228640388148105e-06
1.236942237765080746e-05
5.618540475806720451e+02
6.462085022726057285e-08
1.677244004914129572e-06
5.347407609587155410e-06
1.063653382482376963e-05
1.070689281654096619e-05
5.272378847728206210e+02
1.369386677333921546e-05
4.419740078915839593e-05
4.595106262187449736e-05
5.904988723592078303e-05
9.762083521473580963e-05
3.282825444418797815e+03
1.684032890756023466e-06
3.617557834826923148e-06
1.018601386850361899e-05
1.580797649320038286e-05
1.724199607661320950e-05
5.725574542826941524e+02
3.109773501487784861e-06
3.459811210445126936e-06
4.632923289557860375e-06
6.983112944486521800e-06
9.866756781837434317e-06
1.780820351452346983e+02
1.481441517839451427e-06
2.031656831219556619e-06
2.183272185560303956e-06
2.431339834687561835e-06
8.995417506210243812e-06
2.937840478666590798e+02
1.546210139141834472e-05
1.607447759264505374e-05
3.067789442946279745e-05
3.599753474827026951e-05
4.780014788648159437e-05
1.642393749195210148e+03
3.376521467802301386e-06
7.387667635751762944e-06
1.368591974171885150e-05
2.122038423367159974e-05
2.371569425479121127e-05
6.009969602156711517e+02
7.068073798776517627e-06
7.179329559889262828e-06
8.580637998365961050e-06
1.501772708565926026e-05
1.806675769238201421e-05
6.728584904038709738e+02
3.479077171868601110e-06
3.764839391261082867e-06
7.979980645687284892e-06
1.106358438710092954e-05
1.138174397997556023e-05
5.942081712244171285e+02
2.395468098043163824e-06
1.017916716570301119e-05
1.248828942314776045e-05
1.478826612531968398e-05
4.076884375076912935e-05
1.018269804440951134e+03
2.136951501535892096e-06
5.527929981676768590e-06
7.105861142384212329e-06
2.762499550535122718e-05
2.882003313795694947e-05
9.951876413458786601e+02
6.059860410904657664e-08
4.539552928940295558e-06
8.449952140697343609e-06
1.619671654711165616e-05
3.091565735579386034e-05
9.201866417537022471e+02
4.967613979957601749e-06
5.955320115625509889e-06
1.149349254291453850e-05
1.976543346086775935e-05
2.908598790781705490e-05
8.785362031011255795e+02
1.262472671230356383e-06
3.064803895300029779e-06
7.490082021864747349e-06
1.287776839307233893e-05
2.092459024439813865e-05
8.305105105328719901e+02
1.071936867431937264e-04
1.794719329304281447e-04
1.842375557071988085e-04
2.802469778190595545e-04
3.153084018811128987e-04
4.199522925857005341e-04
4.774917300055370106e+03
5.639093911165457939e+03
1.562919061008817152e+04
6.289823266199834361e-05
8.043979837804749063e-05
9.366549923333493432e-05
1.932331630577875799e-04
6.494673091969690613e-04
7.723542471263249902e-04
1.977906150162656786e+03
6.717575048087695905e+03
1.063280201603641035e+04
4.179410158691829365e-05
5.490569037738911708e-05
6.211009797308118590e-05
6.371742698140913253e-05
8.796979073631305444e-05
1.969674131264688118e-04
7.040298115604788336e+02
1.762565301540093742e+03
3.691412455559166574e+03
1.309316525229928470e-05
1.625618430629852313e-05
2.234892072273357628e-05
2.287555424767573635e-05
2.886951053262309521e-05
4.579040399482545420e-05
1.265145492015967648e+03
1.518552335998677336e+03
3.602896848894182313e+03
1.083894031914498571e-05
1.863268872040332668e-05
2.944957458473762359e-05
4.814437358732348294e-05
4.868724629149651865e-05
6.103730801397132168e-05
1.032860240765744720e+03
1.066984791463351485e+03
3.622510929464867331e+03
1.202269430044426303e-05
3.087527064093538106e-05
3.090680108948437864e-05
3.258156147084992821e-05
4.700961747214701139e-05
4.738155443507441572e-05
9.564380058902792143e+02
1.075202705861185450e+03
3.619856284784907075e+03
4.323907873489989042e-05
9.025289030489040091e-05
9.036078448767564844e-05
1.050201041380086894e-04
1.583605555049005646e-04
1.746211822687812251e-04
1.343440069811187186e+03
2.125683226900904174e+03
3.265664783827977317e+03
3.458496658871093132e+03
3.513049903935002476e+03
1.038965132374429959e+04
2.251342723455065421e-05
2.593240379625012787e-05
2.960421457226443962e-05
3.724071121526104414e-05
3.769165095690373235e-05
3.894162439871532756e-05
4.940502445092271273e+02
8.714038481357376895e+02
1.289736810048407506e+03
3.380126332974052730e+03
3.502981585536020248e+03
4.603258158338228895e+03
1.891396184762536429e-05
2.051410058350764879e-05
3.052949164821436697e-05
3.423298897789347578e-05
3.916561010749957094e-05
5.520449689268710033e-05
1.177518565348896800e+03
1.558122057024678270e+03
1.609670730093237353e+03
2.687946071394457704e+03
3.432834668110469011e+03
3.462509286815417909e+03
1.879536365353326298e-05
1.927992947690412766e-05
2.248027891152373062e-05
2.628019663741815640e-05
2.689284749204445753e-05
3.467000589699952121e-05
1.090621816645569652e+03
1.344581681043920980e+03
1.540654776384360503e+03
1.656372899978600572e+03
3.402703382780240190e+03
3.451940701269194051e+03
2.017118175931277422e-05
2.054916671950595035e-05
2.436563146541379361e-05
2.501645391215227937e-05
3.993281460335615412e-05
4.169276088532406665e-05
6.723584996681083794e+02
1.147334155648148453e+03
1.309282877726172501e+03
1.471887937503366857e+03
3.398725807896179049e+03
3.445897804049863225e+03
7.560560722197355829e-06
1.253517731312676106e-05
1.261415746551772310e-05
2.256926619160320427e-05
2.555025377547723669e-05
1.027308380368464896e+03
8.706171992994723953e-06
1.813592704874158681e-05
2.390007381608562738e-05
2.512326699976777090e-05
3.205374809719614882e-05
5.212832808690227466e+02
4.138098960354670340e-06
4.217757091453694536e-06
1.717515605437624986e-05
1.862279081735226900e-05
2.315790059845054325e-05
7.073612017390703386e+02
2.135158349649484438e-06
4.280860804898185767e-06
9.289936768702222665e-06
1.070380594043028582e-05
1.253815492110669728e-05
5.411695155054087536e+02
9.284245502067457783e-06
1.070982004029644226e-05
2.135153671943576409e-05
3.542650604412037426e-05
1.022010151019089468e-04
3.536205353069174635e+03
2.906367335488248444e-06
7.905794641063272634e-06
8.536504460264242100e-06
1.157590605767714847e-05
3.129254227426932986e-05
1.228332404022833089e+03
4.648108734931627970e-06
4.676284772713079605e-06
1.165045374092013019e-05
1.392273700987083670e-05
1.751033972981308842e-05
9.217749871166478215e+02
9.367808113431130886e-06
1.059151666108100465e-05
1.298561227693354368e-05
1.532741076313506805e-05
1.792901017474762479e-05
3.286476929337246702e+02
3.981226895241456842e-06
4.665416242500798585e-06
6.896174542076946500e-06
6.932095585857581532e-06
1.106387056687405269e-05
5.392685079133200361e+02
2.906373516450488432e-06
5.219242577076718857e-06
5.371157713955779005e-06
5.432079303250610831e-06
5.531172478454445020e-06
5.187007992176137350e+02
1.001704545859554582e-06
4.157866991162127868e-06
4.357857719167671725e-06
4.615154622559836488e-06
1.254857718810063118e-05
5.047492240685695606e+02
1.019203799034584266e-05
2.026249506765149240e-05
3.718571175098601332e-05
3.874774438503328204e-05
6.759961742450190723e-05
2.380705958239323536e+03
9.493475200763433830e-06
2.882449931437372593e-05
4.273895876244704828e-05
8.084127307526481419e-05
8.103772652960594366e-05
2.059751379460166845e+03
7.504570094947068646e-06
1.442500086665113490e-05
2.347292259891629588e-05
2.347614884957917748e-05
3.149894845165899647e-05
1.410223390368880018e+03
1.340209309245968087e-06
1.838411742951363559e-06
3.013295730247841826e-06
3.838314365233676560e-06
9.309566118700041286e-06
5.374134204283925556e+02
1.011074200290437806e-06
2.406425413474658331e-06
2.573645581594128263e-06
2.658024416443598201e-06
3.759277259247150172e-06
2.926002348812079390e+02
8.737383536271692568e-06
1.673789233553345300e-05
2.046007862831622363e-05
2.125946553786467425e-05
2.220953556860426990e-05
6.090642330671195168e+02
6.586359651488875669e-06
7.319424021729249164e-06
1.440228772405089915e-05
1.498016406575138063e-05
2.099372401846206996e-05
6.875606226778932069e+02
4.005454243610684658e-06
4.230313237233239439e-06
8.042887869580989682e-06
1.243253614099018087e-05
1.568106220946894805e-05
6.555831176158785638e+02
5.757343140212587612e-06
6.622209666828180545e-06
1.400023765971413320e-05
1.566985119661194921e-05
1.874758302399965538e-05
6.292471142810036326e+02
2.533844684899431763e-06
6.236471752993475992e-06
7.710534214232833195e-06
1.009962455371566942e-05
1.414930012694435198e-05
6.106235467459449637e+02
2.432911525775856999e-06
4.158580045525560879e-06
4.516689418046557841e-06
4.946731674587931415e-06
8.355282409285519032e-06
6.020271009608675286e+02
1.614204313006395963e-06
9.553152132693613967e-06
1.542013122727059468e-05
3.335436808185695179e-05
3.684967987067070587e-05
9.388626258237916318e+02
2.271626899553352060e-06
7.595271067925060897e-06
1.009962457285683018e-05
3.926713289411977616e-05
4.209575805493816680e-05
9.927834153916650166e+02
3.530491101172110029e-06
4.643422492551516855e-06
6.951291155767714285e-06
8.420102926922560220e-06
1.497857948663642875e-05
9.941051026357615683e+02
4.919490463435074132e-06
5.320984988432790353e-06
8.718790552123994498e-06
1.064391858450581116e-05
1.106358441123298460e-05
9.220341860147874513e+02
6.274636496411287506e-07
3.038887243785301001e-06
6.258829727911814084e-06
6.387563422244409798e-06
9.012511088639055961e-06
7.769605612138647075e+02
3.467903409369878887e-05
3.477969896351269276e-05
5.178120133436616199e-05
5.216382451446800771e-05
9.665480257087064205e-05
1.024635001410240120e-04
1.025873994327870378e+03
1.279846404417779468e+03
4.130365989131572860e+03
5.551125305603640452e-06
1.851297478627329798e-05
2.543485776655782593e-05
2.778330178354176125e-05
3.258943066181115369e-05
5.206588439862755083e-05
2.335219447675737285e+02
1.241573720054240994e+03
3.631074412164899513e+03
1.073974393601729132e-05
1.498650554829643761e-05
2.040097657818129592e-05
2.995467912637308624e-05
3.066126562153520746e-05
3.909356011145461975e-05
5.527904662455028983e+02
1.092996560215177624e+03
3.603903679415346687e+03
2.050561486425837252e-05
2.794181844273955427e-05
3.613351541135428999e-05
8.369885932851471556e-05
8.426787581980732793e-05
8.794627089780301097e-05
4.683680344878846995e+02
1.087003303347023120e+03
1.247384375915783039e+03
3.413013649111328959e+03
3.475248513395344617e+03
6.454748488720280875e+03
4.325186130774433737e-06
2.320132531716241977e-05
2.752574206984285176e-05
3.414109131498580955e-05
3.650295443983837856e-05
5.241011930395557102e-05
9.670627736051917509e+02
1.028859748268970861e+03
1.135124301131750371e+03
1.447381632143753905e+03
3.398961582975201509e+03
3.445791301205287255e+03
5.449379653794183665e-06
2.124565160107210095e-05
2.558587934368468662e-05
4.593698160692577688e-05
7.241864446204240369e-05
2.516278361675740882e+02
5.647345896588944295e-06
1.476403849123137593e-05
1.572324353363464274e-05
2.003886699877746236e-05
8.850867537081020771e-05
3.274785177202541036e+03
2.435280825277470214e-06
4.426295073859991384e-06
7.887952938358682743e-06
1.814239383689272129e-05
5.713210428433775821e-05
2.078240317800863068e+03
3.619195470739772200e-06
1.058841792939174792e-05
1.070869189456314063e-05
1.231259829264960801e-05
2.555025377547723669e-05
1.382093943884902956e+03
1.296852161743138580e-05
1.992137125265867895e-05
2.120584000397662545e-05
2.767710259495337241e-05
3.428394243767530738e-05
4.544247942774122180e+02
6.411188617525296188e-06
7.960502157029637201e-06
9.890133751476913121e-06
1.749330322308030150e-05
2.305644401100590435e-05
7.070376847885157758e+02
1.554028212655375992e-06
3.982223308086240682e-06
6.330364091082040923e-06
9.031163913922926986e-06
1.277499883777972050e-05
6.202359541388887010e+02
1.647548859212190855e-06
3.954299270236741987e-06
6.483788228881529784e-06
1.195003694897736138e-05
1.443615227941899772e-05
5.825098840526958384e+02
3.293640153650328997e-06
4.127769652344524005e-06
6.629136394966336131e-06
1.398771761670800211e-05
1.426884812268760731e-05
5.374460287059921484e+02
1.198945964604796714e-05
1.239927510452246975e-05
1.801526992430497323e-05
2.258449132097623617e-05
2.555025377547723669e-05
1.426870609134680535e+03
6.470987812404424147e-06
9.277019225749328583e-06
1.102158113558284033e-05
1.206595696774175145e-05
1.405344670996699306e-05
4.790304203461257089e+02
3.190091899057638587e-06
6.553913489352678432e-06
9.904174215755076651e-06
1.102859762555993020e-05
1.588504150446273341e-05
5.239687554530660236e+02
4.502717370882502674e-06
5.324014819785738941e-06
6.026046738693032528e-06
8.367050154538369197e-06
1.384984945171418670e-05
5.614933840180304969e+02
9.622047596159493570e-06
1.576926689397152733e-05
1.579388798878522806e-05
4.576419813129622500e-05
7.226703082270857998e-05
2.524001254996241187e+03
1.031269421784864490e-05
1.221319252355093426e-05
2.382724339813765090e-05
2.972382331439052326e-05
4.541569416724144768e-05
2.277258141960350258e+03
1.066311375359116615e-05
1.341731257083413509e-05
2.154062938392016115e-05
2.294887085684238945e-05
4.425433768540510386e-05
1.643417417879970571e+03
4.106784005286008835e-06
6.750836028125112328e-06
7.782786650628015541e-06
9.171266165946996969e-06
2.555025377547723669e-05
1.163224494489032850e+03
8.732357934665831113e-06
1.062397555100835618e-05
1.388658528137530974e-05
1.806675770567714499e-05
1.985317317695636460e-05
7.287033129379295815e+02
4.275918082712260112e-07
1.562880433390641178e-06
4.585891251725514348e-06
5.049812295364029078e-06
7.439126231050313363e-06
2.007011275313724070e+02
4.030120371424756591e-06
5.686732754520148671e-06
1.081891667651346609e-05
1.120439897977429107e-05
1.574730710641727229e-05
6.416856763066741678e+02
9.305369252275731820e-06
1.569662927609504863e-05
2.240868137671676399e-05
3.086784679052251599e-05
5.713210428433775821e-05
2.026359132537386813e+03
6.926366537520790089e-06
9.161945617400772888e-06
1.296711262614479241e-05
3.660313584643613225e-05
3.962821591723485041e-05
5.037939893492786041e+02
1.252221666459793499e-06
3.437198692788989817e-06
1.480895658169835659e-05
3.769965572483968067e-05
3.874486085871768501e-05
9.356983713988756790e+02
5.489074778636919097e-06
6.208185041804763850e-06
1.392137175855431579e-05
2.783302226188062492e-05
4.174519024723540614e-05
8.385154307229619235e+02
1.089074658332956217e-06
1.189297086102637953e-06
4.382477937890358556e-06
8.449952163483404028e-06
1.281184065182853381e-05
8.784969893339967939e+02
1.767954280520116571e-06
2.777246196432635348e-06
8.732395997444405378e-06
9.660819690977895264e-06
1.411105838899755972e-05
7.878230539322572668e+02
9.502069375951550481e-06
1.656636646013768711e-05
2.148036998829819897e-05
2.321971872804189422e-05
2.609248226743297592e-05
3.724239303876070395e-05
1.487354532294170667e+03
2.066427555043180746e+03
3.604592598700312010e+03
6.387563443869309172e-06
1.352141220469530357e-05
2.302607587462127920e-05
2.428040645873471299e-05
2.896516019757706113e-05
4.253815614082497888e-05
3.931196278815488654e+02
1.295270184731126164e+03
3.634937495878992650e+03
3.888768703862187651e-06
9.599129882592346132e-06
2.790913539740610627e-05
2.944884321927959391e-05
6.861697193332033369e-05
1.056248223710735864e-04
3.617796765833312520e+02
1.205470832168861534e+03
1.494963564976444559e+03
3.447077024633867040e+03
3.485938474986059646e+03
6.530266311447051521e+03
1.932609416762583288e-05
2.929573655530531671e-05
2.968653110119893196e-05
3.255761812050627019e-05
3.861740135057110414e-05
5.772532632338264302e-05
4.472466133409295708e+02
1.195493834879778888e+03
1.419142815957890662e+03
1.512793795393138225e+03
3.394212248289544732e+03
3.446060677014318117e+03
1.268365145647221948e-05
2.638748686396104239e-05
2.666466123723632616e-05
3.476213217173085935e-05
3.823373519853114847e-05
5.678102725156307075e-05
9.131216842253232926e+02
1.023191322647058200e+03
1.061362602808439760e+03
1.552022275129066884e+03
3.357169717121214035e+03
3.440448112188241794e+03
7.098370537851451749e-06
2.161077442905861228e-05
2.343404431767033864e-05
2.490029550515189541e-05
3.844582492261257507e-05
3.908166879435468892e-05
9.719853863629457464e+02
1.022443207493209002e+03
1.181264849917194169e+03
1.627138452763035502e+03
3.359914692521777397e+03
3.499440383740855395e+03
4.119788605470866113e-05
4.948980680185256033e-05
1.083287672923650041e-04
2.161556918889885593e-04
2.302224424660042170e-04
1.231429677935221116e+04
2.344950555079222370e-05
2.709317791889407780e-05
4.769286079039706090e-05
7.662557119453656726e-05
1.445340616454171600e-04
5.746253604018192163e+03
2.202271403034690016e-05
5.275464869802208042e-05
7.692364265672481502e-05
8.309792219703787100e-05
1.351992348490038145e-04
4.569527174294232282e+03
1.227734197554664677e-05
1.450296572267950577e-05
3.669944668146441538e-05
4.690803856828904385e-05
7.226703082270857998e-05
2.649154071472834858e+03
6.180608473339231071e-06
2.006796158691379287e-05
2.276742277488367531e-05
7.510614922396878913e-05
1.045374060355691999e-04
1.758987953008688919e+03
1.884855294357876186e-05
3.613351541135428999e-05
4.180869811639051901e-05
9.675024100787833433e-05
1.008750171855595201e-04
1.551753831534312667e+03
1.358771012752138048e-05
1.626643046282676724e-05
1.887566278024197238e-05
2.167207288495659993e-05
2.961497227131818210e-05
6.198165232355706848e+02
9.308768358619140765e-06
1.027479387359834109e-05
1.916269027140551904e-05
1.936395714503613897e-05
2.737624686453538867e-05
6.769186910426282111e+02
1.161800177962685539e-05
2.054946804153763801e-05
2.176817793381834702e-05
2.622064636618829457e-05
4.425433768540510386e-05
1.919916948188136530e+03
1.354469921267144195e-06
1.273286172361467471e-05
1.785355220738892238e-05
1.806675770567714499e-05
2.567856819837361959e-05
1.033782988636405889e+03
1.060627059866260578e-05
1.275466569353002240e-05
1.507307930223358906e-05
1.636378389335986009e-05
1.663626572003183533e-05
5.138368180179099909e+02
3.682184585365909727e-06
4.096822148923941610e-06
4.357847520799033734e-06
5.171930672915360415e-06
1.009964546746881719e-05
5.309078848789337144e+02
3.316639458261514141e-06
6.887563045072918117e-06
9.200695186617946072e-06
1.078877721556024028e-05
1.374951016288777316e-05
5.497604549770160247e+02
1.757754911304258206e-07
1.976637377099090796e-06
3.360112249018755522e-06
3.980960117847254593e-06
1.806675770567714499e-05
7.769561099405875666e+02
7.827608448478535042e-07
5.975589743813232702e-06
6.647971722928278062e-06
7.788689225087747371e-06
9.753897190456823591e-06
1.214584894809059961e+02
1.622752216753620288e-06
2.414622006930873250e-06
4.029894886589814907e-06
5.296287800493214805e-06
6.758155905780653062e-06
2.889220761240214870e+02
1.490646982686076922e-06
2.341174057661910871e-06
2.771715754710660057e-06
3.110260775255151111e-06
3.911567778280930083e-06
2.885397830030216255e+02
1.998995576868062453e-05
2.199503019010253581e-05
3.044075716391010867e-05
3.535234413598571597e-05
8.850867537081020771e-05
3.578341805233598279e+03
2.595942931156142035e-06
5.583817654645262600e-06
1.535817820984380810e-05
3.825009578051584419e-05
6.258508454853865973e-05
2.536746547890818874e+03
7.838156201486724210e-06
1.383645120495948930e-05
1.810361870869304604e-05
1.924471907483588695e-05
2.162277678219584137e-05
5.772198994139554316e+02
6.869385486946007803e-06
1.006754014811359486e-05
1.674487076263724152e-05
1.675627118212203272e-05
4.417284699229664214e-05
6.615296884180745565e+02
1.043822239494120521e-05
1.049769099310603596e-05
1.195003692767576178e-05
2.150925394889048771e-05
2.245869224648597482e-05
8.306521012563727027e+02
2.484166437232198818e-06
9.424900968634384777e-06
1.004921352937629917e-05
2.042397541294615083e-05
2.752725291056330690e-05
1.014609521572330777e+03
4.641801517119214452e-06
5.227507288445873589e-06
5.531792223398672549e-06
1.269413756144209479e-05
1.348775208727469385e-05
8.344244297560953783e+02
1.250614668799933664e-04
1.327462305620155170e-04
1.580891824589821242e-04
2.023233588083236229e-04
2.085556811143801181e-04
5.575757733831124751e-04
1.747913027759789429e+03
3.544515493180108479e+03
8.734339077595932395e+03
1.119820485398082468e-05
4.145231298456207076e-05
5.959628539568299427e-05
6.110561055325741198e-05
7.102221692649797631e-05
1.073657262906743166e-04
8.281824005881672974e+02
1.320621747202803590e+03
3.901999985777037637e+03
4.112601681620094904e-06
8.945489728252638753e-06
2.062664106242155992e-05
2.414670493026769828e-05
3.624482509901770841e-05
5.763109014055998509e-05
8.342326157380737186e+02
1.192798779794782604e+03
3.624633668330198816e+03
1.571267798655630234e-05
2.580920373686583131e-05
2.585848234791786890e-05
4.043615351209287290e-05
4.877109120850127997e-05
5.834361294185487154e-05
9.528745819490505937e+02
1.048063710745319895e+03
3.664542108279128570e+03
1.101993900264231386e-04
1.505739366889336211e-04
1.546474306431928165e-04
2.684354073996965797e-04
3.561243467860332468e-04
8.926573059009869837e-04
1.732216109732054520e+03
4.819216725988821963e+03
6.092232074536052096e+03
6.487735540852058875e+03
1.138916386816544400e+04
1.757969855775141332e+04
5.652182823464727755e-05
7.005965650872989468e-05
7.652372549681418063e-05
1.080719472335478812e-04
1.367276761740106707e-04
1.437265131604150391e-04
2.035745736412446377e+03
2.993788022021969937e+03
3.297588131355128098e+03
3.425902182021418412e+03
3.523422992516990234e+03
9.745580753776033816e+03
2.590657608185629378e-06
1.873728450782645764e-05
2.393306914361329930e-05
4.457965604258293046e-05
5.231746157991667745e-05
5.555406092564519536e-05
1.046435899891193230e+03
1.186904078159006076e+03
1.817513255203213930e+03
3.386114382396777273e+03
3.495427568123719539e+03
4.790103021918762352e+03
1.675178843377495905e-05
2.101588470280556350e-05
2.634253173496673979e-05
3.450294356996147261e-05
3.798524854821473434e-05
4.113058055012538933e-05
9.761597116826545744e+02
9.964112616699754881e+02
1.049493975171063312e+03
1.437747566904465884e+03
3.398715374887634880e+03
3.444921000443212506e+03
2.132324757321563164e-06
3.858642632154291557e-06
3.154106585493573708e-05
7.194653374841337892e-05
1.171914507082585260e-04
5.556467624731661090e+03
1.628002888571424152e-05
2.217876733495496234e-05
2.361619730164747155e-05
2.948173484540796434e-05
6.258508454853865973e-05
2.770391314843488999e+03
6.714272909479400439e-06
1.534520315922797233e-05
4.212792046854607495e-05
4.239761659284736463e-05
5.713210428433775821e-05
2.202697760192169426e+03
1.367345834018651634e-05
2.506288368512958270e-05
2.555025377547723669e-05
4.695230185874642743e-05
6.281685064544450798e-05
1.574451285136016850e+03
4.397051106572610463e-06
5.093632270457217572e-06
6.108226398655070360e-06
2.762302909910172553e-05
5.110050755095447338e-05
1.729584072857657247e+03
1.705646205299820892e-06
8.740404968232787117e-06
2.212716884270255193e-05
4.618376616522018352e-05
5.101429842938312375e-05
7.164298386482362275e+02
9.356668583107781331e-06
1.057296203605195633e-05
1.714232270337620720e-05
2.280485245707298945e-05
2.772429547056504522e-05
3.227138931084786009e+02
1.055673934178148060e-05
1.292685622750534281e-05
1.919741330319751948e-05
2.156354402788513252e-05
2.320191180439788503e-05
7.731195548479824993e+02
6.406335646886983150e-06
9.749547061304071204e-06
1.094766462656372375e-05
1.662000973530670085e-05
2.218859500324478598e-05
7.050757078389204935e+02
1.199065022640417733e-06
6.706507720002772470e-06
9.066191801914036559e-06
9.074162540832006943e-06
1.106469773560490864e-05
6.161938076256210479e+02
1.096257142359629390e-06
3.706679434180060312e-06
5.652120471953421019e-06
9.465355200501830759e-06
1.391404463123984152e-05
5.548136113361833850e+02
5.233700289964170890e-06
1.004590273402803742e-05
1.151696643485236334e-05
2.362965579990930465e-05
2.549801445835050075e-05
3.103600254532669283e+02
5.727491914759071863e-06
9.107775386949567699e-06
1.162020795412911491e-05
1.227782936716149690e-05
1.514019830357777620e-05
5.362116089365086964e+02
2.305941035478903227e-06
4.253609014598186638e-06
5.463661495278968256e-06
6.410985263637085367e-06
7.823135553335394779e-06
4.956512123353986112e+02
4.570758004394639056e-07
2.374972293331008085e-06
3.204048088969337834e-06
4.923254072510356188e-06
9.033378852838572497e-06
3.533001449415222623e+02
2.475258955688145361e-06
3.059385747487824014e-06
5.837541100536533565e-06
6.387563418135294576e-06
7.401702202885636419e-06
2.809748039474688994e+02
1.260367090580437038e-06
2.014805997728203765e-06
2.035808802125772969e-06
2.414726920213330934e-06
3.911567773642808057e-06
2.959346285303541890e+02
6.561125688766508454e-07
6.792512182460442148e-06
1.344597254609820397e-05
1.764527327766793186e-05
6.258508454853865973e-05
2.485271911012442615e+03
5.322882009634637488e-06
9.331498064277289899e-06
1.204886931969886840e-05
1.530003422266441846e-05
2.213008238704842641e-05
1.042820573101082800e+03
1.471390980410451566e-05
1.564627113713466493e-05
2.070600642594516886e-05
3.233651509014771641e-05
3.596440869151125999e-05
8.013175834564816569e+02
8.817918818851815471e-06
1.048310861405873047e-05
1.333801571990244752e-05
1.439075401224287396e-05
2.286219224270519628e-05
6.831786043486068820e+02
2.010303167407241790e-06
2.147295307559436238e-06
1.089356798738126330e-05
1.184988092628678279e-05
1.498016403018658306e-05
6.365879538868385907e+02
2.783331195657658691e-06
9.209045904105814655e-06
3.853140681998116606e-05
3.862649550925031596e-05
8.850867537081020771e-05
3.176648287994111342e+03
5.248521582976216018e-06
6.761155629789508862e-06
1.921366828260567290e-05
4.039849836291223263e-05
4.628100120973856023e-05
1.234694065539910071e+03
7.395735900812195726e-06
1.005948280914395049e-05
1.011395919734897436e-05
1.385928845255526361e-05
2.996082462782306531e-05
9.991727239316491023e+02
1.262260563734027482e-06
6.387563434322315273e-06
6.435702692064968362e-06
7.443679159385802207e-06
7.817976586949506915e-06
8.272610613562682147e+02
4.823343486719309478e-05
6.678539907565608487e-05
2.071057396619575407e-04
2.112637814024621581e-04
2.562414155677979893e-04
2.949924417782444092e-04
4.097830089869515177e+03
6.742536547078647345e+03
1.570693150522339783e+04
6.702478900668629916e-06
2.313256808414695522e-05
3.047032782149658694e-05
3.792444999446557727e-05
3.917009676828492635e-05
4.414671590095292647e-05
1.493535289495538564e+03
2.201525170936185077e+03
3.599461205019350473e+03
5.720275959005521628e-06
1.910936919612141795e-05
2.047113663777589001e-05
2.353062448279879542e-05
2.476848856732910770e-05
6.801865027902708936e-05
1.334522291895744047e+03
1.597979027232686803e+03
3.596154381611382178e+03
0.000000000000000000e+00
1.937866163875927655e-05
2.602031504802074054e-05
3.079796224780914654e-05
4.032556544571144384e-05
4.582537159258489099e-05
1.005020980854692539e+03
1.109100635357611509e+03
3.612427664471500520e+03
8.640757423160702220e-06
1.768766233270388207e-05
3.211650723976402838e-05
3.403243924505662966e-05
3.506695908101800619e-05
3.658906171571099035e-05
1.193736721826310031e+03
1.564166539260799937e+03
1.651321191979722698e+03
1.933505266334700082e+03
3.419187716662544972e+03
3.467143478646748008e+03
8.809825941693495409e-06
1.261678340516397954e-05
1.751382828294982614e-05
1.850896119928543794e-05
2.754902281082100145e-05
3.276934822974528921e-05
9.371737251223096337e+02
9.625672849994880380e+02
9.877359068654044449e+02
1.429827670807525919e+03
3.399678244809700118e+03
3.444752395634469394e+03
