5.270412065710405272e-06
1.781440710443740654e-05
2.032907560869138421e-05
2.106248727241217039e-05
9.525257345450254096e-05
4.426127983273719110e+03
1.245239901608853720e-05
1.807200357208463021e-05
2.728662365688428295e-05
2.986649493039666582e-05
3.313392932972225618e-05
1.345294556653820564e+03
5.362733904688866993e-06
1.921859961646811571e-05
5.438942039940012366e-05
6.258508454853865973e-05
7.079413312075309554e-05
1.970392071717941462e+03
4.276603717582259099e-05
6.948567899307820977e-05
6.992549492504099220e-05
7.555471146236233319e-05
2.044020302038178935e-04
6.910891820496486616e+03
7.217278806743271313e-06
7.699396923448170518e-06
1.512899549831026720e-05
3.895929821767037029e-05
5.169395245911714517e-05
4.299710773297682067e+02
5.230313571123491393e-06
2.205704544851390888e-05
2.789432005191666488e-05
4.206624716538048169e-05
6.420915527223598133e-05
6.133869968351797297e+02
2.781147589458127852e-05
4.202202444413487254e-05
4.496307084411825381e-05
5.174872229412652759e-05
8.492989131829155281e-05
5.139864264209426437e+03
1.423858915605035482e-05
2.858753079527045793e-05
7.137169404377070197e-05
7.226703082270857998e-05
7.421052288839804915e-05
2.716740795166600947e+03
1.037927909167886679e-05
1.751154634226880478e-05
3.129254227426932986e-05
3.736808905708883019e-05
4.102445790007914692e-05
1.650270622481045848e+03
5.165330991346697142e-06
1.219723384335588675e-05
1.390347552475469672e-05
2.095665052191670650e-05
1.251701690970773195e-04
4.388438066507647818e+03
2.507873794908226176e-06
3.129254227426932986e-05
4.988622208177474646e-05
5.575992159099501144e-05
5.788333665043195208e-05
1.325134381339086531e+03
7.834795894453850914e-06
1.624994711628202499e-05
1.774299083206007664e-05
1.047313798664545868e-04
1.132763659987091138e-04
7.057854507428888837e+02
3.897694238993515214e-05
5.019564850994311003e-05
5.376592842073683295e-05
7.714650584026047609e-05
1.615939934516489305e-04
6.719129411440201693e+03
1.974120110896804026e-05
2.939203624426174816e-05
3.376615391443223992e-05
4.199081033051075700e-05
5.006304113725470659e-05
3.136831381139818859e+03
1.074984249070087884e-05
1.363607294746873871e-05
2.273092692247214502e-05
2.467404950046725724e-05
3.969651805296466973e-05
1.048555170658908764e+03
6.787354444979469023e-06
8.078461093318970617e-06
3.613351541135428999e-05
4.407341470630661779e-05
4.470997422411332304e-05
1.932713314216704703e+03
1.059706954690147515e-05
1.187041219932624468e-05
1.221365110988407883e-05
2.642558077191692895e-05
2.675712923604958084e-05
1.266830410746000780e+03
4.803805085703536446e-06
7.172096479507540394e-06
1.313026197529267033e-05
1.806675762139822055e-05
1.975374295701917105e-05
6.956655974724578755e+02
1.262157059394099171e-06
3.728320325958742072e-06
6.549814559242054420e-06
6.583010312129704081e-06
1.236946339183624321e-05
5.833718390745098077e+02
2.299001762900709602e-06
4.667871535285539463e-06
5.927407534802739693e-06
6.112995445876481801e-06
8.899531571246354820e-06
4.797552626456615030e+02
1.232093407295036249e-05
1.947164817281661164e-05
2.380573759783448129e-05
6.204211276909110282e-05
7.226703082270857998e-05
3.442919472276248598e+03
5.563362201414356195e-06
1.254305805009565151e-05
1.311839490000540849e-05
1.552987480787549235e-05
4.105190769774668178e-05
1.856146675273299024e+03
1.637171660896690208e-05
1.686679174407012727e-05
1.753668916267038468e-05
1.926361427752115789e-05
2.264767327956723866e-05
7.127347281346847012e+02
1.451726003985074327e-05
1.776553100024465297e-05
1.916269027685439051e-05
2.365754748612823799e-05
2.674170883608145534e-05
7.460455610550059191e+02
8.709561248677613062e-07
4.309850490024767872e-06
5.017229101471916369e-06
7.289306454782453187e-06
1.009959224187109880e-05
5.572046699808303174e+02
1.919495806455803923e-06
8.315226198997105141e-06
1.438738958423457731e-05
3.872784762676981593e-05
5.360738202643386050e-05
2.660081290365642872e+03
8.373236013700313947e-07
6.525356635895523628e-06
6.873577597749187595e-06
3.118910745254159755e-05
5.110050755095447338e-05
2.119061390415924961e+03
2.865485368797473259e-06
5.319927330043972360e-06
1.087142906117008683e-05
1.761936158982965747e-05
2.864889984195251142e-05
4.938843574776772130e+02
1.520077030498201026e-05
1.576582253623082697e-05
2.225503816491724722e-05
2.517927262178022338e-05
2.596907826017254105e-05
4.817111811663373828e+02
2.642788649492299505e-06
8.884386062918401042e-06
1.015438730199570430e-05
1.064483921841296487e-05
1.106358441304891143e-05
6.166799353685443066e+02
9.778902793290542416e-06
3.311313440553807682e-05
5.872822542682428599e-05
6.035140604870041270e-05
8.639017962309194490e-05
3.434438747502611477e+03
5.271246000561155547e-06
1.601082232610129749e-05
2.456969418358410478e-05
2.740578303518746768e-05
2.826051625044710566e-05
1.849281757407094801e+03
6.116424284264811300e-06
7.390073199209929132e-06
1.038412099203746188e-05
1.514904081870705543e-05
1.645144471635022414e-05
6.972690615951909194e+02
1.081710980625687582e-05
1.416448763552889903e-05
1.834739181915227699e-05
1.916269041160956343e-05
2.465969400330848425e-05
7.426665273877505342e+02
4.657406312411974487e-06
5.746952346778244476e-06
9.167429918831275588e-06
9.263397279941279003e-06
1.199672544264068854e-05
5.091079292724581364e+02
7.417874517450083183e-06
1.135948401374948923e-05
1.544439335272290145e-05
3.630253581640787732e-05
1.022010151019089468e-04
3.435488563365208847e+03
8.561399932566859076e-06
1.726087375128492447e-05
2.082807351257851604e-05
2.463063441449565808e-05
3.249832160845583567e-05
4.404404711110093444e+02
6.381791476558024068e-06
1.923665925168623780e-05
2.272002572686296785e-05
2.303068751826779903e-05
2.588349249409768461e-05
6.787033461645229409e+02
4.622320502308469735e-06
8.262943015149602096e-06
1.120041090555935897e-05
1.439217502895413992e-05
1.971261057028377887e-05
7.154874589688715787e+02
5.540798841230644413e-06
6.925736184751045901e-06
8.210261387008150775e-06
1.277512685442999806e-05
1.607347794363797469e-05
6.214902053549482162e+02
4.002795317156338442e-06
1.791018622814377588e-05
3.613351541135428999e-05
6.393557613537744660e-05
6.614460821514692981e-05
1.788428097093754786e+03
6.413024227050575228e-07
3.886902219454330374e-06
4.239244519389808191e-06
6.962933921687723397e-06
2.555025377547723669e-05
1.261062933477459637e+03
1.433500489984395955e-06
6.173539845643566175e-06
8.409684289877467902e-06
1.074219248510656351e-05
1.659537651553193415e-05
5.517240738794539539e+02
2.956944325806685564e-06
3.140697168938182748e-06
4.934874156526070801e-06
7.806960813028610238e-06
1.316829932321488545e-05
5.374280090546859583e+02
4.379250489080415418e-07
1.645015464621558818e-06
3.056579131681845312e-06
3.465609000876463048e-06
2.390007394324079719e-05
8.063078287401575608e+02
6.811442275561525093e-06
1.413060317467696201e-05
2.086319023382740892e-05
3.615517545171271710e-05
8.850867537081020771e-05
3.211846482770382408e+03
7.535588124848462757e-06
1.396658151708495318e-05
3.812248107588945038e-05
3.987165733008655300e-05
4.425433768540510386e-05
1.754110066275467716e+03
4.182509249445606422e-06
6.880978272006383892e-06
9.071623940452984449e-06
1.282747854024111056e-05
2.181864614001848042e-05
3.251539201119816767e+02
1.611875771737396884e-06
1.981775340110017442e-06
6.803508263834334406e-06
6.913969287689434456e-05
7.056390754084998767e-05
5.985580552069364302e+01
1.753976061942715845e-06
2.033822586054883811e-06
3.849409883443135771e-06
4.874588916182916674e-06
1.195003690151584546e-05
5.065017070939189807e+02
1.211766041572863904e-05
1.441030058330051121e-05
1.874450373908812019e-05
2.735124163443389009e-05
6.258508454853865973e-05
2.511431507541857172e+03
4.389920522829999755e-06
5.044623504145036263e-06
1.162441081206450905e-05
3.819214299306803898e-05
4.281020758381416359e-05
1.909994113694544467e+03
6.955347136298460551e-06
8.896744140694945124e-06
9.179755235646949477e-06
1.358093148703288665e-04
1.370675387608346046e-04
9.362032953424380821e+02
5.546942745863083947e-06
6.551388460326032016e-06
1.277512688773861834e-05
1.232530145400860208e-04
1.237846494112089643e-04
6.279698507830719336e+02
3.380939494040846902e-06
3.873431469367967800e-06
7.046520954445643293e-06
9.033378807721963955e-06
1.120429937413993755e-05
5.518116462541272540e+02
7.823380273524896408e-06
2.373884860408716579e-05
2.441546144244799229e-05
2.559958300025816022e-05
8.850867537081020771e-05
3.211846482770368766e+03
9.575128553905853189e-06
1.473383427968860286e-05
3.397081608629953900e-05
4.701967340552203040e-05
4.868798242691474556e-05
1.807413817862442784e+03
1.877626263403972997e-06
6.212200160897251994e-06
8.125687483935401770e-06
1.113255180876733099e-05
1.592442323786617321e-05
3.550262345008089255e+02
6.193974484782441274e-06
8.623031284617270015e-06
1.280229984820993510e-05
1.578735752788582665e-05
1.942092725557111041e-05
1.059122021093818518e+02
2.678345853162923019e-06
6.437606910090461286e-06
7.892152174125502282e-06
9.827788574011939361e-06
1.106358438902895609e-05
5.040152626975122985e+02
1.675982953854795009e-05
2.562977700864377834e-05
2.636147125932543087e-05
2.896415159065552765e-05
9.560029577296318875e-05
3.382878261406949150e+03
2.141850934283530599e-06
6.873331444974831627e-06
1.055349665662966692e-05
1.286978760907811873e-05
1.428302607108443955e-05
5.945263440308613099e+02
2.925995414801777363e-06
3.731975080543413389e-06
4.573605423178526180e-06
2.932907109822288327e-05
3.314344451931101990e-05
3.100499213434877674e+02
9.033378851477631108e-06
9.621917134085559482e-06
1.172820896994713576e-05
1.244056321698172593e-05
1.347092901179001191e-05
5.600086210637579143e+02
1.993433925863858384e-06
3.208068084850390259e-06
5.128491088901459019e-06
6.564490165461824601e-06
1.009962455572297996e-05
5.515589936986211796e+02
5.436645833596724646e-07
4.022532660467319428e-06
7.862159818694728391e-06
1.784836018550426155e-05
5.110050755095447338e-05
1.492896654130048546e+03
3.783095896560298507e-06
1.090458934296404911e-05
2.821474085624017727e-05
2.972864280559041035e-05
3.129254227426932986e-05
1.116282955176356836e+03
2.256358798613874790e-06
4.009449524577456844e-06
5.704454637877581888e-06
6.400441637868561037e-06
6.960685867695001324e-06
2.443552278704763694e+02
1.143424700611391512e-06
1.559934039936172584e-06
4.854449517061682214e-06
6.421612858844624315e-06
9.049199395586958399e-06
2.860830507126784141e+02
8.760093297767968910e-07
1.979481851706587029e-06
3.193781732385427134e-06
5.367133630425741686e-06
5.595652929904657750e-06
2.352021353834871604e+02
1.462766741363371024e-05
1.873900282603236126e-05
3.359836917410448685e-05
5.600714546031352719e-05
6.258508454853865973e-05
2.812208304909068374e+03
6.090327444234872047e-06
6.839966160149202111e-06
9.538140877152553328e-06
1.214272245712689004e-05
3.613351541135428999e-05
1.470838786828732054e+03
1.782730014809633823e-06
2.220319888625597236e-06
3.375218686558945305e-06
3.596650723381814803e-06
1.008884253561213176e-05
3.770088925818773191e+02
8.682980954909661154e-07
2.246907716285856753e-06
6.387563443869309172e-06
4.875920677229727407e-05
4.877940038205589397e-05
2.788908453011485449e+02
1.772242749059815891e-06
2.596039386781447762e-06
4.224976074459720803e-06
5.294036819382109577e-06
6.625002522938446154e-06
2.810943880886539432e+02
5.858758522962939896e-06
1.231481913216499331e-05
1.487454978279313710e-05
1.815263574767869513e-05
5.713210428433775821e-05
2.224888548387795254e+03
1.079417422835157207e-06
7.793313165561853678e-06
1.126582850514921433e-05
1.599403271262973402e-05
3.613351541135428999e-05
1.593725307097141695e+03
9.147934124961581682e-07
2.243733414017514614e-06
3.543869909708178912e-06
6.454629782952656088e-06
1.806675770567714499e-05
7.529460102207015098e+02
3.039984636567110022e-06
3.287200565537257208e-06
6.383605891623664902e-06
6.713470157811716996e-06
1.564627113713466493e-05
6.000069479288757748e+02
1.804723699948706919e-06
4.094936098592556125e-06
4.516689423781189429e-06
4.973578811685319554e-06
5.188337225069824931e-06
2.931119350396240293e+02
5.400304103534481122e-06
7.045623341914986805e-06
7.329739305307214675e-06
3.311563724005233539e-05
6.258508454853865973e-05
2.818387008148595214e+03
9.146333017343700363e-06
1.012801872654254219e-05
1.831608645811389424e-05
1.892491781536959075e-05
3.613351541135428999e-05
1.446362537172519751e+03
6.530348883675127133e-06
6.803797237325859518e-06
1.009962459072805816e-05
2.393673768681448528e-05
2.411401421761847982e-05
3.858468689908563647e+02
2.632931349775998993e-06
6.387563443869309172e-06
6.595403961456258386e-06
4.335889261934208235e-05
4.360361205777423004e-05
3.188286765530028219e+02
6.233368565835688536e-07
1.873864590952737629e-06
2.351847180567307643e-06
4.071288816060126180e-06
4.286877357593872068e-06
1.928102186807429348e+02
2.196263715205003052e-05
2.485190357229532382e-05
4.278479523559451344e-05
4.652402947603684954e-05
7.116376663209042041e-05
2.930317406986567676e+03
1.305891951902358161e-06
4.526111308175406655e-06
7.398177684613325228e-06
9.432482839936458461e-06
1.806675770567714499e-05
5.551214657483349129e+02
5.036237508899617451e-07
1.180006593627189800e-06
1.106358442135127596e-05
1.488808754350831976e-05
1.583435328900505661e-05
4.271066118317642690e+02
4.598263257325649968e-06
4.678969805107523272e-06
5.121877655163921183e-06
5.922635377763035819e-06
9.306184773058526243e-06
2.412421772542244867e+02
1.896565161761714830e-06
2.398925269249920557e-06
4.239627511529861868e-06
4.602261808860052180e-06
7.317873234746418939e-06
2.922974766838480605e+02
4.508331103339004987e-06
1.027388339931309517e-05
1.273353148041231276e-05
1.808346163998081929e-05
3.613351541135428999e-05
1.925005741406507013e+03
1.150703125173653249e-06
1.699225487723326401e-05
2.493913864782944676e-05
2.822073596246158094e-05
4.039849836291223263e-05
1.335345581863806729e+03
5.909576703844969588e-06
9.832117296238702690e-06
1.133270413913304920e-05
1.800436167431683059e-05
1.978148328426618537e-05
6.737894700777652588e+02
4.725929061887838126e-06
5.414540330488551633e-06
7.600037838631997869e-06
9.792355011286710495e-06
9.912288183302455098e-06
6.199530078538015232e+02
1.665912985757793363e-06
7.293786591292709713e-06
7.402899645956334262e-06
7.770996911900434273e-06
1.498016406355584582e-05
5.785314568238615038e+02
1.539616679163447214e-05
2.075618690538448587e-05
2.916560189109776633e-05
5.013519420859230982e-05
7.226703082270857998e-05
3.428526870873814914e+03
6.726605312699341636e-06
8.882701710759709939e-06
1.060961513257501199e-05
1.320084068032777471e-05
4.425433768540510386e-05
1.840771422625325613e+03
1.395964010443978113e-05
1.922422779577146387e-05
1.956947827711346544e-05
2.079072304640578109e-05
2.840536256659725894e-05
4.482102515112200081e+02
8.863174927425546289e-06
9.021496592258718871e-06
1.421797686679824026e-05
1.697531391582056623e-05
1.738354856038886145e-05
5.781179647498184977e+02
3.666235439248190458e-06
6.387563430168006608e-06
8.654830753465008153e-06
9.163786625715388267e-06
1.374112123789932907e-05
5.859555918420868466e+02
1.138306394569285123e-05
1.193117720066805202e-05
1.957628538293912978e-05
2.585538358486369026e-05
6.258508454853865973e-05
2.687095038628274324e+03
4.841428069492452249e-06
1.477838884520151413e-05
1.833407770738626233e-05
1.882143683397569133e-05
4.569409153866443862e-05
1.931771950390239908e+03
2.465173898322454110e-06
7.606352952353012987e-06
1.806675770567714499e-05
5.574211449000237439e-05
5.635714321561172222e-05
8.287581227537618815e+02
6.585041295136570545e-07
2.678162258840700244e-06
9.493790941147384280e-06
5.537142001143917775e-05
5.544320554856261104e-05
4.562823588017486713e+02
5.182808018875238962e-06
6.184201417546329865e-06
6.296068436355706418e-06
8.774946836187473491e-06
8.826580722594982691e-06
6.431870284843810168e+02
6.583767424808320112e-06
1.345562176243107066e-05
2.771997018246304345e-05
3.648269227203387416e-05
8.850867537081020771e-05
3.437456871295571545e+03
5.612937097278000737e-06
9.546802670408817448e-06
1.026283044272829366e-05
2.554640383583742626e-05
5.110050755095447338e-05
1.817624385249075885e+03
1.258392710108403485e-05
1.562872809219086767e-05
1.816828278349437087e-05
2.148076483156651620e-05
2.855271857838068760e-05
4.615930754108038059e+02
7.815911647634602588e-06
9.315703406696897507e-06
1.173988696975019727e-05
1.590017383163667007e-05
1.723536124853004888e-05
5.655247299610742857e+02
2.501823836550079697e-06
4.516689409415524196e-06
6.784646713173646581e-06
9.243997670430159061e-06
9.467494706483203974e-06
5.767403204645695496e+02
2.651529431721018665e-05
3.214596894781170013e-05
3.451365120549983618e-05
4.503951024103092503e-05
7.226703082270857998e-05
3.531048253376829052e+03
2.441375684378837949e-06
5.190313330966334106e-06
8.423856687426348151e-06
6.986496827722441232e-05
7.442154314336262672e-05
3.463736063649412245e+02
7.828964609231446430e-06
1.461725879787931013e-05
1.654612878660065043e-05
1.766549823182803202e-05
2.611883358104412562e-05
4.143062546040030156e+02
6.048999183374774938e-06
9.568452585614786897e-06
9.680365242299490957e-06
1.449187489670468196e-05
1.968779269479646737e-05
6.743500289960586542e+02
2.121609486241892750e-06
3.402453410691913063e-06
7.218479369626495660e-06
7.839503906250287703e-06
1.066104944791735234e-05
6.419263667954243147e+02
9.127602904509707178e-06
9.346602876037791500e-06
3.613351541135428999e-05
2.600043966056402424e-04
2.633517834567628913e-04
1.302880413049701474e+03
6.549706275131084646e-07
9.005034386562095488e-06
3.129254227426932986e-05
4.003100938066239483e-05
4.596737124744459924e-05
1.045312486807128607e+03
2.993938815156130324e-06
5.595279903000614177e-06
9.581345124647581952e-06
1.980468390601950902e-05
2.722544242301947888e-05
9.654389014525563653e+02
3.261620183736185433e-06
3.377877001561228562e-06
8.449952174422622784e-06
1.942725132715708951e-05
1.968675014118696431e-05
8.265208532918846913e+02
1.716022449624186599e-06
3.633376956117353520e-06
3.678827898723014637e-06
7.302170557860799742e-06
1.491924028262019883e-05
7.707598485992917858e+02
2.980128454038748523e-06
1.083039108274383399e-05
8.079699672582446525e-05
1.302863242245586245e-04
1.314243663546189173e-04
2.532148206286652112e+03
4.652436322241710130e-06
5.394199457613037552e-06
4.039849836291223263e-05
5.430348308404277799e-04
5.440301780207962724e-04
1.214059339093410927e+03
1.234213758755760013e-05
1.428302603942881762e-05
1.897938978543675521e-05
2.531922922637617126e-05
2.535062415201128709e-05
9.621915816754830075e+02
6.034128981098536565e-06
7.893178906227145872e-06
8.449952162452168520e-06
2.412161732265707856e-05
4.093663443823775382e-05
9.996347938248901528e+02
2.299345206169200793e-06
2.563532897289336191e-06
4.064195538767601265e-06
8.384747292140270754e-06
9.623014062389432290e-06
7.704520420558640126e+02
5.212408331793183781e-06
1.185130325609638419e-05
1.752509232411426457e-05
3.874661366861758801e-05
6.759961742450190723e-05
2.246070792522712054e+03
7.663239247427861036e-07
2.117389934632908480e-06
5.713210428433775821e-05
9.235902774365362133e-05
9.942099015433538810e-05
1.782853210399599220e+03
3.919005215441439742e-06
1.059257560987299446e-05
1.867112212077565818e-05
2.143805476978434692e-05
3.492260336791639568e-05
7.116894714033807077e+02
1.162462287193052552e-06
6.153514988226592521e-06
1.296290514224498673e-05
3.087084308533411090e-05
4.519725985093453984e-05
8.835606976144238160e+02
8.444298720370177326e-07
3.285077849260377198e-06
8.449952169038708576e-06
1.587751530112321401e-05
1.683779892075359702e-05
8.814603906454551634e+02
3.398625226748202182e-06
5.361307003475990076e-06
8.079699672582446525e-05
3.608908426232447205e-04
3.621910601335969295e-04
2.534786076392857467e+03
1.477285806374149271e-06
4.337077313979212991e-06
5.704892642261865736e-06
1.193817972793502373e-05
3.379980871225095362e-05
1.155687723847153848e+03
1.002812662366770874e-05
1.138872652894785316e-05
1.277512688602991233e-05
1.922498514288583748e-05
3.455957602418794191e-05
9.701199095457654948e+02
4.559796232083325851e-06
9.394136780090482167e-06
1.531683899404902990e-05
2.318453902215907787e-05
2.842210207329708363e-05
1.006680040380787659e+03
2.709049110841283158e-06
3.274213067669665939e-06
7.141512997400715797e-06
1.630608041873911454e-05
2.043619411257836249e-05
7.623585892344715376e+02
2.659189614942278103e-06
3.250327795486766287e-06
6.804328471502682225e-05
7.128676072408532264e-05
8.850867537081020771e-05
2.772374343625777783e+03
2.314523148424944293e-06
6.427849357514845154e-06
1.079361669008502481e-05
1.134345490966557532e-05
3.493777314557012240e-05
8.374910348321426454e+02
4.314006493273602076e-06
4.516689407894253870e-06
6.875045283936630688e-06
3.755755584979033555e-05
4.019182871625712520e-05
9.417358191103035097e+02
2.519581079552348977e-06
6.162037915959264853e-06
1.236946335097497065e-05
2.237727589567032615e-05
2.561923889822555274e-05
9.640947790495791878e+02
2.228172487523504420e-06
4.960384585199371506e-06
7.407152873055612408e-06
9.843896370260042566e-06
1.218397578379973428e-05
8.765767722464718190e+02
3.011006594303729714e-05
5.163096791252015156e-05
9.114591402681875975e-05
9.241410099844377969e-05
1.071087209779865868e-04
2.492865091638374873e-04
6.451206256782958235e+02
3.767126053595497979e+03
6.257881707662192639e+03
1.379317966181265034e-05
3.763409432999218081e-05
3.875719983814624294e-05
4.512545288153512900e-05
4.703357567486270754e-05
5.009261466340451241e-05
1.196467986474123336e+03
1.500317672259528763e+03
3.630225391231045251e+03
1.701062830363758721e-05
2.766168495136572166e-05
3.098011997222791718e-05
3.923966887287622286e-05
5.215042402549557681e-05
1.233628141262319131e-04
9.236296931804386077e+02
1.296112466671161656e+03
3.622711246752531679e+03
2.026092516694416929e-05
3.166667158899562226e-05
3.878096805231895443e-05
4.921185840302745883e-05
5.361028306050853466e-05
1.122263688762853038e-04
8.587557276085268541e+02
1.280418718666327777e+03
3.620345812940388441e+03
8.636892757083712579e-05
1.605454454351562641e-04
2.384271277454557466e-04
2.386601037766027306e-04
2.789054645417143679e-04
3.074801710768362947e-04
7.251481097461492027e+02
9.022591316076741350e+03
1.498287551233341037e+04
7.271039274698223114e-06
7.308544652475325426e-06
3.294758344786867386e-05
4.313454403780555933e-05
4.767837385696681437e-05
7.927533068567235611e-05
1.577700626979961953e+03
2.376543735191807173e+03
3.599047484122822425e+03
9.227938587870424279e-06
1.809677819422665288e-05
2.140525316446841578e-05
2.211708070065592733e-05
3.655980217376109841e-05
5.644686205331276798e-05
1.461771991328289459e+03
1.899478336010815838e+03
3.559612630747370986e+03
0.000000000000000000e+00
1.843625629877607749e-05
1.869778639900918887e-05
3.087095974534848259e-05
3.931428081530130678e-05
4.279602142420520526e-05
8.852115974742296203e+02
1.181338030556880540e+03
3.619337436754572536e+03
1.799351286502661308e-05
3.926965098351471994e-05
8.079699672582446525e-05
1.253806988589257761e-04
1.962429782319035580e-04
2.253319568058278740e-04
2.189833964980546170e+03
3.557633902361744731e+03
1.161387558077132599e+04
2.762050396969028651e-05
5.340380199766106827e-05
5.373918530075247275e-05
9.719549124737560304e-05
1.013458618663626472e-04
2.810503685353284218e-04
7.541304012874998079e+02
1.353740904693423772e+03
3.728161332067115836e+03
3.283690618182699987e-05
4.226254404246241659e-05
4.561470849566908879e-05
4.662472604011806091e-05
7.485565531844093790e-05
1.276400996888241894e-04
1.294852346366897564e+03
2.534531150076105405e+03
3.680543908796028973e+03
1.806675770567714499e-05
2.186664470929450263e-05
2.245962771370696432e-05
2.974373193223902310e-05
3.963394278929410785e-05
4.151175615579316149e-05
1.036267191139914758e+03
1.071222713156493455e+03
3.616803450397699635e+03
5.609363060759015328e-05
1.066871086873878965e-04
1.130735526243817953e-04
2.014597876062935490e-04
2.409292336492052590e-04
2.506932849645643899e-04
6.714518414836636566e+02
8.515916193418177500e+03
1.474671119494635604e+04
1.959578005870987115e-05
5.896231041980893955e-05
7.399416142058636687e-05
8.667865302214540415e-05
9.334820427952041121e-05
3.160681764780467725e-04
1.188728599121943034e+03
3.716239652407513404e+03
5.594549077968345955e+03
1.942600944597678683e-05
2.840050139438779963e-05
5.024202744608399101e-05
6.271000640172031424e-05
1.271720574268822004e-04
1.376218996717281371e-04
1.994596906022416078e+03
3.702677091589142947e+03
4.572126699782949800e+03
2.969324263571514771e-05
3.596210710568555270e-05
3.633577573299300885e-05
3.714766482819290667e-05
4.573344800783244883e-05
5.293149751085027131e-05
1.600381069677893038e+03
2.053358268559551561e+03
3.634145622393345093e+03
1.139145668487738191e-04
1.304331253064503317e-04
1.471554941554158017e-04
2.850815150693174010e-04
3.637566534540928294e-04
5.125244615563191936e-04
2.987408809670729966e+02
4.864519240679292125e+03
1.425312274948198683e+04
3.152536310395269464e-05
3.888930100273116955e-05
4.895097261239022765e-05
7.531316679757048152e-05
9.382995575799908282e-05
1.651003229659832230e-04
1.103816453290738082e+03
2.686141281139483453e+03
3.711270034161602325e+03
1.060514972483952386e-05
1.657864494846629923e-05
3.855440918367034915e-05
6.300224846509939721e-05
7.519181832337850713e-05
1.003404714550828640e-04
1.499935587483979589e+03
2.171333224805092868e+03
3.649053543754005204e+03
1.187463072933676566e-05
2.033010104914050441e-05
2.509153596760912844e-05
4.274088169799736877e-05
5.783971227722271028e-05
6.904876704449158299e-05
1.274236346707555612e+02
1.070858663582342615e+03
3.681656809015895760e+03
2.079033784150447267e-05
2.613351237177379154e-05
2.804671400456847081e-05
3.360438258156653703e-05
4.710443189505441019e-05
4.803019965121312979e-05
1.254654649385271568e+03
1.559115519896241494e+03
1.595353547303593587e+03
3.432632463741341780e+03
3.475768159957861371e+03
8.014068110287472336e+03
1.635879582958442265e-06
1.365610384747336148e-05
2.536238262814097903e-05
3.220358370343355227e-05
4.198083486662102052e-05
5.347846245627893119e-05
8.390204718351549218e+02
1.159657630680586635e+03
1.271630763835381231e+03
1.517528234497096946e+03
3.407846009139296257e+03
3.439246772590579440e+03
1.214399979316004232e-05
1.910906866346722514e-05
2.846227661545933134e-05
2.944353125708811813e-05
3.724697214930981228e-05
5.547087413210993306e-05
9.799391835266089856e+02
1.013081229224337903e+03
1.019956584027778376e+03
1.518653224213763906e+03
3.390309804900350173e+03
3.446357740471286434e+03
1.512823962887234613e-05
1.774012434657064080e-05
2.993678137875722229e-05
5.571235441249471109e-05
7.130134767050675087e-05
7.631620174674999492e-05
9.411023269818916788e+02
9.552965797504498369e+02
9.914708719548137879e+02
1.506565487373577525e+03
3.393650351135781420e+03
3.449252358099741741e+03
9.766659584496980944e-05
1.943210067677302413e-04
2.760702475894462370e-04
3.188673837035993519e-04
4.183120880336451005e-04
4.331553384381578789e-04
3.040300706764410734e+03
3.100188923067375981e+03
4.866569741054269798e+03
5.676882062457762913e+03
9.698621051505277137e+03
1.368885286147356055e+04
1.082173466420173915e-05
1.567494522950798610e-05
2.726348487974916828e-05
3.236497721680793864e-05
4.040777510703817921e-05
4.274324497351083765e-05
1.152534790489781244e+03
1.577316839404559460e+03
1.645660773008661863e+03
2.182842381152388953e+03
3.421288226758882956e+03
3.465896050015881428e+03
1.445384254642351602e-05
1.781741977261037789e-05
2.991618245064440196e-05
3.199646673704670637e-05
3.952513187076741035e-05
4.037249212671250860e-05
9.536970819172656775e+02
1.539517490312493464e+03
1.566165593990344632e+03
1.874133389014232534e+03
3.405847605691343233e+03
3.449708484516091175e+03
1.215363728959945119e-05
1.930304278631993925e-05
2.766191987996269362e-05
2.959408292999464996e-05
3.108368095733740676e-05
5.036472279064713891e-05
8.901098885909844967e+02
1.072541332587175248e+03
1.211653972674487022e+03
1.454785153487981688e+03
3.400044249764720462e+03
3.444497125158608924e+03
2.295823828070505900e-05
4.102973042417143332e-05
5.168933433463604568e-05
8.957850404180837456e-05
9.289478554465271812e-05
1.030232227801200956e-04
2.175267163929544495e+03
2.303231503635448007e+03
3.447067495403722205e+03
3.451853099675148769e+03
3.559511793250618666e+03
9.929640684446436353e+03
1.728254189001437186e-05
2.412192234656882305e-05
3.688507605785376446e-05
6.257047998976229765e-05
9.652935166900784879e-05
1.293960695900664762e-04
1.103725977445611306e+03
1.536184723455611220e+03
1.762045740942375232e+03
3.060258248713206740e+03
3.414655493216148443e+03
3.498026600401816722e+03
7.841970939794979577e-06
3.620225140838510071e-05
3.709271530684358641e-05
6.807990448915730148e-05
6.982503949817999843e-05
9.898879063477207020e-05
9.834077177955197158e+02
1.546169681400917625e+03
1.734787014677111983e+03
2.500826300240550609e+03
3.377100758578564637e+03
3.472923510872864426e+03
1.853632354933269132e-05
2.011341093748025388e-05
2.104651487660434548e-05
2.605062542444308631e-05
3.748217800201354455e-05
3.815128004957945445e-05
9.916439613802673421e+02
9.967403509292486206e+02
1.048233186702534567e+03
1.438706308740660006e+03
3.397648092206066394e+03
3.444752064519942451e+03
4.646748756652206898e-05
1.402450563586435243e-04
1.794311497592444447e-04
2.478286822751247565e-04
5.036739857561665272e-04
5.633379325619948747e-04
2.855965875246145060e+03
4.096640673996565056e+03
4.353834603872988737e+03
5.355893727606602624e+03
9.799672498712345259e+03
1.363905819460285056e+04
2.118282819929345900e-05
2.916421548483359060e-05
2.947527406930421310e-05
3.343209209332209832e-05
3.471847209481504509e-05
5.879822424186410650e-05
1.335632100242968590e+03
1.385256526442466111e+03
1.473520883532103653e+03
3.447352370290511317e+03
3.491941088510498957e+03
7.962872290055482154e+03
2.162253155894952012e-05
2.249472538039439391e-05
2.876937422406461410e-05
3.337844750922984568e-05
6.184263638244654458e-05
1.052973293548828355e-04
9.119767726695895362e+02
1.538244375510893178e+03
1.945469371583529892e+03
2.986271845482124718e+03
3.383249801327353907e+03
3.449331177980966913e+03
1.532180658464717780e-05
1.704902603984200058e-05
3.222474932848584558e-05
3.276146325178615443e-05
4.631487184430647697e-05
4.678696616939576584e-05
1.213482256540811477e+03
1.573136890383338596e+03
1.653317150500704201e+03
1.834836970709721754e+03
3.414715515603098538e+03
3.451469681689984100e+03
6.168161119899161313e-05
6.746674125000679000e-05
1.090914225171553669e-04
1.496134538182545333e-04
1.628947203475557368e-04
2.132923070116260998e-04
1.380392196137216160e+03
3.498143951519913116e+03
3.533279762931432288e+03
3.623879379787362268e+03
4.230947973525466296e+03
9.724273622867724043e+03
1.155761583359120554e-05
1.876369055823317152e-05
1.968167085687088212e-05
2.490842314064984104e-05
2.691490048885726815e-05
5.282188893154327134e-05
1.111152452984763386e+03
1.610296191077703725e+03
1.718621275839858754e+03
2.868800597640336491e+03
3.430142977729938593e+03
3.465341870209764693e+03
1.751934838288674067e-05
2.129890768378187783e-05
3.967961999582132228e-05
6.763756914896107712e-05
8.191169991064949335e-05
8.450059105203200480e-05
1.092553876103995663e+03
1.590314191680384738e+03
1.672259781555076870e+03
2.296625583199427638e+03
3.423856038442405861e+03
3.469945056945121905e+03
1.474101609525118976e-05
2.415081487843149727e-05
3.653146142968437862e-05
3.996532837629481198e-05
4.332350147594406806e-05
5.907983871459126222e-05
3.641484030705321970e+02
7.395426456298454241e+02
9.508170676790822426e+02
1.424146092978057595e+03
3.361601667125694803e+03
3.410994084653347727e+03
