1.344273342244647103e-06
1.509800010725492873e-05
1.728889314436064914e-05
6.608496806413323595e-05
8.475352336752930732e-05
4.368197393337730318e+03
7.208713639577171784e-06
2.556319494551411350e-05
2.643602625207758458e-05
3.388313756274756390e-05
3.502834979035217777e-05
9.961548404285103970e+02
8.665010031236755568e-06
9.029714244870849527e-06
2.150108831961213159e-05
3.656184985678402464e-05
5.150837871812543180e-05
1.653107877003833664e+03
5.745559142465297633e-05
6.176127692899208773e-05
8.445748574072800303e-05
1.169228491931354098e-04
2.168010924681256857e-04
5.855317345841976930e+03
1.137609096184883792e-05
1.364604966841425464e-05
2.893123339707613217e-05
9.264545161417183175e-05
9.318465433847905144e-05
4.681779398942863963e+02
7.651695530002194270e-06
1.406779107133050603e-05
2.108604546010676295e-05
1.112029534045854199e-04
1.188792678103532240e-04
5.961298214892544820e+02
2.630394603526838162e-05
4.185345615473339838e-05
4.403165457177551819e-05
9.813279876737013340e-05
1.615939934516489305e-04
5.250731631591876067e+03
4.633349004969096300e-05
5.110050755095447338e-05
6.396890840381153141e-05
9.652255625574675442e-05
1.728662467891663949e-04
3.486566290930457853e+03
1.181400350235519404e-05
1.564627113713466493e-05
1.850723870983193135e-05
3.186766385881942965e-05
3.746089648352072279e-05
7.240998445296304453e+02
1.391728598732651662e-06
1.213144819675373432e-05
2.728187830234003535e-05
2.753987363345786188e-05
1.251701690970773195e-04
4.455859341872249388e+03
2.433541996716096853e-05
2.786699500544061018e-05
3.129254227426932986e-05
3.610342740039577199e-05
5.093233348192269250e-05
1.367818894767028269e+03
2.110099686846133664e-06
1.141840609630800056e-05
1.624040351798730110e-05
3.086262092616279192e-05
4.290850626161629082e-05
4.563533338345291668e+02
2.349429554068933575e-05
5.285680829754317946e-05
5.920080531023627044e-05
6.860673444653383633e-05
2.044020302038178935e-04
5.811601124854268164e+03
1.688687532065229869e-05
3.825864800875236897e-05
4.873246812433026801e-05
7.559059122718561684e-05
1.162075326956995159e-04
3.705746369148447229e+03
9.306333146654106699e-06
1.269948100561085024e-05
3.379980871225095362e-05
4.443967758597031629e-05
5.753684631574738781e-05
1.068736797535965934e+03
7.177308829780437979e-06
1.702128603611842764e-05
2.312558523477498151e-05
4.474262683555049270e-05
4.843289901241325327e-05
1.845328075690711330e+03
6.035246995899929890e-06
1.613680483497448661e-05
1.984736170030251983e-05
2.041479085495237912e-05
3.416901186900173039e-05
1.159426938656780067e+03
4.609086109863655924e-06
5.866065177244475558e-06
1.106358388296853561e-05
1.338558842009400301e-05
1.715046104666492329e-05
6.834071437058664742e+02
5.517637777557122835e-06
5.549421382588526567e-06
7.340772069406632025e-06
1.064036503546360921e-05
1.374770329107061446e-05
5.855762451485935571e+02
4.549147956204964283e-06
4.685433426532046787e-06
6.872746875324335867e-06
9.895398748843413852e-06
1.265786168039612627e-05
4.721859694332762842e+02
2.443034716239199529e-05
3.314460197599001753e-05
3.761983715714257873e-05
3.960197683803589100e-05
9.560029577296318875e-05
3.353196760977303711e+03
1.740366868239202593e-05
2.108493504779044702e-05
2.141032959966353779e-05
4.384675606751058048e-05
4.482488776960951734e-05
1.713730983371577622e+03
6.996595238022343823e-06
1.115533132072470514e-05
1.371130061307377733e-05
1.845301688732306020e-05
2.255197665454705924e-05
6.472360449106095075e+02
1.440826620023662625e-05
1.448265406458866299e-05
1.645012172789337665e-05
1.806656918126132985e-05
2.558288438939667348e-05
7.118230781016681021e+02
9.049505022550881359e-07
1.905216062901414598e-06
2.270289534275280665e-06
8.434258476337482078e-06
8.979934424050775102e-06
5.542275186596925778e+02
2.700865320711297519e-05
2.852203756911914033e-05
3.370959451506393368e-05
5.461487739750527928e-05
6.759961742450190723e-05
2.324440217404591294e+03
1.483377880375279761e-05
2.020036331636790631e-05
2.059637931001318193e-05
4.425433768540510386e-05
4.592549202709235976e-05
1.582681545962743257e+03
2.399304389249813505e-06
5.118689288706273763e-06
7.451036179552377665e-06
8.543479483057682595e-05
8.909247015091840722e-05
3.721027245127477272e+02
6.417024149416618204e-06
9.408767907663381137e-06
1.975920349420598807e-05
2.473498468369102128e-05
2.739643315166451307e-05
5.980815886585222643e+02
3.438257654717180353e-06
4.308076052179019824e-06
8.907205789947797431e-06
1.010068763709066690e-05
1.028640008501637536e-05
6.145330330002531127e+02
1.676926262523617561e-05
2.159904989339938010e-05
3.452427871697743222e-05
4.158904445904304607e-05
6.482699495063134283e-05
3.344132638518041858e+03
1.868597088001450093e-05
2.679094948586474467e-05
2.741628849558848193e-05
3.217713917733353778e-05
3.715116213443576395e-05
1.721603829330709232e+03
3.166311857372863263e-06
1.459619781523259389e-05
1.982893579973239292e-05
2.212257735921901677e-05
2.395615006928405197e-05
6.665647590473687387e+02
8.886030054899623628e-06
2.018067261474695319e-05
2.178231527028779419e-05
2.289169485525184344e-05
2.468444426919662928e-05
7.291198442854341693e+02
3.395367018708781637e-06
3.993822206673747019e-06
7.680994015596305920e-06
8.026522934336535202e-06
1.324134345690602524e-05
4.694653182210520299e+02
2.273150820080865479e-05
2.344851244044689062e-05
3.723954221663244694e-05
3.977113605237334943e-05
7.226703082270857998e-05
3.560553231947479162e+03
1.445561510280007775e-05
1.700698866283432208e-05
1.700905939891168169e-05
2.324950363151491732e-05
2.400827297923999629e-05
4.389703508020360232e+02
4.204428185357426724e-06
5.483347118952838066e-06
1.428302602478455987e-05
1.871197683461609554e-05
2.465756050157365625e-05
6.718773422349871680e+02
3.970062101468388852e-06
1.009962457073661693e-05
1.071415578035515070e-05
1.514765153956906078e-05
2.239628534544712399e-05
6.519259622828936926e+02
1.161660696351104869e-06
5.250337679420874936e-06
7.693513420776705588e-06
8.163271427402595662e-06
1.106358437556928408e-05
6.146111003875503229e+02
5.636116698941925551e-06
1.205769077144183045e-05
1.252755853337502252e-05
2.983175997860442393e-05
3.714874656700133896e-05
1.863018046074412950e+03
7.598781481062096878e-06
1.116323937755912234e-05
1.967086293905424518e-05
2.011652297788033683e-05
4.039849836291223263e-05
1.407659305630650124e+03
2.581993035466625209e-06
7.626984934522155762e-06
1.181441269620686515e-05
1.316829937753735638e-05
1.784397413366585751e-05
5.579106846105105433e+02
5.291697400698897448e-06
6.488198470917244083e-06
6.762614192581582222e-06
7.823135556712022167e-06
1.261096880279763161e-05
5.344896390701338760e+02
1.045029907749699199e-05
1.860918763834259169e-05
2.732665239863104118e-05
3.129254227426932986e-05
6.895773898317518686e-05
1.171246351626831256e+03
8.615354862079574171e-06
1.421962288010892354e-05
1.973447265904684488e-05
2.310327361077824893e-05
9.560029577296318875e-05
3.211846482769110480e+03
5.649227221637616347e-06
9.411234683767677310e-06
1.088790125387006607e-05
2.924307900620307687e-05
3.301613816930042014e-05
1.771548282851945260e+03
3.216626460143742015e-06
9.468312082979775756e-06
1.104408424436698875e-05
3.113885577048462608e-05
3.452864304804999479e-05
3.274229529946629214e+02
2.216666127305179131e-06
3.143316699978401142e-06
5.599482461101373046e-06
2.277938172293766245e-05
2.579850718208508319e-05
3.276453982861007717e+02
5.260196222586337494e-06
6.374155991934126588e-06
7.480852413168094417e-06
7.823135547500864126e-06
1.058015878310703450e-05
5.036757287499631843e+02
8.211922697894404700e-06
9.128270313535139015e-06
2.064276403067277045e-05
3.785929572095444258e-05
6.258508454853865973e-05
2.552749359451108830e+03
7.267754339638313616e-06
1.344647014639683647e-05
1.806910144320926349e-05
1.846980781650601171e-05
5.713210428433775821e-05
1.905080450759985979e+03
7.276773374682576121e-06
1.712309795517080155e-05
2.407075919935119078e-05
2.559831325265495339e-05
2.569557164093785661e-05
8.620411082770335724e+02
7.370551172911262301e-06
1.270314572709725118e-05
1.345870493613115511e-05
2.371551834120930917e-05
2.564024769384971959e-05
5.411630459484440507e+02
4.583801995891535835e-06
6.403041563818468918e-06
6.726541075105841764e-06
6.828199568801949862e-06
1.236946338271564824e-05
5.518486078179855667e+02
8.881153657011443109e-06
1.133660600315895577e-05
1.483881946109622326e-05
1.664607204460393151e-05
6.576879405135397771e-05
3.209549582234080845e+03
5.428987798192270573e-06
9.774515071619748074e-06
1.110477913569111555e-05
2.195419951448633619e-05
4.425433768540510386e-05
1.778836827128156528e+03
7.515455056043128269e-06
8.366563387633367121e-06
9.468428451324477810e-06
4.642072984319252046e-05
5.282729128351843807e-05
3.191564346634521030e+02
6.956582315277280398e-06
7.470733024389010726e-06
8.423930753186231204e-06
2.118851187887726162e-05
2.588506596742417085e-05
3.187298734928921249e+02
3.069120662629287632e-06
3.634192549502277245e-06
7.453730403258111011e-06
1.053417711068815673e-05
1.476029861498967182e-05
2.128208276140501312e+02
7.027129085449748630e-06
9.536632144816101865e-06
2.059013471456874191e-05
3.675874674806568895e-05
1.022010151019089468e-04
3.203506092230151353e+03
4.516689426419286249e-06
8.406207551429446605e-06
8.488418000362712195e-06
9.458370415728250004e-06
1.925563919959704168e-05
4.105954356636742659e+02
7.564862087887397023e-06
9.010313269037575765e-06
1.266561818511103810e-05
1.826587134899755889e-05
3.522077571291479215e-05
2.415123538687176392e+02
4.305807806910783264e-06
1.099026844281522614e-05
1.158939772009982679e-05
1.184827976097982652e-05
1.355006827723531178e-05
5.601634495771914999e+02
4.296432003117196543e-06
4.401348872384293706e-06
7.561396155834735578e-06
8.198771028826231199e-06
1.355006823362470580e-05
5.508826863635574682e+02
8.913297162556390045e-06
1.347597333665928139e-05
1.579011691291961199e-05
2.203888620661801235e-05
4.425433768540510386e-05
1.579440746007988082e+03
4.947951732006023597e-07
2.031494416144593626e-06
3.301017733849188736e-06
4.121319285736707126e-06
3.379980871225095362e-05
1.135362622371893622e+03
3.019244569695409212e-07
4.163409352462175760e-06
5.228217350469224723e-06
6.584149665685337159e-06
7.526377575447058191e-06
2.452766421178899918e+02
1.117902603217524775e-06
3.763117777559356020e-06
3.921426720624477366e-06
6.775034130192374171e-06
7.130682708615177722e-06
2.905638229754424628e+02
1.746252222665972266e-06
5.950204615578824752e-06
7.302532771119254977e-06
7.443219260158804421e-06
7.734984579830531603e-06
1.394023805524794000e+02
2.958713846048324520e-05
3.831396244651707274e-05
3.838415876754100849e-05
4.496047482446904642e-05
8.079699672582446525e-05
2.818388461235872455e+03
6.398528060144906538e-06
7.406999721640349840e-06
1.033999713239561973e-05
1.293305189894538840e-05
3.129254227426932986e-05
1.445066379622196791e+03
5.935199946423851010e-06
6.387563443869309172e-06
9.646768269199013459e-06
1.699657048336265187e-05
2.178229714641842859e-05
3.717074753268307745e+02
4.695501385414885658e-06
6.691462103100591592e-06
8.060344777590968795e-06
9.581345165803964182e-06
1.083023456464322973e-05
2.523155408240226905e+02
1.616826515880801468e-06
1.648646913985410398e-06
2.674380765284181002e-06
4.074330923435080745e-06
7.447364557487784375e-06
2.829878233491380115e+02
1.084071918047440107e-05
2.232405859249467485e-05
5.305550006944829283e-05
5.522296497793984063e-05
6.258508454853865973e-05
2.243304631738958506e+03
7.994135120901538419e-06
9.123373222729880909e-06
1.353350140585767085e-05
1.445855625967414228e-05
4.780014788648159437e-05
1.605788367355956552e+03
5.250872406079765993e-06
6.951957026787764636e-06
8.750703142254986235e-06
9.051515843292394555e-06
1.277512688773861834e-05
7.309284953139050458e+02
2.328493078316104976e-06
3.692643141996322209e-06
4.564266823501059061e-06
5.113448732166887717e-06
1.277512688773861834e-05
5.548384768097123469e+02
1.459484538618410272e-06
2.604967757722239453e-06
3.516055285625528322e-06
3.988082041153639448e-06
5.975018477454834218e-06
2.911272819042962396e+02
2.095189230733632315e-05
2.328865315521140239e-05
3.449544957634316137e-05
3.974559649802753285e-05
6.258508454853865973e-05
2.818387298021330025e+03
3.303161454136956466e-06
1.661671202654380942e-05
3.000240475408311614e-05
3.412080152540885501e-05
3.613351541135428999e-05
1.462670290727937982e+03
1.497192916250349446e-06
4.040974378230777467e-06
7.194195603079882742e-06
9.033378852838572497e-06
9.208962996603631536e-06
3.649703298610326669e+02
4.101072902767411599e-06
4.516689426419286249e-06
7.306102859106644535e-06
8.761818750172028318e-06
1.026056607926667472e-05
2.592647963530711195e+02
7.235972786492862436e-07
8.611808761958458634e-07
2.065241155501169533e-06
3.964058269959030193e-06
4.243708424673156335e-06
2.658979283564236766e+02
1.718489432053552825e-05
2.026849733171123721e-05
2.315914298008297319e-05
3.567854906934519966e-05
8.850867537081020771e-05
3.180804193514134113e+03
1.896701009888821891e-06
4.170959845106058148e-06
4.563026186906349069e-06
5.129617230958732043e-06
1.277512688773861834e-05
5.660308220174358667e+02
2.411584244636282615e-06
3.998800747475813985e-06
1.062015073367501611e-05
1.106358442135127596e-05
1.289933377798011656e-05
3.810458851617001983e+02
1.775125639562075497e-06
3.656426585220173965e-06
6.474084755363666241e-06
6.775034122739282140e-06
8.549449917483112400e-06
2.585345776534624633e+02
2.028299770083228541e-06
3.193781730702877076e-06
3.241079431330825456e-06
3.806612072496168888e-06
4.200936214669242591e-06
2.269741114618520612e+02
1.256784761127987345e-05
1.301100741130493050e-05
1.889815029649679994e-05
3.118391065036813832e-05
5.713210428433775821e-05
1.840378188695299514e+03
8.452815254469780830e-06
2.054899297434846451e-05
2.848468231553929794e-05
3.341488239983478933e-05
4.181122419096448877e-05
1.268535750894568082e+03
9.684600243665131484e-06
9.858632843435256098e-06
1.220603230314874542e-05
1.498016406903154960e-05
1.641489207819808418e-05
6.654996150372608099e+02
4.260632503546619349e-06
6.422251910837291803e-06
1.041236447686979519e-05
1.472669764072262740e-05
1.682064888779465024e-05
6.096384759507590161e+02
3.562741592751360043e-06
4.977285073705569270e-06
7.197477304471126456e-06
8.484806875946467958e-06
8.588109349464572074e-06
5.728360943130342093e+02
8.346558543771495308e-06
8.671671947307583401e-06
1.304836164333856941e-05
3.315425441782507242e-05
9.560029577296318875e-05
3.343906444383783310e+03
1.087654637372992084e-05
2.219256066870024888e-05
2.594668508287250661e-05
2.941954633429033226e-05
4.425433768540510386e-05
1.695398222826075425e+03
7.851695732836293324e-06
1.235669508273525207e-05
1.253655412859734881e-05
2.853448232146764505e-05
3.493594953277742807e-05
2.768848281710856440e+02
1.050293875981171967e-05
1.239235129096512231e-05
1.266695332127877420e-05
2.017817795847773598e-05
2.232009639965547320e-05
4.695291539456753185e+02
2.819534453618534166e-06
3.407936351485057500e-06
5.026533551727516932e-06
6.367313895587593650e-06
7.267653556161619366e-06
5.833661999608989390e+02
5.998883521146550366e-06
8.719014793594862407e-06
1.163660750484319230e-05
4.031295641652657283e-05
5.760047873790153234e-05
2.776913492018334637e+03
6.613648938586391537e-06
1.805700212038401100e-05
2.253705390432638069e-05
2.283859226002633812e-05
4.425433768540510386e-05
1.963875908072661332e+03
1.235908366404914993e-05
1.598714837547226961e-05
1.810868810312182164e-05
2.212716884270255193e-05
2.628612715065516326e-05
8.129972605740437075e+02
1.126923799871581104e-05
1.377558104858866307e-05
1.671203729707805273e-05
2.111428739850716165e-05
2.709962912076772809e-05
4.481290237300402168e+02
5.682254520442043607e-06
1.066214768069189644e-05
1.114445484209073085e-05
1.415595232654239388e-05
1.470193504613388804e-05
6.423419776162239714e+02
1.010525672012826468e-05
2.541161754034137083e-05
3.892857250972900693e-05
4.495385994038809859e-05
8.850867537081020771e-05
3.361021512015579447e+03
6.051677141911426081e-06
2.628892900795491431e-05
3.794553150828189580e-05
4.425433768540510386e-05
4.692416861872047426e-05
1.710778174527871215e+03
3.145445592236458766e-06
5.804916310311072192e-06
8.427210456150215569e-06
1.227670220675630331e-05
3.143039623136820035e-05
3.016911809933786230e+02
1.415488187666094373e-05
1.643416212946371272e-05
1.732516884665347026e-05
2.577622111677113515e-05
3.244262767130219355e-05
4.921209987809604058e+02
3.851354593771555554e-06
4.522184606586449129e-06
6.636564825465857854e-06
8.205623264865536754e-06
1.195003695223951565e-05
5.476953202561348917e+02
5.479376737196771897e-06
4.588942131432169444e-05
4.903509565574696872e-05
8.364571289278536137e-05
1.043401695861188367e-04
3.632272954414160722e+03
3.785482254640658250e-06
5.717896537517940702e-06
1.084916263170458731e-05
1.081652556772520670e-04
1.107838993218897440e-04
4.095274189626096586e+02
7.318543913363107619e-06
1.089137492007763745e-05
1.676776280145522076e-05
4.384272495870886627e-05
4.737449188237159606e-05
3.576247805278129590e+02
3.781644444283375085e-06
1.099430659251072626e-05
1.195003691143816898e-05
1.388079972364937791e-05
1.532697518527978604e-05
6.653317214168228020e+02
4.502379822710548143e-06
5.892394989075795092e-06
5.974055250695736969e-06
1.243013044183652254e-05
1.605498639009465380e-05
6.438489446564011587e+02
1.928755427685279567e-06
1.754791789238788714e-05
2.320068443608726846e-05
2.991571150345742960e-05
4.780014788648159437e-05
1.532510394016562941e+03
4.298336517923901405e-06
1.601835255646143314e-05
1.995466794573502365e-05
4.425433768540510386e-05
4.524800020097997070e-05
1.399663119721229805e+03
3.793010254902507752e-06
3.966464947517364397e-06
4.756826169216985580e-06
1.246325104892565036e-05
3.100919185132241347e-05
9.665929234788550275e+02
2.229957475657099617e-06
5.281431978612799234e-06
6.775034136069730810e-06
2.213822357447501124e-05
2.454789673660087932e-05
8.267421762150987661e+02
8.497306258180170034e-07
1.080841031072748024e-06
5.049812292954873406e-06
7.177046622615031460e-06
2.419521372864885165e-05
7.581233378831942673e+02
2.781773299005445161e-06
5.001634001089741118e-06
1.859978945580442863e-05
7.226703082270857998e-05
7.554783823019146189e-05
2.454733139893672160e+03
6.563779626592689437e-06
8.469983022346367697e-06
4.039849836291223263e-05
1.142177797313480455e-04
1.306468928666872651e-04
1.250333808581515768e+03
6.547024635006548262e-06
6.775034102903123227e-06
1.186478821526668707e-05
1.865650914712315632e-05
3.515987259858877024e-05
1.018881804931726037e+03
3.225901378399589934e-06
5.430647272952763515e-06
8.449952169074455061e-06
1.691084157244427934e-05
4.121378329426094860e-05
1.038960089446006577e+03
2.535312411581025129e-06
3.375212986041581891e-06
4.148082058085137047e-06
6.387563436694285353e-06
1.943684859737578106e-05
7.746388539052584292e+02
1.453807977208535433e-05
1.743980404164083043e-05
5.581753760137193215e-05
8.083116349973893397e-05
8.850867537081020771e-05
2.456455377119097648e+03
1.654279770914173856e-05
1.803658071437474469e-05
7.226703082270857998e-05
1.265192481796575833e-04
1.430465671921541911e-04
2.158658602023704589e+03
2.210150920184684394e-06
2.944364683793281960e-06
1.041949456027051998e-05
9.380131451286158773e-05
1.066996661782398942e-04
9.963343854997660856e+02
6.492128652573004475e-06
1.300135445068294772e-05
1.312715065679989812e-05
1.889874364567505882e-05
3.638452249241594676e-05
6.613907010667935538e+02
2.137483772210360921e-06
5.300918988912868786e-06
9.830949530623137646e-06
1.828025608955938689e-05
2.764035059715145873e-05
8.769423563828594297e+02
2.933718475168027793e-06
6.693300829138336869e-06
4.201163807291250125e-05
4.485935389240199456e-05
8.079699672582446525e-05
2.476401087285692029e+03
6.390739731143112874e-06
1.151650603967403088e-05
3.129254227426932986e-05
3.249955648834043631e-05
4.388537041033677269e-05
1.165977105463621911e+03
9.474917995050277615e-07
5.033885109445269417e-06
9.581345117664230677e-06
9.599705107779515703e-06
2.571702162011808114e-05
1.019020532903962817e+03
4.773797170020142062e-06
1.151848044521888096e-05
1.280232756467449387e-05
2.419882642754654517e-05
3.259781345140229283e-05
1.046891286272188609e+03
6.324027963389153527e-150
1.438577670862722512e-06
5.906249785988949881e-06
1.154067443189334997e-05
1.213421051674578735e-05
7.504121084728467395e+02
7.405947613520949327e-06
1.805832716210517907e-05
2.545219429518372841e-05
4.514799228468850559e-05
8.850867537081020771e-05
3.147647711205511314e+03
3.072382213239639776e-06
8.501227477111258265e-06
9.935887421947033686e-06
1.583333081188117997e-05
3.624514773292171032e-05
8.766441466453877638e+02
6.507117081177696868e-06
9.420754003426765465e-06
9.836678268821528499e-06
2.579297073443043010e-05
3.503673676575308319e-05
9.785613660631416906e+02
5.683616739935020974e-06
5.970355358906748449e-06
1.193175565323010647e-05
1.277512685160765040e-05
2.815840208763908730e-05
9.654668954568753634e+02
1.835100775858722498e-07
5.379863076105349129e-06
9.297793586384258584e-06
1.675968795876393093e-05
2.463519237878839639e-05
8.815679521016801345e+02
3.824399889353753918e-05
4.030170267067871527e-05
4.277235704642913489e-05
1.063087311120460796e-04
2.462576148087269293e-04
3.381913988674563722e-04
5.952084990146790915e+02
3.594445708213691887e+03
6.107651713827407548e+03
1.467825206631268995e-05
1.972745394484476991e-05
3.003093805464280154e-05
3.445295342910184453e-05
3.520571070596547280e-05
4.127160051144602168e-05
1.221990464386918120e+03
1.514533927189526366e+03
3.632362011354025071e+03
1.506508418793403287e-05
3.674652795536334358e-05
4.753939826022002285e-05
5.410210714343977539e-05
6.569929424935129362e-05
7.121793067232412469e-05
8.052650685035674769e+02
1.629231757980241355e+03
3.641038332014759817e+03
3.535656869012572355e-05
3.752088223254414678e-05
6.773107663665212195e-05
8.265484709871487518e-05
2.263717190999220831e-04
2.736706486847543499e-04
1.166075134080590914e+01
2.538376654160170347e+03
3.622117045799265270e+03
9.486034356488588770e-05
1.541494131006116244e-04
1.948038451652344403e-04
2.002453242608017673e-04
2.656818726169891715e-04
3.403632759176301002e-04
6.212182786377020420e+03
6.892757776801041473e+03
1.534325126079732399e+04
1.902394468938596654e-05
2.568591687508508734e-05
3.184866698750863766e-05
3.356675710438018951e-05
4.881984512200063497e-05
6.365437666656260246e-05
1.545043268497313875e+03
2.161663108243693387e+03
3.712836766088830700e+03
1.891580244354555855e-05
2.196149093145182766e-05
4.209838952885126145e-05
4.563110707552907075e-05
6.418527114168805041e-05
1.111088331731772001e-04
1.495655822402025706e+03
1.885927491884019673e+03
3.711592970513112959e+03
1.487192192948482144e-05
1.752519728062586229e-05
2.077433242591995283e-05
3.498965312831534019e-05
4.671630057024027150e-05
4.804500260874650970e-05
8.690924989126101536e+02
1.194036734636863457e+03
3.614192746347298453e+03
2.568097586103424454e-05
3.613351541135428999e-05
8.029566521380349130e-05
9.916357425748852507e-05
1.322442795430480008e-04
3.475906764784476377e-04
2.332527101464137559e+03
3.404622060547065303e+03
1.001265492251308933e+04
1.235735898451781742e-05
1.342226784891082433e-05
6.924341599693731070e-05
9.981309849845436215e-05
1.177972182322455178e-04
1.241747264990675909e-04
1.260686908017194582e+03
3.833918316549635165e+03
4.342618680235120337e+03
1.917820250934566242e-05
3.441395746013665752e-05
6.211786964164800202e-05
7.108753144979051215e-05
8.215170737047968927e-05
1.369671699843724895e-04
1.101255669894729863e+03
2.560749509168796521e+03
3.652109539010346907e+03
1.152190134218225583e-05
2.212716884270255193e-05
2.524039154762049370e-05
3.771327258671803206e-05
4.317750568898971633e-05
5.423049229716261059e-05
1.037077705855916292e+03
1.092707116027522943e+03
3.619131794162171900e+03
7.062037306394286799e-05
1.022010151019089468e-04
1.108598798987921370e-04
2.491861577880460118e-04
2.920231861760943224e-04
3.014004531691938556e-04
5.146014517587815135e+03
5.274058925366685799e+03
1.495680127630704919e+04
3.991003238434720013e-05
4.581320230603138011e-05
1.232939605411403742e-04
1.429308131904602160e-04
1.994162278191668818e-04
3.174900717050569560e-04
4.099702741247137965e+02
3.704126380099844027e+03
5.800011521851058205e+03
2.402658723806586966e-05
4.322901903131652341e-05
4.380598788923500671e-05
6.146824823311322497e-05
7.000636777233226206e-05
1.305212466827918483e-04
1.813875464892567379e+03
3.629672711719968447e+03
4.209687843481811797e+03
7.866836504738960090e-06
1.832109551502427824e-05
3.087714186966947758e-05
4.382311720630235912e-05
5.009118215751467702e-05
5.771942353375776217e-05
1.563711219768093770e+03
2.025514121368634733e+03
3.648897111238159596e+03
1.011012828730240969e-04
1.067017833109275895e-04
1.229292374506906491e-04
2.866899340078041150e-04
4.126225308287155861e-04
4.298836877164715969e-04
6.388560901454167151e+02
5.035250420602590566e+03
1.375903116994922129e+04
1.550842028489139029e-05
3.548201026032356622e-05
3.563165101863150511e-05
4.902919850530543559e-05
9.727869907233025566e-05
1.320504807746407589e-04
9.278219189959650066e+02
2.400976711703734964e+03
3.620019147789626004e+03
2.423446224530416272e-05
3.649943839811241954e-05
3.838826612204844887e-05
5.786683508706965616e-05
9.168095404576529796e-05
1.229040636855033915e-04
5.365925477650181392e+02
2.005282221407091811e+03
3.618724784119668584e+03
1.847518515356428952e-05
2.109697248250084773e-05
2.646659829364345583e-05
2.841692405827513283e-05
4.775393719730628756e-05
5.048252938430185943e-05
7.937487305549336725e+02
1.118815379839739762e+03
3.625850070962721020e+03
3.811307708668108595e-05
4.029167598205116196e-05
5.384732535681043724e-05
7.007374992800765071e-05
8.583260838067217565e-05
9.678264135318591463e-05
9.388252259861602624e+02
1.282371029844686291e+03
1.567452843756779885e+03
3.127960038717769294e+03
3.484623008432419738e+03
7.151185073776454374e+03
2.854080856109305717e-06
9.983280081038789708e-06
1.262929634957152927e-05
3.211439032340610835e-05
4.182237196889246225e-05
4.935461490426179494e-05
6.779219190355945557e+02
1.105870564970721261e+03
1.290162556853601700e+03
1.479033165306140290e+03
3.396452658584036271e+03
3.436755541000913581e+03
1.475585700700705583e-05
1.673816661731420224e-05
2.325527270019317306e-05
2.993291319059643480e-05
3.205720856889312175e-05
3.367361871105216663e-05
9.569074703813562337e+02
9.866569118129534672e+02
1.051868432323267371e+03
1.435851747065988093e+03
3.395046864003298197e+03
3.444349857032791078e+03
2.189271629245851997e-05
2.551762229407602718e-05
2.658419358456704193e-05
3.158469360979968991e-05
3.510134828615473992e-05
4.812032830603670095e-05
9.366917184348078536e+02
9.676931193560166093e+02
9.829954742912631218e+02
1.432847817678941283e+03
3.396037043480901957e+03
3.444892985926933306e+03
5.263969043805223272e-05
2.109684601261435839e-04
2.818151702904364130e-04
3.090980783545757039e-04
3.621637853675793283e-04
4.094033827420003350e-04
7.498898454221878183e+02
2.997388790508543480e+03
3.727789942206830801e+03
3.748122111390962345e+03
4.092208806638366241e+03
9.702621584923090268e+03
1.199371233309745939e-05
2.426172122730696238e-05
3.296493012787033209e-05
4.134995294824566378e-05
4.166238072818093113e-05
6.132035773543098860e-05
1.236324584686175740e+03
1.596847462335505270e+03
1.703804114433351288e+03
2.127309254894939386e+03
3.443775556689272435e+03
3.541282484670585291e+03
5.456624923655225167e-06
1.844173972798868034e-05
2.372078301648847392e-05
3.837384174008591064e-05
6.065446504705872906e-05
7.659433218608123299e-05
1.198859127120809944e+03
1.573429420352753823e+03
1.621122582871206760e+03
1.828691740145565063e+03
3.436426969666333662e+03
3.531643194259988832e+03
7.201209885838777705e-06
1.467188223340164471e-05
1.861155949283074603e-05
2.841588652561750846e-05
4.147507047120233128e-05
4.292071760632100035e-05
8.811181343709338307e+02
1.079107022158531663e+03
1.204216838219020929e+03
1.455805666997190428e+03
3.400735160325841662e+03
3.443136385870129288e+03
3.062086507513244019e-05
6.676637510324775625e-05
8.735893054617192334e-05
9.473702186850116187e-05
1.132120381999156830e-04
1.256348253944391678e-04
1.646323634418289657e+03
2.161644362179143627e+03
3.066697557209221941e+03
3.376354298995392583e+03
3.483475677693959824e+03
1.014735651640826654e+04
9.226733248919010007e-06
2.419069529433707293e-05
3.030950659324664135e-05
5.688525093416552455e-05
7.645645822992577962e-05
1.008342226432564826e-04
8.819301826570085723e+02
1.474780223152461758e+03
1.678307142406819821e+03
3.002595606707525803e+03
3.351744944209892310e+03
3.453684246321305636e+03
9.115290358538968507e-06
2.131294160207182801e-05
2.211038401788689351e-05
5.839284543348000441e-05
6.293998311204720281e-05
7.050008446499609282e-05
9.740556052833426293e+02
1.510800321435195201e+03
1.662200007150571992e+03
2.538514879231093346e+03
3.415237434289709654e+03
3.469456105419249980e+03
1.686758749193874006e-05
1.979800565346226239e-05
2.060472274964153904e-05
2.134178250008009035e-05
2.523605786830700258e-05
3.102156689985737257e-05
9.884827820874725148e+02
9.991781405263085389e+02
1.044178409806606851e+03
1.432934203177214840e+03
3.394425076507953236e+03
3.437334126702251069e+03
1.759823511369377059e-04
2.294009954351622154e-04
2.457746245753634150e-04
3.527429730998023617e-04
3.755690109198367801e-04
3.988199272218617545e-04
3.040975980108239582e+03
3.486731876084874784e+03
3.492279137457507204e+03
3.790606577145904794e+03
6.934101165177263283e+03
7.118899330548055332e+03
2.337955902153137432e-06
1.161496167886109271e-05
1.702816154948670941e-05
2.859710935666658933e-05
3.904232325599773780e-05
9.204794362282947323e-05
1.078588098692110634e+03
1.102330754573155446e+03
1.790048788362501455e+03
3.247972197708415933e+03
3.531846565647649186e+03
7.671713313370115429e+03
5.383829961828774907e-06
1.213193406804221037e-05
2.670220367530302583e-05
3.766214717594478428e-05
5.629987532821743141e-05
1.107855922726777646e-04
9.615109532002960577e+02
1.507796001974722230e+03
1.824287272460862141e+03
2.947301142780334430e+03
3.284110983652782579e+03
3.413671220670411458e+03
1.264737458075081925e-05
1.423290007915485170e-05
2.299182981985396220e-05
2.751242820737052582e-05
2.957650987312401006e-05
2.966138878628038408e-05
1.181910855243622791e+03
1.552031972651676142e+03
1.623159762220659104e+03
1.822535201739271315e+03
3.396481778455436142e+03
3.441683163154675640e+03
6.167177174236940446e-05
1.423137265183709672e-04
2.020891835562820134e-04
2.177839425322228815e-04
2.612160671954610967e-04
2.636515963750911298e-04
1.340750644870328870e+03
2.754061158132361470e+03
3.344353348554417607e+03
3.441104733635821049e+03
3.780086684607586903e+03
9.725230828782008757e+03
1.455911036954991571e-05
2.750417679665866566e-05
2.921328002674324480e-05
3.463124732250411173e-05
4.864268598831472245e-05
8.492783817284538825e-05
1.080216803391339226e+03
1.605678093946929039e+03
1.749781751620095747e+03
2.827543686072506716e+03
3.408940170733499144e+03
3.477259594246380402e+03
7.185469991180152209e-06
1.514792630192179955e-05
3.334814687002841379e-05
3.338274087177798226e-05
3.766904126705868707e-05
5.700677905488564821e-05
1.095119851291759005e+03
1.604228757302437771e+03
1.699845597341103485e+03
2.155551921443045103e+03
3.413825436699080456e+03
3.488722566802558958e+03
1.073704282440078146e-05
1.594360727467801603e-05
2.885929033446656762e-05
3.171334034574345629e-05
3.316346156987589477e-05
4.408520443174564972e-05
7.994128251042542388e+02
9.118893842268893195e+02
1.086171225453634179e+03
1.362704320146023065e+03
3.366826593490576670e+03
3.458817324832958548e+03
