9.271757934816571289e-01
1.307175211711240737e+00
1.001777859190335906e+00
4.700302265208650687e-01
5.017176170020775094e-01
1.099377558634265561e+00
4.534019905814318796e-01
5.409135745667242867e-01
3.299264983383393135e-01
3.514388026590885006e-01
2.682182923216531178e-01
6.168095288622605921e-01
1.588854076667473580e-01
2.898505307551902943e-01
4.254421400115355190e-01
3.062660939679024974e-01
4.607560065331669508e-01
1.963064820995173709e-01
1.854787955745510475e-01
1.737026075206029585e-01
1.335609621191142127e+00
1.112599775279884184e+00
1.251439793967388692e+00
2.456174035033811709e+00
1.377310534619792914e+00
8.902747261824880409e-01
1.864661594960143942e+00
1.116318948229559460e+00
2.149081163321252763e+00
1.137252221831090315e+00
9.660345597897220804e-01
6.565507720486668530e-01
3.040445628773360554e-01
3.507080398101293239e-01
3.972289341603778556e-01
5.446342989930632594e-01
3.711661417465080270e-01
5.506504358378104813e-01
3.473488050629216506e-01
3.825255657581058122e-01
5.454768834130598876e-01
3.938953694370050385e-01
3.288130328910721656e-01
3.609580590524429922e-01
2.773410804838870591e-01
3.195315546600662748e-01
2.102719304832218472e-01
4.221255506890013165e-01
1.999355081028760250e-01
3.964646772071749314e-01
