8.238369128627607285e-01
3.799380817192147264e-01
3.590118135555731005e-01
3.176721633877657713e-01
2.911735241306290800e-01
2.323187004059262817e-01
1.887053552425073111e-01
1.907984248604321642e-01
1.658223152331647909e-01
1.612816748842170467e-01
4.591551952256804348e-01
1.160719402926119331e-01
8.570478032412474911e-02
6.352319039586747096e-02
5.956445352346536465e-02
2.304838571687295098e-02
3.480498276249780615e-02
4.040717976044936807e-03
1.276717605330985467e-02
1.351705107986251458e-02
7.329801299850625673e-01
7.444879955695236085e-01
4.628369597684690029e-01
4.757678674328846835e-01
2.876253530084376675e-01
3.722828261530709004e-01
2.275250024219835909e-01
3.234533358470961240e-01
4.586362573023419209e-01
2.249373357924492056e-01
2.523490889585340846e-01
2.698612240262989737e-01
1.727796261053109461e-01
3.467315990278247440e-01
1.430359174250690757e-01
7.626536776010599261e-02
8.872253967014423481e-02
6.336842427021030510e-02
6.359683465484783360e-02
6.118313632379172862e-02
2.906095343030192790e-01
2.783863110054466405e-01
1.406222541615592125e-01
9.299172768126351407e-02
1.091035907551314577e-01
5.503656582972553390e-02
9.900639287466979355e-02
7.505835028245978757e-02
4.128472656021472953e-02
3.983157934396204525e-02
5.188568710957244257e-01
5.301632743112961732e-01
6.349340182325597937e-01
2.469388646137981314e-01
4.328547766517619189e-01
1.892494484282949696e-01
3.201474034555341075e-01
2.236938770760998063e-01
1.776659025261627944e-01
1.427173990232261658e-01
6.552133154670662651e-02
7.464087884497160041e-02
3.344847679076463215e-02
5.227452595266579571e-02
1.517211472339898178e-02
2.764528163408739789e-02
1.664521572281534023e-02
2.530293533514290163e-02
1.570144390279176738e-02
1.627017542256779456e-02
4.046271031114540701e-02
3.121208899700482486e-02
8.885935662140012278e-03
6.345319014500350012e-03
6.754094130877384000e-03
2.041420620287795126e-02
9.588294758683077110e-03
1.037573954386595762e-02
1.188817433556059282e-02
7.906057981709442226e-03
4.056181712202397427e-01
5.056903380554416128e-01
1.177638328856185801e+00
9.191659597858415909e-01
7.021401164867435707e-01
1.547570030953633047e-01
5.130997607906139235e-01
1.514046987331012506e-01
3.878281476123253135e-01
1.648973042908053743e-01
8.416713191371911762e-01
3.605079295061537348e-01
6.806519359482368081e-01
2.602062692111570263e-01
5.589635311538375673e-01
2.462893423856528097e-01
2.568393807381791349e-01
2.234866676699744370e-01
1.845770128796816179e-01
2.052147686700460383e-01
