8.495571494547260460e-01
7.871836521907424888e-01
8.574271936843405051e-01
6.818481722991427407e-01
5.092503170224200737e-01
5.356120384054888772e-01
4.878345538688809713e-01
3.881943384327616875e-01
4.821175881491436277e-01
4.044656314516112960e-01
2.655547973456238720e-01
1.951351627253952725e-01
1.494053934969807040e-01
1.669597605127738638e-01
6.328676188343473896e-02
6.693182262751097567e-02
5.322483992095620314e-02
7.235610016702612168e-02
7.713898079953003528e-02
7.623522020171083491e-02
1.046038893438590689e+00
1.237564215780164734e+00
5.471649085113141631e-01
1.012549173686517090e+00
8.773976912388277150e-01
7.478991135840007409e-01
8.328965957020004751e-01
6.646547369421247353e-01
7.262985618383334119e-01
6.560806877538486459e-01
4.609751610816275047e-01
3.627872284585155760e-01
3.219535080592114684e-01
1.946476726098874122e-01
2.346784003614717229e-01
2.103740420974285208e-01
1.134982034611497909e-01
1.180806303162759974e-01
1.080872310699952099e-01
1.211906522796769858e-01
3.267666338812317828e-01
3.642928755692330101e-01
3.641078364986546911e-01
2.467333889495610111e-01
2.076383797289664268e-01
1.518702132063045329e-01
1.594628175843312567e-01
1.472195260585670851e-01
1.588139678923589926e-01
1.535238627327353278e-01
1.187291474164250182e+00
1.059370426116555963e+00
9.960790083069448464e-01
6.266276892792215225e-01
9.053413671566576948e-01
7.041705358317750241e-01
5.708022629366708012e-01
6.199237234385652773e-01
5.778295133013828799e-01
5.266656001081522209e-01
1.350948479519723244e-01
4.864061543916483460e-02
4.590258354807012775e-02
4.542060884522190062e-02
3.146266856896755282e-02
2.970515483696284723e-02
2.808033940991410196e-02
2.752450468405362796e-02
3.045671262780339991e-02
2.805332779414903763e-02
2.570665870877919187e-02
2.491396533482395995e-02
1.132395889361673298e-02
7.439093563292344113e-03
7.614458337679298749e-03
7.864221853210468655e-03
7.847823067424319898e-03
6.884630936085417603e-03
7.247730669979677610e-03
8.287911876656449059e-03
7.795000740922827243e-01
1.568491019902079397e+00
1.279925953446267028e+00
8.707754744932880708e-01
1.109082426063896953e+00
1.387070508756545584e+00
1.003901886532779564e+00
8.308396260496432317e-01
9.430153233882569985e-01
9.014474714942942724e-01
7.389508693804072159e-01
6.271617426858498989e-01
5.370498022852708830e-01
5.261453564885312240e-01
6.470386886714099006e-01
4.839712306877446135e-01
5.869748678787946039e-01
4.178874365456133333e-01
4.163824319605365920e-01
4.083805775892315193e-01
