8.147473616127282048e-01
2.013901413546934194e+00
5.474474696891469261e-01
3.456018910967581514e-01
2.396262722561334491e-01
2.502839506084602594e-01
4.240139413946366065e-01
1.927392843331076355e-01
2.114847289034530731e-01
1.717085919516568304e-01
1.737523598341652598e-01
6.744630550234714805e-01
1.963842541410390219e-01
6.721898103528597956e-02
7.481409729473949277e-02
3.758988566727419767e-02
6.715330764734728231e-02
6.390112211260763619e-02
5.748820652770263162e-02
5.352324332861673611e-02
1.111715407198420991e+00
7.966946034819315514e-01
1.061797213984278843e+00
7.071349971918540200e-01
5.671557185915446775e-01
3.195655509575649478e-01
5.939439178375119921e-01
4.033524638713304467e-01
3.500418898527966616e-01
3.290216938096807708e-01
2.749286003764681019e-01
3.614667831919196606e-01
2.939704574208520937e-01
2.217581923390300747e-01
1.176213582479390812e-01
1.154753032430921311e-01
1.212676395841848082e-01
9.752903201190395166e-02
1.183455374162348805e-01
8.513534146135452729e-02
3.009257799601024463e-01
3.952819464355732393e-01
1.381555535997896211e-01
1.795492176049741373e-01
1.792696456641641178e-01
1.359753494471835633e-01
1.055849039430522829e-01
2.075294600695670733e-01
8.098263785541351401e-02
7.992722404839175399e-02
