4.184570673745202085e-01
7.462295533485320542e-02
6.513013173672960177e-01
1.120251693564508766e-01
1.344419377078521216e-01
4.803942176582740031e-01
8.852281896730683497e-02
7.383608095480593825e-01
1.690471432924327555e-01
1.929675616597701926e-01
5.309835708154733158e-01
9.015306119411674313e-02
7.289257135994765546e-01
1.791662421091837210e-01
2.083616478377484926e-01
7.241273254353826072e-01
1.383346086807298592e-01
9.480640156297269749e-01
2.716306449688608016e-01
2.936945690163973999e-01
7.670348620631053382e-01
2.398272688812930487e-01
1.032974154121806265e+00
3.607213019850245006e-01
3.660134265633614992e-01
7.494267244936867467e-01
1.767479589990810507e-01
1.047093339386632405e+00
3.468852295358282878e-01
3.544406357911927818e-01
