7.673916582449489265e-01
7.575667385495283845e-01
8.326054186712259497e-01
5.054485205108593115e-01
4.196745938652856611e-01
3.024247378648958762e-01
1.995015665517007319e-01
2.780587888391555795e-01
2.952835531094278321e-01
2.702291524386482569e-01
7.784662385284643604e-02
4.522905691131592215e-02
6.510898099412913698e-02
4.247529688461734731e-02
2.880123580638336428e-02
3.679389368900390367e-02
2.507436741341307132e-02
4.344710036371284695e-02
3.537148285516027862e-02
3.540049361108080217e-02
7.233239266620762609e-02
1.542941893249389490e-02
9.028907232879154754e-02
4.548037157164770694e-02
7.840943233279636104e-02
8.838832691989781387e-02
1.942106338849812139e-02
3.312862513254280494e-02
2.340620698323081852e-02
2.164860931219643805e-02
5.013812068374805531e-01
6.097399860833170315e-01
2.618892598446279085e-01
4.620670554546570385e-01
8.552096860087153585e-02
2.995959028379697742e-01
1.551115088792257291e-01
2.693655827502962619e-01
3.045076283320981014e-01
1.997488492934432758e-01
7.993015198451925984e-01
6.029655923892612845e-01
1.118781400898977152e+00
3.308576067669422027e-01
4.599364405552381907e-01
4.643472604440025964e-01
2.797970215323251630e-01
2.443035380148326496e-01
2.220551882981000313e-01
2.132112178620986787e-01
