4.184570673745202085e-01
7.462295533485320542e-02
6.513013173672960177e-01
1.120251693564508766e-01
1.344419377078521216e-01
5.198670346809132203e-01
1.169444895747997204e-01
7.516189663408496813e-01
1.810312337780526359e-01
1.842935089966970807e-01
5.346713506337006372e-01
8.867703797647588648e-02
7.538584958016159021e-01
1.923080705738450802e-01
2.178149241726562713e-01
5.874621824502608280e-01
1.446804126348382735e-01
8.838568475504607891e-01
2.829475402196852118e-01
2.875152427400346489e-01
7.161879045983499115e-01
1.606125588219645961e-01
9.771935677557631594e-01
3.462793803095295386e-01
2.962923005405960764e-01
8.795682495525638522e-01
3.078556446095643273e-01
1.185173251184617138e+00
4.545297122494382225e-01
4.627974225489867588e-01
