1.174487310182478206e+00
1.223659029219102079e+00
2.024054502995484839e+00
1.455652541323425808e+00
1.543218264102744319e+00
4.863432163007209152e-01
7.040168938279840471e-01
1.223641735118246476e+00
5.469530684593149061e-01
5.419975681201416595e-01
5.375520596117969174e-02
5.689455927586509199e-02
2.633605488825472782e-02
4.879668277630500040e-02
4.354702010455666072e-02
1.803073027670695216e-01
2.744165863204980904e-02
5.076156836776571368e-02
1.709990856020375538e-01
5.490790560765766021e-02
7.544725396694709763e-02
1.162785113558142819e-01
1.831806181353233878e-02
7.784217607759053026e-02
7.310576392421312686e-02
9.422787521451077286e-02
4.202878383382585570e-02
1.615387543137525653e-02
5.133524358618424266e-02
8.898543668889723202e-02
1.468587855535726794e+00
9.754358018792392837e-01
1.257630463737423376e+00
1.071140291417087109e+00
1.077453310245359619e+00
1.027863636109749734e+00
9.627661332395027749e-01
9.973089144276728879e-01
8.498589524672792717e-01
9.181053396353959783e-01
1.021760327501067378e+00
9.064265995206629567e-01
1.202460684283531922e+00
8.157221834088819179e-01
4.957291363287966712e-01
6.176353168504746805e-01
6.764689214382393345e-01
7.336638658188294748e-01
3.331413030697478184e-01
3.202934456326502199e-01
