1.700010977150214375e+14
4.670478614084964844e+13
2.569122083159531641e+13
1.659715231071388281e+13
7.126354195275045312e+13
1.619566458765576953e+13
2.123704255599677734e+13
1.867606823510876172e+13
1.635638801108248047e+13
5.832370420772264844e+13
2.225439032869921875e+13
1.691808354589028711e+13
4.887791068784654688e+13
2.662172917356491797e+13
1.901471377923323047e+13
8.872322792975568359e+12
8.481129080223832031e+12
1.203840388231217188e+13
2.016414925166168359e+13
2.685487528713132031e+13
2.904555576452982031e+13
2.807454848899248047e+13
2.685751211830117969e+13
2.370153400333488672e+13
8.052023567706265000e+14
3.146096578998408125e+14
2.325540277528187500e+14
1.724620130424576875e+14
4.166455539997302500e+14
3.432687317214685625e+14
3.415037304311875625e+14
3.559271658139690625e+14
1.621742096532210312e+14
2.800810642517712500e+13
2.948562507757551172e+13
2.323969005043015625e+13
1.647173213082806445e+13
5.432377341936600000e+13
3.806483550202540625e+13
8.998237205829343750e+12
6.699594205714840820e+12
1.758857314092385156e+13
5.791635941210287109e+12
7.671654444423016602e+12
8.522732094748249023e+12
8.716153376082467773e+12
1.104105174505567500e+14
1.128897450020485840e+12
9.829856585640380859e+12
1.615405356842636523e+13
1.975412179989146875e+13
1.792568488393000000e+13
1.004760617463435352e+13
3.014648419088847656e+13
2.997117004090668359e+13
2.330885346804972266e+13
8.473115486654387500e+14
5.201781918808035000e+14
2.378332802869211250e+14
1.926069322726104375e+14
1.700173898741632500e+14
3.723332410525556875e+14
3.389391326398337500e+14
3.353063654242855000e+14
3.583599368466200000e+14
1.097927417116357500e+14
1.349865516067450781e+13
1.310644849380409219e+14
1.018935904490011406e+14
1.833997333998980859e+13
1.893238087540751562e+13
1.713206926629521094e+13
1.691338397068823633e+13
4.439635212437596094e+13
1.070866572352230664e+13
1.674162275275890625e+13
1.584127967873218945e+13
1.042592157922230156e+14
6.645064270426439844e+13
6.553329227924654297e+12
8.151219022487433594e+12
7.841824303872810938e+13
3.720540551659935547e+12
1.342631708140525586e+13
1.770334170723407812e+13
1.008886569070338438e+14
7.430861858804318750e+13
1.915875252158355859e+13
2.318228833141386719e+13
7.904070837162623750e+14
4.229511522725590000e+14
1.906766985381651250e+14
1.846458810220125938e+14
9.112774181607545000e+14
4.127568252050976250e+14
3.391758315528531250e+14
1.376514286040114531e+14
2.241124128982645703e+13
1.768943599523110938e+13
1.679452347890837891e+13
9.070711381966710938e+13
7.232754774130456250e+13
2.882609904188116016e+13
1.758414566794882812e+13
4.915042593416072266e+12
1.519261727563314062e+13
1.623509227142814062e+13
9.032411269927154688e+13
1.586210245576012500e+13
8.512849621014851562e+12
8.840708976994873047e+12
1.997330932962866797e+13
1.957991607550006250e+13
1.948696866227369922e+13
5.740441384385641406e+13
1.036455279263226562e+13
2.994289895637672656e+13
2.633471411438510156e+13
2.430970819692041797e+13
7.633996417758683750e+14
1.943781748464659062e+14
1.917340269027863750e+14
1.514083548818123750e+14
1.673160574376543750e+14
4.898155980874801250e+14
4.143819438796670625e+14
3.438664404351643125e+14
3.418361153025518750e+14
1.595139478954803750e+14
2.463100788328401562e+13
1.980432823083075781e+13
2.307979564174082812e+13
1.612654849531846289e+13
9.760346690478921875e+13
4.136163415781517188e+13
1.093026985381290820e+13
1.687243899276828125e+13
1.590756753432423047e+13
9.020205271029234375e+13
3.384305829876853906e+13
1.707319566127587891e+12
7.531058049423954688e+13
9.496424239713558594e+12
1.928485303069627344e+13
1.821912267836787500e+13
9.990617684156100000e+13
3.038771981530439453e+13
2.633920229930769531e+13
2.336640503037964062e+13
7.526547848643538750e+14
3.285668998757207500e+14
1.712314121710044688e+14
1.702770030054496250e+14
8.859282384872137500e+14
5.652982831959260000e+14
4.312902900139698125e+14
4.171126729155381875e+14
3.950615947726500000e+14
3.412581957985803750e+14
3.387043430362620625e+14
