1.644478912801833438e+14
5.343157896117476562e+13
4.048386570397422656e+13
2.266547138199456250e+13
6.642098593169241406e+13
1.550503043589908203e+13
2.085702268328681250e+13
1.876636486458810156e+13
1.637125081721003711e+13
6.203872139387288281e+13
2.299364994612680469e+13
1.686895148846254102e+13
5.021616562215890625e+13
2.787912552611726562e+13
2.097768722809614453e+13
8.754253619265269531e+12
8.438408616583903320e+12
1.601010947053910352e+13
1.985219018013404297e+13
2.937008607313212109e+13
2.819169883247812891e+13
2.726725232056001172e+13
2.612679940698600000e+13
2.363358850896983984e+13
6.783189716843317500e+14
3.118506372513703125e+14
2.440391282388180312e+14
1.723521287526488750e+14
4.185689186933023750e+14
3.460647100836520000e+14
3.357885872049163750e+14
3.320246231626232500e+14
1.589165676023337188e+14
1.666130700160304688e+13
2.593799899905064453e+13
2.312991025301296094e+13
1.638684297109419531e+13
5.896037092944299219e+13
4.009044783085079688e+13
7.409014021774862305e+12
7.152543880176150391e+12
1.839996819875794141e+13
1.517901099662028320e+12
7.432503433720926758e+12
8.491812826070332031e+12
8.719643177697331055e+12
1.121735005094942812e+14
1.300003721361463867e+13
1.046513716647836328e+13
1.685266550794745703e+13
1.964292029315875391e+13
1.791785654961828516e+13
1.982982153216763672e+13
2.991583567433406641e+13
2.977434620728403125e+13
2.343464168476752734e+13
6.087748188303581250e+14
3.238467670590461250e+14
2.474810028804315000e+14
1.756325549398261562e+14
1.701163839387140938e+14
3.762306732288827500e+14
3.379765657798948125e+14
3.337940705421317500e+14
2.918190062886120000e+14
1.075241477052949531e+14
2.207033293742329297e+13
1.188455764224821719e+14
8.937060945625053125e+13
1.607537613875175195e+13
1.708837497146050977e+13
1.701414050974493555e+13
1.664814138429752930e+13
4.460483554123739844e+13
8.218011689362223633e+12
1.669279316948021680e+13
1.578147261475163281e+13
1.010163863696937500e+14
7.185367906005314062e+13
7.464717114873851562e+12
8.552359420233192383e+12
7.675741166716304688e+13
5.286777005683563477e+12
1.374966942630284180e+13
1.760751934566260938e+13
1.008981001526617344e+14
6.990851067628724219e+13
1.858069584151471094e+13
2.336554714999914453e+13
7.408907780955077500e+14
5.307736280283841250e+14
1.890196590799089062e+14
1.746047491462985000e+14
8.455972359114231250e+14
4.157858571099290000e+14
3.389992111237658125e+14
1.275296798887550625e+14
2.221953418897930078e+13
1.809237725913905469e+13
1.678109374372860938e+13
9.417346604848031250e+13
7.573460461844176562e+13
3.284542533327174219e+13
2.374422925967064062e+13
7.522155328850371094e+12
1.401482236569978906e+13
1.626090183147301953e+13
9.261671406518665625e+13
1.813373073541255859e+13
8.712414541217828125e+12
4.417919728812944336e+12
1.946093675523219141e+13
1.928406720440535547e+13
1.927811949189394141e+13
6.158654637027516406e+13
6.199564244676083984e+12
2.986976759574410938e+13
2.633408804560242578e+13
2.622970676807131250e+13
6.804244869967406250e+14
1.901469921570358125e+14
1.696375868969529688e+14
1.528765978064073438e+14
1.682310924331990000e+14
4.594545159848315000e+14
4.148562119599586875e+14
3.415263519003420000e+14
3.423006565752816250e+14
1.630824183757148125e+14
3.947585200130493652e+12
1.949358509700701953e+13
2.256785902403930469e+13
1.579713961397991797e+13
9.994862034387018750e+13
4.359235107153813281e+13
1.178000782563821094e+13
1.680171969992051367e+13
1.571331886836572070e+13
9.291497986953903125e+13
3.312348218127925781e+13
2.274124198186940918e+12
7.648661388514671875e+13
1.316402713669372070e+13
1.800421128511122266e+13
1.815202291843595703e+13
1.057642145875315000e+14
2.962671035274220312e+13
2.644476775297094922e+13
2.324936926245237109e+13
5.485470392470009375e+14
2.835294158825377500e+14
1.706099740637517500e+14
1.700840519472757812e+14
7.317228523457915000e+14
5.054574549563491875e+14
4.158812544142346875e+14
4.062780370990508750e+14
3.869481169465002500e+14
3.520597224983283125e+14
3.378204155633283750e+14
