1.511517409116769375e+14
1.144143311875921562e+14
2.050761433837866797e+13
2.188386003124814688e+14
1.629071631013295625e+14
4.841287617865896875e+13
2.069432645328201875e+14
8.760320751259195312e+13
2.065857832832016406e+13
2.168815393959692500e+14
5.224107069729546875e+13
2.032495368516165234e+13
9.225291770298596875e+13
6.293482627924999219e+13
6.508680997740050000e+13
1.071432751394546250e+14
1.484490004557754883e+13
2.305243315357513281e+13
2.293115574650985547e+13
1.883904607349366797e+13
1.089009343315548750e+14
5.359393397713998438e+13
2.211081504026532031e+13
2.141704731964349219e+13
1.739659204547660156e+13
6.919115504194532031e+13
7.033591948697129688e+13
1.101211492013338672e+13
2.098573100940142578e+13
1.640630987738015820e+13
1.051554143866221875e+14
2.305606841730972656e+13
2.178279377629414453e+13
2.095172571510700781e+13
1.729028201405656250e+13
5.396957983848651562e+13
2.127951631637236328e+13
1.967125397254850391e+13
1.878892516231764062e+13
1.893014409904359766e+13
1.002207607277511719e+14
1.588986446562332227e+13
8.649056033099609375e+12
1.302617104984181250e+13
1.657922060412031836e+13
9.821410170099543750e+13
5.432915440213439062e+13
7.079346167521999023e+12
1.689801044422124219e+13
1.593268734913301953e+13
6.918423865499236719e+13
6.923903777221350781e+13
2.631066910710049219e+13
1.653668290729509766e+13
1.471982014262621875e+13
1.011288172736456719e+14
1.511975700716619727e+13
1.563503921313345117e+13
1.591505876269510156e+13
1.613577783726312695e+13
5.194030912925105469e+13
4.876323047892383789e+12
1.145729379959976172e+13
1.436169328037515430e+13
1.659275842643804102e+13
9.203734113044843750e+13
1.694782653861836328e+13
7.256263224967996094e+12
5.797189149180945312e+12
8.743308720260870117e+12
8.957723966423681250e+13
4.399653095773417188e+13
1.130450510643942188e+13
7.381349047596262695e+12
8.719153327754676758e+12
5.869596802685618750e+13
5.869596898392697656e+13
2.159393530157767969e+13
7.169586977026518555e+12
8.401422129032677734e+12
8.766305097034751562e+13
4.143241855657559082e+12
7.057196303686443359e+12
8.138570600018861328e+12
8.722500295350868164e+12
4.195017723002323438e+13
9.250671301730212891e+12
5.989947830179188477e+12
4.577208353850084961e+12
8.661761038531281250e+12
1.025944109821408594e+14
3.844232473578424316e+12
1.749364312650878125e+13
1.855994248199369531e+13
1.926825977686766797e+13
1.043632396808582188e+14
5.429719979254754688e+13
1.486583668041872070e+13
2.018640519756333594e+13
1.849263980947745312e+13
7.072631397637543750e+13
7.139397444648260938e+13
2.123649102942417578e+13
2.022143139162452734e+13
1.772928878544578906e+13
1.066954134144705781e+14
1.984114742506444922e+13
1.991502139898409766e+13
1.861873121390958984e+13
1.840882592290586328e+13
5.490923588436015625e+13
1.744456925597686914e+13
1.730116206021219531e+13
1.816043990104645312e+13
1.929546752000917969e+13
8.543077935810159375e+13
2.615940243191125000e+13
2.977502255921101172e+13
2.988433224606640625e+13
2.622657993267708203e+13
8.755230029597512500e+13
3.226098274950522266e+13
2.898186041447527734e+13
2.892428687905189062e+13
2.430146607295009375e+13
4.297263154818396875e+13
4.311706854393720312e+13
2.041252214788248438e+13
2.908925239221950781e+13
2.331727725695032031e+13
8.223147725060226562e+13
3.030108703295862500e+13
2.912723930151637109e+13
2.758450661758330078e+13
2.440490788991899609e+13
3.325113153327863672e+13
2.919903513072943750e+13
2.915119404605814453e+13
2.911738702560210547e+13
2.653776621224007422e+13
5.250594026265931250e+14
2.224195885790516250e+14
1.983851526038353750e+14
2.024658965630242500e+14
5.767269977867987500e+14
3.257935823239668750e+14
2.193957497286806250e+14
1.744274425915272500e+14
5.686799775758990000e+14
5.463385110697196875e+14
2.830619764057117500e+14
1.701147443329946875e+14
5.533208633341993750e+14
2.020277848040050312e+14
1.728899003512363750e+14
1.717392884009753750e+14
2.473221450034521875e+14
2.042714149639350000e+14
2.101425014087455000e+14
1.234929645946550469e+14
8.385340238625807500e+14
4.186781089369523750e+14
3.695586778683531250e+14
3.597848189815852500e+14
8.054474896673330000e+14
5.515549140780688125e+14
3.947953028441988125e+14
3.535427945069850000e+14
7.620076123629022500e+14
8.120886137165695000e+14
4.316321294787382500e+14
3.354637105658088125e+14
9.355696685863935000e+14
3.536562945376052500e+14
3.289474482048670000e+14
3.387479379379680000e+14
4.358495783029394375e+14
3.742051367205693750e+14
3.697329099376920625e+14
3.743259568204797500e+14
