1.497401812682536562e+14
1.143589737668841875e+14
2.083577269954912891e+13
2.232971439527021250e+14
1.562797157007547812e+14
5.731823233502693750e+13
1.751188420432920312e+14
1.069616608698378750e+14
2.003344877401135938e+13
2.177051616156304062e+14
6.516666541643492188e+13
1.863433921616293750e+13
1.122027843530882344e+14
6.900141627307164062e+13
5.310411103497471094e+13
1.094159370727895000e+14
1.512964415066640625e+13
2.221991139435930859e+13
2.246351511562993750e+13
1.872475475806364453e+13
1.033482980801453125e+14
4.914241133482607031e+13
2.224225689057747266e+13
2.026146786008007031e+13
1.749025884606796875e+13
6.764251543017496094e+13
6.819668262576057031e+13
1.459921487203426172e+13
2.103227930670336719e+13
1.644589752545529492e+13
1.070535538781039531e+14
2.255891097251051562e+13
1.975992318161122266e+13
1.954370117314219141e+13
1.745791188734039062e+13
4.673210896747000000e+13
1.705182235730656250e+13
1.408920201155258984e+13
9.068054757572013672e+12
1.811149949407320312e+13
9.627918299170221875e+13
1.278889179342724023e+13
3.598161452840189453e+12
9.581766269037156250e+12
1.652275382855357422e+13
9.686062133818245312e+13
5.518643734715740625e+13
6.667025353652625977e+12
1.672784373964092188e+13
1.592153141214806445e+13
6.930216798658096875e+13
6.932950754751385938e+13
2.692813567720457812e+13
1.641406382664357812e+13
1.493976651322541992e+13
1.004930441154516719e+14
1.334316534746800586e+13
1.597954573821810352e+13
1.614666328530553320e+13
1.604800885919911133e+13
5.126916620302517969e+13
5.207521314988474609e+12
6.199588153579654297e+12
1.278064354827317383e+13
1.655046090522710352e+13
9.545679908703250000e+13
1.635547531667140625e+13
5.572409676547139648e+12
1.958403895650835449e+12
8.464766823475454102e+12
9.038081739238110938e+13
4.464399298610920312e+13
1.091474614398274023e+13
7.899542163429780273e+12
8.751368040910331055e+12
5.880543599258066406e+13
5.880543518795574219e+13
2.075433997566431250e+13
7.412880687688868164e+12
8.323458732074480469e+12
9.498414296533812500e+13
4.209804471865609863e+12
6.923415949149562500e+12
8.122335526977312500e+12
8.759634711130927734e+12
4.528022837463786719e+13
8.080988719427501953e+12
5.969646815384035156e+12
2.064880988364202637e+12
8.678274452796982422e+12
1.082540790948124219e+14
7.009691086107363281e+12
5.600401910271633789e+12
1.047653005844763672e+13
1.921236381630558984e+13
1.065236798346336406e+14
5.053978748384646875e+13
1.466524794165145312e+13
1.999706113121021094e+13
1.839703541048335156e+13
7.027130019547338281e+13
7.019020462194427344e+13
2.199340554706109375e+13
2.001584315267392969e+13
1.626723833915733789e+13
1.057598659581415156e+14
1.695613505644746680e+13
1.931086173635314062e+13
1.895070560764707031e+13
1.816415145853016797e+13
5.031935606467156250e+13
1.036542562874411914e+13
6.031334911846931641e+12
1.617128970103986914e+13
1.930725766294000391e+13
9.398035497958203125e+13
2.651852986445518359e+13
3.054390950898380469e+13
3.032501993533233203e+13
2.619471248507702734e+13
9.852125938155282812e+13
3.778155661854828906e+13
3.028079168982183594e+13
2.888034050915546484e+13
2.445080858953650000e+13
4.071366621821985156e+13
4.265885656227544531e+13
2.119391440459991406e+13
2.905073826221669531e+13
2.321855063850734375e+13
9.372297076384826562e+13
3.045040733387789062e+13
2.904670973500319141e+13
2.765804411930932422e+13
2.469301318920782031e+13
3.976313449523794531e+13
2.965124096471460547e+13
2.907806180282660938e+13
2.911369042678517578e+13
2.651084050431657031e+13
6.768471286477188750e+14
1.983125615310338125e+14
1.923827716385000625e+14
1.877581261008580938e+14
6.628900019489920000e+14
3.076469940383354375e+14
2.182044806357433125e+14
1.738269881806508438e+14
4.685162819596787500e+14
4.721187285386377500e+14
2.697113109351359375e+14
1.705344409432357500e+14
6.719990146332015000e+14
1.791730982488771875e+14
1.618744777200722500e+14
1.704854756369296250e+14
3.054421656040020000e+14
1.968259814288313750e+14
1.983652256944505000e+14
1.493076788061883125e+14
7.261504705734625000e+14
4.198541930997966250e+14
3.729075798831045000e+14
3.536861702066466875e+14
7.070590433674550000e+14
5.354827627037737500e+14
3.906415329726461250e+14
3.405879525218186250e+14
7.008233468138356250e+14
6.672330848934936250e+14
4.246281968946134375e+14
3.353826099563080000e+14
7.174625270616420000e+14
3.491894969252893750e+14
3.407313163973022500e+14
3.385429466660837500e+14
4.076456967856215625e+14
3.758132249081765625e+14
3.549047150475878750e+14
3.533894603777401250e+14
