-1.181037251055107410e-04
-8.639622338386278972e-05
3.837087280542929475e-03
-6.298007236549502545e-06
2.892861792319798993e-05
2.719982191944008776e-04
2.204244439909077555e-05
-2.011030960089918356e-05
1.910007943785306143e-05
2.449804985507878679e-05
2.922547040390164821e-05
2.404150235360204171e-04
2.407358326907957694e-04
-2.102267935528913563e-05
2.611108394220146441e-08
2.757018566177569748e-04
1.326911667748314672e-06
-5.011247819000371568e-04
2.555318001594564107e-04
1.229203748301670694e-02
-4.257513554615602516e-06
1.008721516993312846e-04
3.387391203847821367e-05
5.001723174260679962e-05
5.719009135219960143e-05
7.297954053577052893e-05
2.272201377936758392e-04
2.358221806453840474e-04
3.414370770162003196e-05
8.465195538327158578e-05
2.692592049614342636e-04
3.978201109730724970e-05
5.056964834679757821e-05
9.120943018689587158e-05
1.679077339713219155e-04
2.202446181455805399e-04
2.271593297677392909e-04
1.097418492758306017e-04
-8.814687650100002144e-07
-7.351476061784896437e-06
-4.976353132923438854e-06
-1.783194625521953831e-05
3.419021732071124919e-04
-6.170979312724597933e-06
-7.654028638362622029e-07
2.982865604557257571e-05
2.982865607163679933e-05
1.383580634159600569e-04
-6.257594523198259663e-06
-4.647641319930479926e-06
-1.762285856708360302e-06
-9.589571209327380809e-05
1.709345710151071601e-05
2.441026223139055413e-04
2.584397402277146378e-04
3.933392959965801476e-04
1.396459442286889690e-03
-1.263900757615845783e-05
2.312258721672626354e-05
2.808084910123144991e-07
1.590320588830053896e-05
3.619110628863364900e-05
2.370674063485048242e-04
2.600675641359472142e-04
3.545855762246963565e-04
3.623521701445846086e-05
-1.070370147317263659e-05
1.242322312113717814e-03
2.191277407526164144e-06
2.626442588375622046e-05
6.288127803142567823e-05
9.413348606065891360e-05
-2.685260382892627045e-06
-3.430712784241927149e-07
1.718063128037087746e-06
-1.924069411124645503e-05
-2.057040549087410817e-05
-5.334116454307975320e-06
-1.843681881597268815e-05
1.671357328746767964e-05
7.791096531538901896e-06
1.289661606748928767e-04
2.622801780489423325e-04
-2.657746660976672377e-04
-1.633912105745203669e-04
3.501268466944000915e-03
1.305176379359871039e-06
-2.618369820554663851e-05
1.148034732369919843e-05
2.824263337962251534e-04
1.629301872464464910e-05
5.188293765539177558e-05
5.701745013536793085e-05
7.365440710237996082e-05
2.111737623177509899e-04
2.159531638020988217e-04
-8.706243945108998981e-06
2.997376960340172403e-05
2.679082591949653739e-04
-9.180716244074911690e-07
-2.280025030438441763e-06
5.904988174995768424e-06
2.309264797475163962e-05
3.383888016915510621e-05
-2.865192102931343693e-06
3.238235998345672225e-05
4.131495988130283085e-05
5.841937351916251032e-05
2.156922756575195641e-04
2.217403275507755938e-04
1.551934497264450047e-05
3.696898484062983303e-05
5.041220630218687929e-05
7.112124153705447563e-05
2.096070314409346276e-04
2.151564560011815419e-04
8.358191279036367800e-05
-7.657730026251719727e-04
-6.516007105392186173e-04
-4.282454230610014908e-04
-1.240839325592368479e-04
6.782243445506278869e-05
7.769955407351799258e-03
-1.710797840264469344e-05
-1.711553515166293728e-04
-3.751961771927364579e-08
1.175007707716998117e-04
7.294085457456500263e-04
1.604129846088661951e-04
8.504769899923196084e-06
-1.710309286376481129e-06
-6.830868457391139839e-06
8.163891224961452933e-06
2.616760470805409833e-04
3.974819290768256573e-04
6.569712336972491054e-06
-4.887337999023523033e-06
-1.450659240447952624e-06
-5.221695014826581586e-06
1.341725192300873676e-04
4.079652247724201501e-06
5.464031400615581289e-05
2.597523084534394695e-04
-7.210666501895782850e-06
-1.437103556018524225e-05
2.642059478354001078e-05
3.507782876060329240e-05
4.271492012614426102e-05
2.288166835945084862e-04
2.323333869341809982e-04
-1.303525673463602255e-06
3.150127830669999408e-05
-1.328780106787795539e-05
2.574590322600490253e-05
-1.368468800226963758e-03
-8.160612406514894911e-04
-4.821569455877851252e-04
-1.599323480283001888e-04
-1.166355298124546747e-04
7.593172634656749492e-03
1.054411945466268304e-05
4.944880100817600350e-06
-8.954622116511952944e-05
7.929146911640437003e-05
6.713212077682956290e-04
1.414388975846930373e-04
-5.882462504468189354e-06
-2.217229226593769224e-05
-1.119407254774855155e-05
-4.846215617513217769e-06
2.411449391457789400e-05
-4.889997015397860327e-06
-5.053962234491175379e-07
2.982865605920383289e-05
5.643603141159065414e-05
1.117517973690723346e-04
3.803221272722262817e-05
-3.284316238725512389e-06
-3.408134666237622597e-06
-1.628311465983281966e-05
-1.711553515166295354e-04
-3.751961771929243934e-08
1.175007707716999202e-04
7.294085457456502431e-04
1.607031189726366700e-04
8.232328437542777515e-06
5.894867915563094311e-05
-2.706797078997336928e-04
3.077964662868320003e-05
2.021986544047785802e-04
2.271643902757084746e-04
5.852240338252820591e-04
9.789914045856341115e-04
-2.614895283082419107e-05
1.652784624939505862e-05
2.748296635829448127e-04
-2.204872478041744919e-06
9.165180859416121261e-05
4.187632693783558324e-04
2.087328944408952031e-05
-4.405212119800671998e-05
2.760485346307739885e-04
5.074584110629517088e-04
3.318528000083586907e-06
3.021057071964168192e-05
3.095912503278110627e-04
-2.557848778835997136e-05
7.998783005040932493e-07
2.828748208993486757e-04
-4.119928959589496320e-05
-9.709126866222098578e-06
-4.309451765087807918e-06
1.631472366175502485e-05
-4.592427892797691516e-04
-1.554572393092770516e-04
2.578948708212966314e-03
8.544605319911418142e-04
1.695475783272587576e-04
2.434854102917400807e-04
-4.615228184718651156e-04
5.082397874587939830e-05
1.253202435229508276e-04
2.473172978448542393e-04
5.168294744753248147e-04
2.437931783498161701e-03
6.361185237514203944e-06
1.483548687782396526e-04
2.667868084082331806e-04
1.689026378397288323e-04
6.648789269181363344e-05
-1.462749258252484164e-06
2.838860097520834577e-05
2.961653996730508341e-05
1.211705471882090573e-04
-1.459650452391471758e-06
2.836529807411611691e-05
2.963983789112594350e-05
1.211708476955262076e-04
-1.265028781999590004e-06
-5.836034010346645721e-06
1.324538345647854437e-05
-2.123489457220358942e-05
1.941173191432599878e-05
2.556609758376880619e-05
3.053268450325100818e-05
2.370383701207097861e-04
2.394425450693270241e-04
-5.376687860162400064e-06
-1.031673856886125885e-05
-2.001529123729881449e-05
2.372291692268799540e-05
2.707855661511864484e-05
4.687008101951924924e-05
2.303143827294489542e-04
2.354048617663145968e-04
6.360379201998665776e-06
4.686083559815295560e-05
5.172973405570360906e-06
1.810567242024927972e-05
1.406620011178960007e-05
-1.809292239605156350e-05
-5.628157445392739812e-06
2.849460928024083147e-05
3.573659424620163520e-05
5.310244731313602248e-05
2.288505582241746005e-04
2.360659119753470302e-04
-5.203540085698031233e-06
3.979096127623971667e-05
4.212371028769379042e-04
-9.371879048745143588e-06
-1.558264178396056432e-05
-2.155222535956854404e-05
1.162602413631212703e-05
3.672460138155913037e-05
2.671196609485787608e-05
5.104302109874732780e-05
5.667871289767603357e-05
6.121678996142605766e-05
2.274910500351464576e-04
2.364308241629739624e-04
9.660403353037540144e-05
-4.707307576579036141e-06
7.214842877354675927e-06
2.305855117729168529e-04
3.449296234430423530e-05
4.250213059603858876e-05
2.686389814341946271e-04
-2.185172850685993432e-05
1.890145565717567101e-05
2.372748270042848153e-04
2.555388346935056980e-04
4.641376662996853932e-04
5.476763608024859571e-04
2.152243507154472416e-05
2.652662918569737602e-04
3.812900339693333176e-04
-4.753139370059597822e-06
3.883856839059599290e-05
4.330369588440440488e-06
-2.788242150894046736e-04
2.572363089765216564e-05
2.024846988533696049e-04
2.524838051754259684e-04
4.441566289875227861e-04
1.132572462990252132e-03
-1.852700117834482337e-05
-1.181124086813243033e-06
1.084126631173384751e-03
-1.229104853493731842e-06
4.287571463493768461e-05
-1.711553515474722141e-04
-1.711553514988603834e-04
-5.634950139743338583e-08
1.018064641706195291e-03
3.104924018658873686e-07
-9.191764704917690422e-06
3.932302327527919486e-05
-1.108531551208207742e-06
1.778797350697925599e-04
1.341016601799706284e-07
-1.260472099092229257e-05
8.800456557367940821e-05
-5.471915252936150899e-06
3.781155499319119599e-05
3.035674743078579387e-04
1.156961942426814292e-03
3.180578428858496119e-05
8.210239941436825938e-05
2.607704422687619900e-04
-9.627679728836784168e-06
8.003759862745615164e-07
-6.197926916278391992e-06
3.377666143357739071e-04
2.344471682534374007e-05
-1.271608870727584211e-05
-1.089124360461569152e-05
2.536621980047781399e-05
3.087265358789756050e-05
5.363074339123381757e-05
2.275903423136470000e-04
2.366379180904527738e-04
-6.426569227998250228e-06
2.597963349844877035e-05
3.628513999906493527e-05
5.849753270324283753e-05
2.267433106131462139e-04
2.330063602332921010e-04
-1.343648656460335765e-06
-1.020924526699252197e-05
3.191535246610122253e-05
2.710164447603921525e-04
4.122170240929681065e-06
3.749369211399022591e-05
2.589371713923274048e-04
-1.060883545143468114e-04
2.999551853998849759e-04
3.562109494886965978e-03
-6.316972693352755957e-06
2.091321641821225984e-04
3.630924495810828917e-04
-1.028594407941679694e-06
-5.576505743142545554e-06
1.484652145680475158e-05
-5.053962234504578616e-07
2.982865605920390404e-05
5.643603141159068802e-05
1.117517973690723481e-04
-1.711553515331820500e-04
-1.711553515131516859e-04
-5.634950904979584670e-08
1.018064641706196375e-03
4.478929328035630977e-04
-5.606108144472604040e-06
6.106431633368619813e-05
-6.353970023177058536e-06
-2.197167880057714290e-04
-1.565677795099995248e-04
2.138386490584948249e-04
2.392407296041803959e-04
4.946981689526547222e-04
2.802356035118060140e-03
2.700175982047990642e-04
-1.197421500208290891e-05
1.001137851542011275e-05
-1.665021176327367958e-06
-1.421927786570897677e-05
2.777602995747830071e-05
3.153459469460975686e-04
6.719434220872188418e-04
6.717674437549712936e-06
4.147030811514014660e-05
2.558510729140359478e-04
-4.975585256783088038e-06
1.260404327729001180e-03
8.804378591694428662e-05
-9.199832694420560122e-06
-1.795393118415891418e-05
-3.272820086672207512e-05
-5.484379641610225941e-06
2.411449385813349203e-05
2.411449397154726666e-05
-1.742801530858274330e-05
3.807238160599235245e-06
1.345974937290169522e-04
-5.014655498413243406e-06
2.246163752659250905e-05
3.650500113071129165e-05
7.955086792403230861e-05
2.666872536144625910e-04
3.072773643605663960e-05
5.024118779043237151e-06
-5.360279101886077408e-06
4.237172919805777761e-06
2.922611769426990580e-05
2.861912436209796025e-04
-4.720033883307720192e-06
-3.831254829954025185e-04
2.760019941202613734e-05
1.602878970581345943e-04
2.669864499426113078e-04
6.176003197259937773e-04
2.606723412450429739e-03
-1.418213566403302281e-03
-8.824894416848611846e-04
-6.824564920953914669e-04
-1.931011907042934957e-04
-1.516688394672886363e-04
7.584442923100341225e-03
-5.232077326565493143e-06
-8.471004675609874941e-07
3.943255096854490820e-05
-3.272820086669751117e-05
-5.484379641568087746e-06
2.411449380295056945e-05
2.411449402671225924e-05
-4.119928959589486833e-05
-9.709126866207946351e-06
-4.309451765087794365e-06
1.631472366175346970e-05
-1.028117418242567182e-05
2.605078099905475803e-05
3.009315361162709205e-05
5.308478314524905109e-05
2.254959765228255826e-04
2.339800882138993532e-04
-6.071127271967004704e-06
-1.302407646748526330e-05
-1.465098428851478233e-05
-2.474689333129602648e-04
1.871268533332946750e-05
3.398803827505019522e-03
-1.711553515336963955e-04
-1.711553515126373675e-04
-5.634951208328647491e-08
1.018064641706196158e-03
-7.987854796678115231e-06
-5.824104031760738684e-07
3.383888013498637988e-05
3.383888020369173622e-05
-1.625562452719598858e-06
-6.215879664249556225e-06
-1.063062597020101775e-06
9.620278258668962291e-05
-6.182187277031631791e-06
-2.501940641464826850e-05
2.243198063893199880e-05
2.733515066018671379e-04
9.469457054535606878e-06
2.857235034480042887e-05
3.997683818567577196e-05
4.789464701976477764e-05
9.533936598371816088e-05
1.795811026423127814e-04
2.269285687513314788e-04
2.327795543145998517e-04
6.358293279403457506e-04
1.108898131278636542e-04
-7.486146053360959145e-06
-4.979847568283963480e-06
1.687646721231768159e-04
-5.278733784934325313e-06
-5.563968687186908858e-06
3.514258860034965665e-05
7.782052342498836715e-05
2.712314837333095179e-04
-5.093384421902748592e-06
-6.444236224106678049e-06
2.660485222337953431e-05
3.288409987329348573e-05
5.674041286061851807e-05
2.223409391817616739e-04
2.290961291802093118e-04
-1.205680428061952560e-05
-1.021096632446394405e-05
9.197721408487574777e-04
-7.654028637896868257e-07
2.982865604970918986e-05
2.982865606749994801e-05
1.383580634159603008e-04
-7.987854796687036182e-06
-5.824104031009225642e-07
3.383888015226100697e-05
3.383888018641721077e-05
-2.073616988709735661e-05
-1.237872684586945945e-05
2.477216325130336778e-05
3.180035737965206306e-05
4.574093322825875511e-05
2.352089173165874513e-04
2.436181328034870634e-04
-1.193965616860613978e-06
-1.663400965991763405e-04
1.300948888486815926e-05
1.948240370721794363e-04
2.339926714560526836e-04
5.772808891759179020e-04
2.933164348721587454e-03
2.484145630198103427e-05
-6.154202525136367260e-06
1.164191957125811320e-05
1.397179479086418832e-04
-5.762573251829949303e-06
9.931880837481398710e-05
-4.026127156826488290e-06
2.700500029880166584e-04
1.873589834512344730e-06
5.743478863424285650e-05
8.157210614604962977e-05
-1.098592910288843850e-05
8.159315805280634647e-05
6.726404058830073431e-07
1.852514683994309689e-04
8.487397202066241424e-06
-1.329348045423042801e-05
4.285727121941949511e-05
3.912576869637042764e-05
-1.023221732013018662e-05
-1.431343228879826700e-05
2.367317410239151970e-04
-2.507782539691535045e-05
1.177106638423401982e-05
2.843327151619136177e-04
5.369728701460276953e-05
-1.736604629173687858e-05
-7.907159587544030114e-06
2.099669069798769600e-04
2.591698731070439239e-04
4.487042964822323928e-04
5.277007937456121853e-04
4.331691199548211405e-05
4.743931216457130301e-05
5.958127847384060320e-05
1.303926958184259703e-04
2.375187595859307057e-04
2.423524222926014271e-04
-5.049929178205118656e-06
-6.529679674774274608e-06
-7.318884663933076548e-06
2.767722527849322676e-05
3.243705634822872377e-05
5.219824070318906728e-05
2.271240035835266394e-04
2.345077299615737809e-04
-4.662754336947098044e-06
-5.913337716598815034e-07
3.780584737176073955e-05
7.527992680262671828e-05
2.709137165710476833e-04
-5.636208544480205849e-05
-7.758009619969303362e-06
1.631472358576714350e-05
1.631472373855910376e-05
1.055679831981733833e-05
3.065091355110653433e-05
-2.217229226593547979e-05
-1.119407254776132989e-05
-4.846215617513187276e-06
2.411449391458040121e-05
-5.362866142132828497e-04
-2.550622410227809081e-04
1.266202966509118351e-02
-3.463932074682362624e-06
2.740422232080661825e-05
4.857857123550244401e-05
5.323315588808080837e-05
6.025553587606600618e-05
2.258694338795498981e-04
2.349707802044731118e-04
-5.053962234488634280e-07
2.982865605920384983e-05
5.643603141159069479e-05
1.117517973690723346e-04
-1.388186732323523478e-05
5.391591446707700968e-06
2.043511920562235610e-05
8.101916362486467693e-07
-7.132417380943500302e-06
-7.637877911664219717e-06
-2.662167374687940809e-06
1.529837109744089633e-07
-9.572033101516891384e-05
3.016229355641221108e-05
1.538009185685599830e-03
-1.308687011376580325e-06
9.789457915509765550e-07
-7.476186700986105724e-06
-6.209055740672697836e-06
1.755294345965741477e-05
-2.176862498772580681e-05
1.183199175262848586e-05
2.768177205735190957e-04
-2.880729707615609236e-06
2.253532472257732417e-04
-1.804678333213679566e-05
1.521769881575276543e-05
2.687176339589951316e-04
4.260084625601598981e-04
1.151791162539450965e-03
-6.729972832963559125e-07
-7.980344906810599213e-06
-8.232748703794757599e-06
2.952665480338565176e-05
3.773483133909172544e-05
5.847785070189627206e-05
2.258415525133170075e-04
2.305679346944064447e-04
8.213899447048927970e-05
-1.689869731932632177e-05
-4.900637928716655600e-06
-1.688892770206952033e-05
2.590178038808897015e-05
2.043909036776848606e-04
-1.858716593194301096e-05
-2.371063195710660645e-04
-1.109964420184095647e-04
3.748036861456250680e-03
1.680760399217024674e-04
2.907150862187394411e-05
3.089477273771719032e-05
3.531941313157363135e-04
-3.272820086670899016e-05
-5.484379641611130573e-06
2.411449380336242398e-05
2.411449402631391320e-05
-4.119928959589497675e-05
-9.709126866218090418e-06
-4.309451765087797754e-06
1.631472366175325286e-05
6.228294353730859812e-05
7.919771941054483632e-07
-2.480106117555849700e-05
2.261891239391973710e-05
2.738172676226701026e-04
-1.269741967707530365e-05
-1.322788859021187293e-05
3.412828947085231332e-05
5.252140307560658423e-05
7.131032086155224595e-05
7.701431066670016089e-05
2.164407985376680182e-04
2.227391271362363088e-04
-1.682005502318604159e-05
9.584863500983361023e-05
-7.654028639310758946e-07
2.982865604871967581e-05
2.982865606848963825e-05
1.383580634159600840e-04
-2.367194664102546985e-05
1.805382310406591166e-05
2.814676007226129097e-04
-5.745416192040957805e-06
-6.084526832776742625e-06
-2.377288462913146533e-05
2.414372426991552193e-05
2.805020802538503509e-04
-2.093361906292174178e-05
1.833221307873913176e-05
2.498263246839338829e-05
3.380922610011562765e-05
2.367552347586371504e-04
2.397269762493080931e-04
-1.653497999977453884e-05
1.560498623469490533e-05
2.063063200300089493e-05
3.045232126724004403e-05
2.364939145769455085e-04
2.431782981617603724e-04
1.879061326072260758e-05
4.931068784557003307e-05
5.461702143484461753e-05
6.992613567759039985e-05
2.191191160679309966e-04
2.225840166424398494e-04
-4.637602918581884602e-06
-1.220796521680247083e-06
1.590871906563860814e-04
8.934182755311121304e-05
-5.552774332461741452e-06
