-6.970981639338906044e-04
-4.448580338181470830e-04
5.348804473180644812e-05
2.622733011462915391e-04
2.658715225673896317e-04
4.213184285472289063e-03
-1.940314727039994238e-03
-1.302187017014316828e-03
5.185947657948748214e-05
2.701128106251561166e-04
2.722421759105862413e-04
8.516217376066191613e-03
-9.249015828612498113e-06
4.837970847915398364e-07
5.866080496779020966e-05
-3.272820086772458944e-05
-5.484379641416319771e-06
2.411449391432998101e-05
2.411449391647205618e-05
-5.636208544633334499e-05
-7.758009620160997082e-06
1.631472366141183421e-05
1.631472366412570066e-05
-1.679959012786036559e-05
2.447300053898595755e-05
3.107179777083647355e-05
4.407228923004936926e-05
2.401590139186385016e-04
2.464579254358478561e-04
-6.450034277830532544e-06
-1.231620858303105586e-05
-1.403124822660680238e-05
-7.227689415395513375e-04
2.918859442647679138e-04
5.159149639232725806e-03
-1.711553515589379773e-04
-1.711553515118466589e-04
-5.629458555209032337e-08
1.018064641730282360e-03
-7.987854797158804734e-06
-5.824104012258042243e-07
3.383888016897893013e-05
3.383888017053228014e-05
-1.860202408193621615e-06
-1.173325637628759151e-05
-4.950542078869464536e-07
7.987860326605541984e-05
-6.788839846756239517e-06
-4.684652925052712054e-15
2.840324090013826282e-05
2.723638862545659585e-04
1.448371867449673623e-05
2.564723567325416661e-05
2.888615685470118834e-05
5.289227187700126001e-05
5.291794882433724996e-05
2.429249853297083081e-04
2.499700405353809537e-04
2.500030458917078041e-04
5.016450943084589361e-04
1.217132045289674979e-04
-8.133895022435300506e-06
-6.526460655436279782e-06
1.649039681810499970e-04
-9.752066828545422866e-06
-6.469563005981082071e-06
4.461844152439730998e-05
6.285222796727564542e-05
2.721152565951397953e-04
-9.655494648309342564e-06
-1.117742750480625397e-05
2.706896666785588851e-05
3.621600634982629784e-05
4.506351897542694240e-05
2.404707654414167184e-04
2.465471603668281165e-04
-1.567014042326753101e-05
-1.032842836501093472e-05
4.837970847915398364e-07
-8.700856437152936290e-06
-1.087672050177508271e-05
-2.159496347016779020e-05
-1.749569692465972718e-05
-1.231620858303105586e-05
1.048871872176529648e-05
5.229332110702312824e-05
1.285306010506508643e-04
2.726108137037955943e-04
-7.227689415395513375e-04
2.918859442647679138e-04
5.159149639232725806e-03
2.932935677503830489e-06
-3.106263078375751123e-15
1.822287743812877966e-05
2.725492077007772270e-04
-1.288421013421801775e-06
3.018076334501677323e-05
4.185202221580787960e-05
4.630153255458913488e-05
2.409498254876092985e-04
2.467724677082201094e-04
-8.716763206574362730e-06
3.538928437748065277e-05
2.717443018876134105e-04
-4.950542078869464536e-07
-7.987854797158804734e-06
-5.824104012258025302e-07
3.383888016897890303e-05
3.383888017053222593e-05
-1.679959012786036559e-05
2.447300053898595755e-05
3.107179777083647355e-05
4.407228923004936926e-05
2.401590139186385016e-04
2.464579254358478561e-04
-1.117742750480625397e-05
2.706896666785588851e-05
3.621600634982629784e-05
4.506351897542694240e-05
2.404707654414167184e-04
2.465471603668281165e-04
1.112264416050320242e-04
-1.940314727039994238e-03
-1.302187017014316828e-03
5.185947657948748214e-05
2.701128106251561166e-04
2.722421759105862413e-04
8.516217376066191613e-03
-1.403124822660680238e-05
-1.711553515589378147e-04
-1.711553515118465504e-04
-5.629458555214557903e-08
1.018064641730282577e-03
1.649039681810499970e-04
7.026780776180089517e-07
-1.527686125484238746e-06
-1.271828527115199106e-05
3.184386405300432336e-05
2.747771121934138765e-04
5.753199967706467332e-04
-6.430120773352712494e-06
-6.526460655436279782e-06
-3.603887095308898315e-06
-9.752066828545422866e-06
1.244070547598824907e-04
4.461844152439730998e-05
6.285222796727564542e-05
2.721152565951397953e-04
-6.992148125272886402e-06
-1.994845761840608950e-05
2.217500568032295221e-05
2.648704041522561867e-05
4.330918322168070820e-05
2.399488274903092120e-04
2.464290367384740742e-04
-1.872451430356418826e-06
2.564723567325416661e-05
-1.087672050177508271e-05
1.887293197489755964e-05
-1.940314727039994238e-03
-1.302187017014316828e-03
5.185947657948748214e-05
2.701128106251561166e-04
2.722421759105862413e-04
8.516217376066191613e-03
-1.683023317727900735e-06
5.154737567722679586e-06
-2.172539508188940389e-04
2.836342019054423455e-04
2.500143647738534061e-03
1.505908229732618917e-04
-5.929922691036841709e-06
-3.272820086772460299e-05
-5.484379641416316383e-06
2.411449391432999795e-05
2.411449391647204940e-05
-6.842291400481350874e-06
-7.654028290395364307e-07
2.982865605534245701e-05
2.982865605963929591e-05
1.383580634182338457e-04
5.866080496779020966e-05
-9.714914193360709054e-06
-6.469563005981082071e-06
-1.595919755670329701e-05
-1.711553515589378147e-04
-1.711553515118465504e-04
-5.629458555214557903e-08
1.018064641730282577e-03
1.649039681810499970e-04
-6.430120773352712494e-06
4.446755672293593967e-05
-2.212989000451786399e-04
-1.375127697231452555e-04
5.446115063607547793e-05
2.556663137320984479e-04
2.602405460239127317e-04
2.098414391138983450e-03
-1.614866285163902249e-15
2.463215140677650766e-05
2.723970039489423704e-04
-5.474460055574161602e-06
1.503131688723750501e-04
4.729468146777065021e-04
2.045598021226673164e-05
-3.241901895328249523e-05
2.778256935389153068e-04
1.203329107759711471e-03
3.932069954584590028e-06
4.082856372464289631e-05
2.717345422716210910e-04
-3.106263078375751123e-15
1.822287743812877966e-05
2.725492077007772270e-04
-5.636208544633334499e-05
-7.758009620160997082e-06
1.631472366141183421e-05
1.631472366412570066e-05
-7.227689415395513375e-04
2.918859442647679138e-04
5.159149639232725806e-03
1.018286001925626299e-03
3.965060564638511471e-04
2.503274475397535784e-04
-6.970981639338906044e-04
-4.448580338181470830e-04
5.348804473180644812e-05
2.622733011462915391e-04
2.658715225673896317e-04
4.213184285472289063e-03
5.060390819971768414e-05
2.732420803139334929e-04
2.735260745381856923e-04
3.965060564638511471e-04
5.409248810607998522e-05
-7.654028196673448271e-07
2.982865605534250784e-05
2.982865605963930269e-05
1.383580634451541519e-04
-7.654028290395364307e-07
2.982865605534245701e-05
2.982865605963929591e-05
1.383580634182338457e-04
-1.872451430356418826e-06
-5.929922691036841709e-06
-2.681617999489106306e-07
-5.276236602361346950e-14
2.220079769282115419e-05
2.247112444825371988e-05
4.361552919787634470e-05
2.403325302876846968e-04
2.464592897407501433e-04
-9.249015828612498113e-06
-1.032842836501093472e-05
-1.994845761840608950e-05
2.217500568032295221e-05
2.648704041522561867e-05
4.330918322168070820e-05
2.399488274903092120e-04
2.464290367384740742e-04
5.154737567722679586e-06
4.446755672293593967e-05
-8.700856437152936290e-06
3.044207868791566778e-05
7.680426846485953344e-06
-1.785775920674044569e-05
-1.117742750480625397e-05
2.706896666785588851e-05
3.621600634982629784e-05
4.506351897542694240e-05
2.404707654414167184e-04
2.465471603668281165e-04
-9.752066828545422866e-06
5.866080496779020966e-05
4.729468146777065021e-04
-9.233784817498818430e-06
-1.595919755670329701e-05
-2.177787099540980071e-05
7.026780776180089517e-07
1.887293197489755964e-05
9.500743888405192088e-06
3.416464770529475345e-05
4.777142025228306053e-05
4.787772034238453280e-05
2.415831178360995960e-04
2.471387809685198248e-04
7.987860326605541984e-05
-4.693701956805717595e-06
-6.430120773352712494e-06
2.503274475397535784e-04
2.185186756800250641e-05
4.726591013694309451e-05
2.718423820229042540e-04
-3.754649199686303909e-05
-2.496100436875531043e-05
5.478333997457839711e-05
2.508194315771700503e-04
2.555493438366252304e-04
1.040120399260121556e-03
3.184386405300432336e-05
2.747771121934138765e-04
5.753199967706467332e-04
-4.693701956805717595e-06
5.866080496779020966e-05
7.026780776180089517e-07
-2.212989000451786399e-04
-1.375127697231452555e-04
5.446115063607547793e-05
2.556663137320984479e-04
2.602405460239127317e-04
2.098414391138983450e-03
-1.976982173062791893e-05
4.837970847915398364e-07
1.018286001925626299e-03
-1.727735104659579751e-06
5.409248810607998522e-05
-1.711553515589379773e-04
-1.711553515118466589e-04
-5.629458555209032337e-08
1.018064641730282360e-03
1.564045063507150248e-06
-9.233784817498818430e-06
2.313997291925378385e-05
-1.240357721589827861e-06
2.141605177469668502e-04
-9.295750581636652189e-06
-1.567014042326753101e-05
1.217132045289674979e-04
-9.655494648309342564e-06
-2.172539508188940389e-04
2.836342019054423455e-04
2.500143647738534061e-03
4.461844152439730998e-05
6.285222796727564542e-05
2.721152565951397953e-04
-1.189703218559137548e-05
-3.473770043862161757e-07
-6.450034277830532544e-06
2.522443349456030925e-04
2.045598021226673164e-05
-1.231620858303105586e-05
-1.679959012786036559e-05
2.447300053898595755e-05
3.107179777083647355e-05
4.407228923004936926e-05
2.401590139186385016e-04
2.464579254358478561e-04
-1.117742750480625397e-05
2.706896666785588851e-05
3.621600634982629784e-05
4.506351897542694240e-05
2.404707654414167184e-04
2.465471603668281165e-04
-1.690346124126195800e-06
-8.716763206574362730e-06
3.538928437748065277e-05
2.717443018876134105e-04
2.185186756800250641e-05
4.726591013694309451e-05
2.718423820229042540e-04
-7.227689415395513375e-04
2.918859442647679138e-04
5.159149639232725806e-03
-6.082857456644860230e-06
2.503274475397535784e-04
4.227878041246141069e-04
-1.240357721589827861e-06
-6.469563005981082071e-06
3.044207868791566778e-05
-7.654028290395364307e-07
2.982865605534245701e-05
2.982865605963929591e-05
1.383580634182338457e-04
-1.711553515589379773e-04
-1.711553515118466589e-04
-5.629458555209032337e-08
1.018064641730282360e-03
4.729468146777065021e-04
-1.271828527115199106e-05
5.981183617228123697e-05
-6.788839846756239517e-06
-6.970981639338906044e-04
-4.448580338181470830e-04
5.348804473180644812e-05
2.622733011462915391e-04
2.658715225673896317e-04
4.213184285472289063e-03
3.514767944920510132e-04
-1.567014042326753101e-05
7.680426846485953344e-06
-1.527686125484238746e-06
-1.749569692465972718e-05
-3.241901895328249523e-05
2.778256935389153068e-04
1.203329107759711471e-03
2.185186756800250641e-05
4.726591013694309451e-05
2.718423820229042540e-04
-1.391324835464108780e-05
2.110210770946838871e-03
7.987860326605541984e-05
-9.233784817498818430e-06
-1.785775920674044569e-05
-3.272820086772458944e-05
-5.484379641416319771e-06
2.411449391432998101e-05
2.411449391647205618e-05
-1.976982173062791893e-05
-6.430120773352712494e-06
1.503131688723750501e-04
-7.966510376648439540e-06
2.045598021226673164e-05
4.461844152439730998e-05
6.285222796727564542e-05
2.721152565951397953e-04
5.866080496779020966e-05
-2.053118851573729050e-06
-9.752066828545422866e-06
3.932069954584590028e-06
4.082856372464289631e-05
2.717345422716210910e-04
-4.693701956805717595e-06
-7.227689415395513375e-04
2.918859442647679138e-04
5.159149639232725806e-03
-8.716763206574362730e-06
3.538928437748065277e-05
2.717443018876134105e-04
-2.681617999489106306e-07
-5.276236602361346950e-14
2.220079769282115419e-05
2.247112444825371988e-05
4.361552919787634470e-05
2.403325302876846968e-04
2.464592897407501433e-04
-1.614866285163902249e-15
2.463215140677650766e-05
2.723970039489423704e-04
2.932935677503830489e-06
-2.147738326228407733e-03
-1.198228129928047769e-14
1.066247594363020287e-02
-9.752066828545422866e-06
7.987860326605541984e-05
2.770710257474177178e-05
4.683754772795923271e-05
5.335870250332924410e-05
5.407706589268307840e-05
2.424776925869253134e-04
2.477279268439992765e-04
4.461844152439730998e-05
6.285222796727564542e-05
2.721152565951397953e-04
2.888615685470118834e-05
5.289227187700126001e-05
5.291794882433724996e-05
2.429249853297083081e-04
2.499700405353809537e-04
2.500030458917078041e-04
1.217132045289674979e-04
-4.950542078869464536e-07
-6.992148125272886402e-06
-9.655494648309342564e-06
-1.785775920674044569e-05
2.522443349456030925e-04
-8.662656368661522774e-06
-7.654028196673448271e-07
2.982865605534250784e-05
2.982865605963930269e-05
1.383580634451541519e-04
-6.450034277830532544e-06
-7.230012853194049484e-06
-1.527686125484238746e-06
-2.212989000451786399e-04
-1.375127697231452555e-04
5.446115063607547793e-05
2.556663137320984479e-04
2.602405460239127317e-04
2.098414391138983450e-03
-1.231620858303105586e-05
1.887293197489755964e-05
1.546335401621222336e-05
3.081126650289498170e-05
5.431437423083233980e-05
2.474938342547129428e-04
2.521448459045496845e-04
5.112873150828984919e-04
5.866080496779020966e-05
-1.326368212768892474e-05
2.110210770946838871e-03
-1.173325637628759151e-05
2.045598021226673164e-05
3.999003523324145626e-05
6.900673825105131101e-05
-9.714914193360709054e-06
1.018286001925626299e-03
-7.654028196673448271e-07
2.982865605534250784e-05
2.982865605963930269e-05
1.383580634451541519e-04
-7.987854797158804734e-06
-5.824104012258042243e-07
3.383888016897893013e-05
3.383888017053228014e-05
-2.094978966432528472e-05
-1.679959012786036559e-05
2.447300053898595755e-05
3.107179777083647355e-05
4.407228923004936926e-05
2.401590139186385016e-04
2.464579254358478561e-04
-1.727735104659579751e-06
-6.970981639338906044e-04
-4.448580338181470830e-04
5.348804473180644812e-05
2.622733011462915391e-04
2.658715225673896317e-04
4.213184285472289063e-03
5.409248810607998522e-05
-6.450034277830532544e-06
7.680426846485953344e-06
2.459113724054233638e-04
-5.929922691036841709e-06
4.446755672293593967e-05
-8.700856437152936290e-06
4.729468146777065021e-04
2.932935677503830489e-06
3.999003523324145626e-05
2.503274475397535784e-04
-1.326368212768892474e-05
1.244070547598824907e-04
-3.473770043862161757e-07
1.503131688723750501e-04
1.448371867449673623e-05
-1.087672050177508271e-05
5.981183617228123697e-05
1.217132045289674979e-04
-1.032842836501093472e-05
-1.403124822660680238e-05
4.927741660141659241e-04
-3.106263078375751123e-15
1.822287743812877966e-05
2.725492077007772270e-04
7.558401262392851390e-06
-3.754649199686303909e-05
-2.496100436875531043e-05
5.478333997457839711e-05
2.508194315771700503e-04
2.555493438366252304e-04
1.040120399260121556e-03
3.175848686691753965e-05
5.081240940236690071e-05
5.664105615142152718e-05
1.155584288511526492e-04
2.437133859479767594e-04
2.486129612198731713e-04
-7.966510376648439540e-06
-1.173325637628759151e-05
-1.679959012786036559e-05
2.447300053898595755e-05
3.107179777083647355e-05
4.407228923004936926e-05
2.401590139186385016e-04
2.464579254358478561e-04
-6.842291400481350874e-06
-5.474460055574161602e-06
4.461844152439730998e-05
6.285222796727564542e-05
2.721152565951397953e-04
-5.636208544633333143e-05
-7.758009620161010635e-06
1.631472366141182404e-05
1.631472366412569389e-05
-1.683023317727900735e-06
2.045598021226673164e-05
-3.272820086772460299e-05
-5.484379641416316383e-06
2.411449391432999795e-05
2.411449391647204940e-05
-2.147738326228407733e-03
-1.198228129928047769e-14
1.066247594363020287e-02
-9.714914193360709054e-06
9.500743888405192088e-06
3.416464770529475345e-05
4.777142025228306053e-05
4.787772034238453280e-05
2.415831178360995960e-04
2.471387809685198248e-04
-7.654028290395364307e-07
2.982865605534245701e-05
2.982865605963929591e-05
1.383580634182338457e-04
-1.087672050177508271e-05
5.154737567722679586e-06
1.048871872176529648e-05
-3.603887095308898315e-06
-1.189703218559137548e-05
-1.032842836501093472e-05
-1.749569692465972718e-05
4.837970847915398364e-07
-2.172539508188940389e-04
2.836342019054423455e-04
2.500143647738534061e-03
-1.690346124126195800e-06
2.932935677503830489e-06
-6.992148125272886402e-06
-6.082857456644860230e-06
7.680426846485953344e-06
-1.614866285163902249e-15
2.463215140677650766e-05
2.723970039489423704e-04
-6.469563005981082071e-06
2.503274475397535784e-04
-1.785775920674044569e-05
3.184386405300432336e-05
2.747771121934138765e-04
5.753199967706467332e-04
2.110210770946838871e-03
-4.950542078869464536e-07
-9.233784817498818430e-06
-1.117742750480625397e-05
2.706896666785588851e-05
3.621600634982629784e-05
4.506351897542694240e-05
2.404707654414167184e-04
2.465471603668281165e-04
1.217132045289674979e-04
-1.956905648260027602e-05
-7.966510376648439540e-06
-2.094978966432528472e-05
2.045598021226673164e-05
2.503274475397535784e-04
-2.159496347016779020e-05
-7.227689415395513375e-04
2.918859442647679138e-04
5.159149639232725806e-03
3.965060564638511471e-04
-2.053118851573729050e-06
2.564723567325416661e-05
4.227878041246141069e-04
-3.272820086772458944e-05
-5.484379641416319771e-06
2.411449391432998101e-05
2.411449391647205618e-05
-5.636208544633334499e-05
-7.758009620160997082e-06
1.631472366141183421e-05
1.631472366412570066e-05
7.558401262392851390e-06
-3.473770043862161757e-07
-4.684652925052712054e-15
2.840324090013826282e-05
2.723638862545659585e-04
-1.749569692465972718e-05
-1.567014042326753101e-05
9.500743888405192088e-06
3.416464770529475345e-05
4.777142025228306053e-05
4.787772034238453280e-05
2.415831178360995960e-04
2.471387809685198248e-04
-2.177787099540980071e-05
4.446755672293593967e-05
-7.654028196673448271e-07
2.982865605534250784e-05
2.982865605963930269e-05
1.383580634451541519e-04
-2.528698263714499755e-05
1.918124976009705592e-05
2.718909774883996851e-04
-6.842291400481350874e-06
-6.788839846756239517e-06
-3.106263078375751123e-15
1.822287743812877966e-05
2.725492077007772270e-04
-5.276236602361346950e-14
2.220079769282115419e-05
2.247112444825371988e-05
4.361552919787634470e-05
2.403325302876846968e-04
2.464592897407501433e-04
-2.157988286696334852e-05
1.820287979729330984e-05
1.898136610240098892e-05
4.235433908547844037e-05
2.397812038926345200e-04
2.465337855735818314e-04
-1.288421013421801775e-06
3.018076334501677323e-05
4.185202221580787960e-05
4.630153255458913488e-05
2.409498254876092985e-04
2.467724677082201094e-04
-7.230012853194049484e-06
-1.727735104659579751e-06
2.141605177469668502e-04
7.987860326605541984e-05
-9.655494648309342564e-06
