-6.425318121910095215e-02 2.294553257524967194e-02 4.826697055250406265e-03 1.095171464839950204e-04 1.442076609237119555e-04
-5.896680057048797607e-02 2.240638993680477142e-02 4.814804065972566605e-03 1.061296279658563435e-04 1.434593723388388753e-04
-1.809410572052001953e+00 1.409240160137414932e-02 4.877501167356967926e-03 7.977706991368904710e-05 1.339535059135717741e-04
-1.125774502754211426e+00 1.917693763971328735e-02 5.154033657163381577e-03 1.001992714009247720e-04 8.337598895498861417e-05
-7.520913481712341309e-01 9.979602880775928497e-03 3.824842860922217369e-03 4.541373709798790514e-05 6.141469687766705498e-05
-4.525859653949737549e-02 9.510748088359832764e-03 3.587651997804641724e-03 4.100800651940517128e-05 4.081872248207218945e-05
-6.280916929244995117e-02 9.780756197869777679e-03 3.659753128886222839e-03 4.422252095537260175e-05 3.681393354781903327e-05
-7.256964594125747681e-02 9.697794914245605469e-03 3.534543095156550407e-03 4.318357605370692909e-05 3.288343032181728631e-05
1.487693637609481812e-01 9.310776367783546448e-03 3.432766767218708992e-03 3.966316216974519193e-05 3.225322143407538533e-05
-1.407262682914733887e-01 1.352467481046915054e-02 3.868717467412352562e-03 6.317413499346002936e-05 2.585553132424441364e-05
