3.000000000000000000e+01
1.720000000000000000e+02
8.400000000000000000e+01
1.990000000000000000e+02
6.000000000000000000e+01
1.550000000000000000e+02
4.500000000000000000e+01
1.820000000000000000e+02
9.000000000000000000e+00
1.960000000000000000e+02
1.360000000000000000e+02
1.870000000000000000e+02
2.070000000000000000e+02
1.260000000000000000e+02
1.500000000000000000e+01
7.300000000000000000e+01
1.650000000000000000e+02
1.800000000000000000e+01
1.680000000000000000e+02
9.300000000000000000e+01
7.500000000000000000e+01
5.500000000000000000e+01
1.470000000000000000e+02
1.090000000000000000e+02
1.080000000000000000e+02
1.420000000000000000e+02
2.500000000000000000e+01
1.250000000000000000e+02
1.600000000000000000e+01
1.730000000000000000e+02
1.920000000000000000e+02
6.900000000000000000e+01
1.010000000000000000e+02
6.700000000000000000e+01
1.040000000000000000e+02
1.320000000000000000e+02
1.800000000000000000e+02
9.500000000000000000e+01
8.200000000000000000e+01
1.590000000000000000e+02
1.970000000000000000e+02
1.620000000000000000e+02
1.500000000000000000e+02
9.600000000000000000e+01
2.000000000000000000e+02
6.800000000000000000e+01
1.560000000000000000e+02
8.600000000000000000e+01
1.000000000000000000e+02
3.800000000000000000e+01
2.400000000000000000e+01
1.830000000000000000e+02
1.170000000000000000e+02
