5.236150988186662192e-02
6.620978906740011827e-02
0.000000000000000000e+00
3.477776174481114800e-04
3.829517102971019896e-03
4.910651068381973947e-03
4.039148878510021891e-03
2.417798357215340810e-02
0.000000000000000000e+00
0.000000000000000000e+00
0.000000000000000000e+00
4.445594530057925264e-02
1.595356262508693113e-02
5.817119576711106757e-03
0.000000000000000000e+00
0.000000000000000000e+00
0.000000000000000000e+00
4.468741524916590262e-03
0.000000000000000000e+00
1.091645991946976063e-02
1.902874054850762966e-03
2.532154994923008565e-03
3.356487027793659400e-02
1.119871749697771111e-02
5.516185378705276178e-03
0.000000000000000000e+00
0.000000000000000000e+00
6.420747000564848601e-03
0.000000000000000000e+00
0.000000000000000000e+00
1.555177988330030438e-02
0.000000000000000000e+00
2.457131746304574982e-02
0.000000000000000000e+00
0.000000000000000000e+00
3.477776174481114800e-04
0.000000000000000000e+00
0.000000000000000000e+00
0.000000000000000000e+00
0.000000000000000000e+00
0.000000000000000000e+00
1.619314571181685019e-03
1.753973798070920104e-02
4.445594530057925264e-02
8.562907913646845056e-04
1.038894532340064493e-02
2.499954540149532459e-02
1.121677901595193733e-02
0.000000000000000000e+00
5.817119576711103288e-03
2.417798357215340810e-02
2.457131746304574982e-02
5.273197360355291047e-03
6.620978906740011827e-02
0.000000000000000000e+00
1.595356262508693113e-02
6.420747000564848601e-03
4.191294780906041793e-04
0.000000000000000000e+00
0.000000000000000000e+00
2.310263406375082096e-02
0.000000000000000000e+00
0.000000000000000000e+00
0.000000000000000000e+00
0.000000000000000000e+00
5.576895524390843364e-03
1.555177988330030438e-02
0.000000000000000000e+00
2.381245101420128782e-02
0.000000000000000000e+00
2.532154994923008565e-03
0.000000000000000000e+00
2.172149394890781921e-03
6.620978906740011827e-02
0.000000000000000000e+00
1.135202357260885024e-03
3.342143972218841047e-02
6.135772628065309237e-03
0.000000000000000000e+00
4.910651068381973947e-03
0.000000000000000000e+00
1.134284690801084378e-02
3.829517102971019896e-03
0.000000000000000000e+00
0.000000000000000000e+00
0.000000000000000000e+00
1.595356262508693113e-02
6.420747000564848601e-03
0.000000000000000000e+00
3.334199931128003624e-03
4.265488740667422451e-02
1.073376644364814822e-02
0.000000000000000000e+00
6.130113556704619437e-03
1.087367020234780886e-02
2.261414392159624438e-03
2.567856923987758139e-02
1.242852036349493747e-02
1.038894532340064493e-02
4.039148878510021891e-03
4.445594530057925264e-02
1.595529694118559896e-02
9.956229914780132320e-03
7.910869856402543560e-03
5.236150988186662192e-02
2.009115091102672140e-02
9.956229914780132320e-03
3.677379777303398881e-03
1.134284690858300762e-02
1.134284690801084378e-02
0.000000000000000000e+00
0.000000000000000000e+00
0.000000000000000000e+00
2.362901670012323985e-02
0.000000000000000000e+00
0.000000000000000000e+00
2.381245101420128782e-02
1.135202357260885024e-03
3.334199931128003624e-03
0.000000000000000000e+00
2.758717033691370814e-03
1.385679151759702365e-03
0.000000000000000000e+00
2.457131746304574982e-02
0.000000000000000000e+00
3.829517102971019896e-03
1.087367020234780886e-02
0.000000000000000000e+00
0.000000000000000000e+00
0.000000000000000000e+00
4.191294780906041793e-04
2.172149394890781921e-03
2.701101676944604041e-02
4.468741524916590262e-03
0.000000000000000000e+00
0.000000000000000000e+00
7.910869856402543560e-03
1.401863108436512614e-02
3.573783255146826404e-02
2.310263406375082096e-02
0.000000000000000000e+00
3.829517102971019896e-03
4.191294780906041793e-04
4.265488740667422451e-02
0.000000000000000000e+00
3.477776174481114800e-04
1.595529694118559896e-02
0.000000000000000000e+00
3.677379777303398881e-03
1.595356262508693113e-02
6.253089363480962646e-04
0.000000000000000000e+00
2.405201286756151417e-03
0.000000000000000000e+00
7.317112096772996482e-03
0.000000000000000000e+00
0.000000000000000000e+00
5.516185378705276178e-03
0.000000000000000000e+00
3.342143972218841047e-02
1.555177988330030438e-02
0.000000000000000000e+00
0.000000000000000000e+00
0.000000000000000000e+00
7.941100914633989621e-03
2.261414392159624438e-03
0.000000000000000000e+00
2.417798357215340810e-02
2.457131746304574982e-02
0.000000000000000000e+00
1.121677901595193733e-02
1.401863108436512614e-02
4.445594530057925264e-02
0.000000000000000000e+00
7.910869856402543560e-03
1.028090224791353320e-02
0.000000000000000000e+00
0.000000000000000000e+00
2.758717033691370814e-03
1.134284690801084378e-02
1.595356262508693113e-02
1.087367020234780886e-02
0.000000000000000000e+00
3.866905616002323711e-03
0.000000000000000000e+00
5.236150988186662192e-02
9.373857190239925571e-03
0.000000000000000000e+00
1.385679151759702365e-03
0.000000000000000000e+00
0.000000000000000000e+00
2.567856923987758139e-02
1.401863108436512614e-02
0.000000000000000000e+00
2.296851524885119150e-02
4.468741524916590262e-03
0.000000000000000000e+00
0.000000000000000000e+00
4.910651068381973947e-03
0.000000000000000000e+00
0.000000000000000000e+00
6.130113556704619437e-03
0.000000000000000000e+00
2.261414392159624438e-03
1.555177988330030438e-02
3.829517102971019896e-03
0.000000000000000000e+00
0.000000000000000000e+00
1.242852036349493747e-02
0.000000000000000000e+00
4.445594530057925264e-02
1.121677901595193733e-02
0.000000000000000000e+00
2.362901670012323985e-02
1.073376644364814822e-02
8.562907913646845056e-04
5.162963282754924610e-02
0.000000000000000000e+00
4.468741524916590262e-03
2.903851770069279525e-02
1.555177988330030438e-02
3.356487027793659400e-02
5.516185378705276178e-03
0.000000000000000000e+00
0.000000000000000000e+00
0.000000000000000000e+00
0.000000000000000000e+00
7.941100914633989621e-03
0.000000000000000000e+00
1.134284690858300762e-02
0.000000000000000000e+00
0.000000000000000000e+00
0.000000000000000000e+00
4.265488740667422451e-02
0.000000000000000000e+00
2.172149394890781921e-03
3.553781747150634718e-02
3.829517102971019896e-03
0.000000000000000000e+00
2.296851524885119150e-02
0.000000000000000000e+00
2.261414392159624438e-03
3.161883743642445246e-03
4.153514724033469108e-03
0.000000000000000000e+00
1.595529694118559896e-02
1.134284690858300762e-02
5.817119576711106757e-03
0.000000000000000000e+00
2.417798357215340810e-02
0.000000000000000000e+00
5.236150988186662192e-02
3.677379777303398881e-03
0.000000000000000000e+00
1.385679151759702365e-03
7.840780771157667556e-03
0.000000000000000000e+00
3.334199931128003624e-03
0.000000000000000000e+00
1.087367020234780886e-02
8.562907913646845056e-04
3.161883743642445246e-03
7.910869856402543560e-03
0.000000000000000000e+00
5.576895524390843364e-03
0.000000000000000000e+00
6.130113556704619437e-03
1.902874054850762966e-03
0.000000000000000000e+00
3.866905616002323711e-03
5.516185378705276178e-03
0.000000000000000000e+00
0.000000000000000000e+00
1.109925860152566508e-02
1.038894532340064493e-02
1.374627336989270266e-03
3.573783255146826404e-02
3.120918638498106079e-02
0.000000000000000000e+00
0.000000000000000000e+00
2.417798357215340810e-02
0.000000000000000000e+00
0.000000000000000000e+00
1.555177988330030438e-02
4.039148878510021023e-03
0.000000000000000000e+00
2.261414392159624438e-03
4.910651068381973947e-03
5.162963282754924610e-02
0.000000000000000000e+00
2.701101676944604041e-02
1.134284690801084378e-02
0.000000000000000000e+00
1.135202357260885024e-03
1.619314571181685019e-03
0.000000000000000000e+00
0.000000000000000000e+00
0.000000000000000000e+00
0.000000000000000000e+00
3.477776174481114800e-04
3.342143972218841047e-02
0.000000000000000000e+00
8.562907913646845056e-04
0.000000000000000000e+00
0.000000000000000000e+00
1.385679151759702365e-03
1.073376644364814822e-02
0.000000000000000000e+00
7.910869856402543560e-03
0.000000000000000000e+00
2.310263406375082096e-02
2.296851524885119150e-02
0.000000000000000000e+00
0.000000000000000000e+00
2.457131746304574982e-02
5.516185378705276178e-03
0.000000000000000000e+00
0.000000000000000000e+00
0.000000000000000000e+00
2.261414392159624438e-03
7.910869856402543560e-03
0.000000000000000000e+00
4.445594530057925264e-02
9.956229914780132320e-03
0.000000000000000000e+00
2.532154994923008565e-03
1.028090224791353320e-02
4.910651068381973947e-03
4.039148878510021891e-03
1.374627336989270266e-03
0.000000000000000000e+00
1.091645991946976063e-02
0.000000000000000000e+00
0.000000000000000000e+00
2.701101676944604041e-02
0.000000000000000000e+00
3.334199931128003624e-03
1.134284690858300762e-02
1.043437865481974813e-02
0.000000000000000000e+00
0.000000000000000000e+00
1.038894532340064493e-02
2.362901670012323985e-02
2.315876497417329247e-02
2.499954540149532459e-02
0.000000000000000000e+00
0.000000000000000000e+00
7.317112096772996482e-03
4.468741524916590262e-03
0.000000000000000000e+00
