4.802370406783450562e+03
1.269991477257835186e+03
1.217888787707611755e+03
1.336044699833950062e+02
2.960503493861000152e+03
1.206710307683785913e+03
7.143453711674535498e+02
6.770341501168982177e+02
4.830113637985062383e+02
1.678483589998053048e+03
6.395072304899302935e+02
5.564576323962230617e+02
1.654898721466049437e+03
7.823811340811380433e+02
3.966601826558707558e+02
2.979569440761591750e+02
2.800623497103326827e+02
2.873904030190371373e+02
6.667309888032904155e+02
1.010751203237712616e+03
9.191259172645469562e+02
9.086517938597093007e+02
8.869527189963343972e+02
8.975945099180246416e+02
1.574810874771010276e+04
4.743309528837095058e+03
3.767710885202362761e+02
8.629944171613982689e+03
3.677695147885881397e+03
1.865754937893754231e+03
3.585630855140769654e+03
1.480947857718756495e+03
4.031047133170102370e+02
3.618748671594938969e+03
1.580583029608309971e+03
9.808473647052320530e+02
3.523782503013571386e+03
3.396285868405566362e+03
2.852746790666728884e+03
1.475243209900550028e+03
1.234900680014688305e+03
1.138728436951052345e+03
3.494262895040768399e+03
3.365298742008432782e+03
1.304400558853053099e+03
1.138858494076262787e+03
1.082635851028613843e+03
5.421923590272260753e+02
3.476137580812841861e+03
3.369303444652295639e+03
1.313420358641431676e+03
1.067586592067043284e+03
1.005773996705100785e+03
4.977870963042928452e+02
3.467176117001929015e+03
3.365547405240671196e+03
1.681464172194052253e+03
1.465721222903141097e+03
1.020616367078687745e+03
3.448460266469903672e+02
5.930651826822899238e+03
2.651373011111822393e+02
2.638756010586555931e+03
7.489479380873693799e+02
5.698097866947179000e+02
1.795399115803600807e+03
1.106846955775713468e+03
3.539706200857914951e+02
2.940815931066496205e+02
7.440904330732328162e+02
2.456660544825842010e+02
2.444356592784729116e+02
2.810591633230782236e+02
2.771413308093822820e+02
3.660191649237633555e+03
5.247952233487123976e+02
5.303844015003021468e+02
5.308256162474062876e+02
6.614102125655767850e+02
6.015222050810641576e+02
3.252795787784933736e+02
1.090360692125747846e+03
1.029033760541503398e+03
7.342435342900321302e+02
1.769888832795677081e+04
4.815931991889903657e+03
5.118550642476562302e+02
5.700299181181477252e+03
3.031273822738003673e+03
1.147816248226927655e+03
3.641912449107436260e+03
3.210322951647846367e+03
4.866685143870286083e+02
3.852299883065721133e+03
1.553707309893163256e+03
1.552598376586148561e+03
3.533146293334064012e+03
1.100288211420034941e+03
8.075568865372416667e+02
3.496952247568455277e+03
3.372706156106808066e+03
1.429220741061761828e+03
1.305551282235046529e+03
1.001162035131301650e+03
9.398310928760846537e+02
3.478055100252520333e+03
3.374624126958883153e+03
1.256553677538643797e+03
9.935898985639239527e+02
9.869883407599502334e+02
9.218931846267489618e+02
3.481222585252627596e+03
3.377055581539886589e+03
1.260121553261101099e+03
1.021065287615972352e+03
9.250628556039443993e+02
8.498543302525188210e+02
1.897348244269985298e+04
1.076093685186451385e-03
3.639763838420306456e+03
7.517863951427207212e+02
3.785382678733886678e+03
3.753420646895840491e+03
6.666487768773358766e+02
4.161468319736793546e+02
5.815878421666810709e+02
4.374844252334308976e+02
1.176344933333924246e+03
1.805446065589393356e+02
5.591291560714723801e+02
4.521523643802859169e+02
3.555211283480628026e+03
2.426828063901503356e+03
3.755927567572409203e+02
4.026374405542709951e+02
3.055810797191664278e+03
4.163170805716704876e+02
4.532039407559478832e+02
5.154975086854544770e+02
4.009698883940685391e+03
4.010081043687415786e+03
1.156598915546492435e+03
7.238258014458102707e+02
1.448941069545447863e+04
4.407124448947608471e+03
4.192384018183672083e+02
7.433982752269746925e+03
3.840756546454075306e+03
1.540060323889707206e+03
3.641584836484794778e+03
1.445644703912410478e+03
9.020910154290527316e+02
3.607710446897546262e+03
1.195866119941565103e+03
2.638668161867131516e+02
8.402119820364430780e+03
5.978184779188827633e+03
5.211048443909751768e+03
4.586497239921559412e+03
3.274471090925512726e+03
9.631621801054344587e+02
3.500788634074105630e+03
3.382914828914838381e+03
3.104869415492310964e+03
1.449475960605108639e+03
1.264089542550971601e+03
9.289483969757615114e+02
3.474162533528778567e+03
3.370851733567240444e+03
1.247068265714562131e+03
1.009805199056301376e+03
9.562142586277701639e+02
8.896062642811010619e+02
4.066410375927665427e+03
7.361340798992461032e+02
6.160525577817811609e+02
5.416540853900100956e+02
3.437423907118241914e+03
2.745474548942179354e+03
4.864191898768676197e+02
4.508686589686290631e+02
2.620166862994502139e+02
5.782774606446722601e+02
5.256036007532275107e+02
2.937762820146419017e+03
4.816720644498083743e+02
2.932940972504292176e+02
1.095010486605696087e+02
5.772600542988882353e+02
4.389604477328283565e+02
4.139192906233609506e+02
2.187659091106107553e+03
6.230392918371192081e+02
1.008943878869372156e+03
8.082408461600349483e+02
1.502353236505233781e+03
1.591479252077062665e+04
5.035813749431365977e+03
1.226726573730386463e+03
3.660316379293227783e+03
1.401594007345926684e+03
7.298018920914925047e+02
3.856271470192419656e+03
2.489747622626270186e+03
3.838083046556072873e+02
3.748241133431962226e+03
2.242951929674357871e+03
1.089781199433459165e+02
3.618611676679608536e+03
7.370231445485804898e+02
5.522383286594788387e+02
1.306290245461491759e+04
3.945166334187013945e+03
3.469817032053824732e+03
3.251845416287004355e+03
1.933326468105511140e+03
1.120479824023639594e+03
3.500662122643843304e+03
3.369782667991609287e+03
2.750282649232558015e+03
1.454313732242013202e+03
1.198601345049653673e+03
1.058763800003922825e+03
3.482601844608399006e+03
3.361189895759246610e+03
1.307838279098564271e+03
1.167739803760411633e+03
1.037284428444609148e+03
9.870838651710596423e+02
3.472270229482442573e+03
3.366916102606657660e+03
1.254065979037489114e+03
9.898438883067032066e+02
9.093006547333798153e+02
9.061078264074737945e+02
6.136657232773173746e+03
7.885144073254031127e+02
4.493710148195856391e+02
7.723592772119103529e+02
6.146548983695976176e+02
3.803864941251342771e+03
1.452261751670165040e+03
3.587844677498929968e+02
5.569779738832506837e+02
5.292935282080035222e+02
3.012807472846316614e+03
1.097722360500914874e+03
8.404035132107622985e+01
2.896329337606097397e+03
6.654099279009379870e+02
5.824797865770610770e+02
6.112088529802048242e+02
3.219182084638296146e+03
1.010517231150355883e+03
8.777959258406662002e+02
7.365834482714735714e+02
1.771535370404665446e+04
3.934160136221712037e+03
1.033153327594287560e+02
6.583083496161356379e+03
3.612803816277660189e+03
1.678282738088773385e+03
3.616885759999454422e+03
1.036936752687722446e+03
9.695343233295633354e+02
3.616107257023975308e+03
1.101133161726742173e+03
9.797391951153460923e+02
7.728949393122967194e+03
5.352853656096698614e+03
5.065026167576064836e+03
4.411921365714147214e+03
4.265133580950157921e+03
3.218126993231343022e+03
9.751241733662849583e+03
3.517289052951833582e+03
3.327494270712411890e+03
1.747663068382255688e+03
1.205126754202689654e+03
3.628672108611586395e+02
3.436881399755081020e+03
3.195471938413131738e+03
3.163916814113663349e+03
2.001158333581538727e+03
1.417904678855541761e+03
4.558510535128501715e+02
3.463491573211165360e+03
3.328595483244803745e+03
2.480923662775590856e+03
1.984448232663950648e+03
1.342057291904321119e+03
4.464435354585438063e+02
3.420221090049719805e+03
3.294371046510691031e+03
2.413222802446332025e+03
1.918679198485136112e+03
1.645790219148021606e+03
1.032298454947389246e+03
3.475937634175727908e+03
3.366334323798708283e+03
1.316140757942006530e+03
1.216489662948442856e+03
8.947651070808821032e+02
8.604004534086428748e+02
3.475097210191796421e+03
3.370276610244369749e+03
1.249040060379838906e+03
1.011626854169030935e+03
9.721063476494331326e+02
8.853001809615591355e+02
