1.778684447396257917e-01
6.877537444351808360e-02
1.498088363384375010e-01
0.000000000000000000e+00
7.430262101407332509e-02
7.967811290830049964e-02
9.516976664858790982e-07
1.963367099703379123e-02
1.016515245365201417e-03
1.696816710103151715e-01
1.031348089709096527e-01
2.297548295001754801e-04
5.461794073776022468e-03
5.887892548931819743e-03
8.307025306511635300e-04
4.312626156789980264e-03
1.010621779012527838e-03
1.754867339195764374e-03
3.466433387048165320e-03
1.012014672890130000e-03
1.613723862508565287e-03
2.376067042734730621e-03
1.118113280772012330e-01
1.602884430739027512e-03
3.515096135962879949e-04
1.168503305703713635e-02
2.691739233141691133e-03
