1.265064624877673335e-02
1.281563396263203300e-02
6.612369755018096540e-02
3.173964695270578562e-01
7.495340946490148051e-03
1.285680590381918335e-02
2.179379459012527578e-11
1.453819662100131090e-03
2.871165735653821022e-03
5.760834986563187314e-04
4.038639789133333883e-04
1.446506272453598274e-03
5.696955169425052404e-04
1.027685233233154765e-03
8.934186944080202246e-04
1.431410741153196471e-03
6.198428116770877982e-05
2.792525086544523846e-03
1.622696808339329578e-03
4.215455602363055924e-04
2.911026379495276067e-03
5.273375727169546216e-03
9.679385602093270626e-04
3.835695721542048842e-03
2.553433505391389680e-03
4.665353619445866115e-05
7.158270268739486825e-03
3.080784181972415214e-01
8.486911081578037488e-03
7.407844198759830877e-03
5.175476487225614923e-04
6.388663932225707373e-03
6.473114484122276420e-03
4.174068173126427436e-04
2.540913072470618594e-03
9.312946694157111681e-04
4.154261427215671389e-04
7.222717267180308286e-04
1.371807613896138195e-03
4.388480487593252825e-04
7.215011984973472917e-04
1.113291796556784919e-03
1.499893857834632728e-03
3.633478149335707960e-04
1.252147141782184196e-03
5.727517493657614247e-04
2.663824461557561048e-06
5.950365870138656435e-03
1.942564876727599730e-03
1.244782978036823285e-06
4.845563274061151157e-03
0.000000000000000000e+00
2.219041940261124325e-03
1.525623756040979427e-03
4.327735511983215352e-04
6.269056515710428636e-04
6.426166359730181056e-03
4.218735081781756105e-04
7.909034752925578338e-04
1.315733875988074897e-01
1.154479377656705309e-04
5.280157501788703637e-04
1.750284937405264911e-03
1.741397614445039333e-03
1.812298306549994971e-03
1.232080987932909939e-03
1.870239796604260089e-03
1.108992447554770422e-03
1.541589850320620450e-03
2.339090016605642908e-03
2.659901364809574690e-04
4.343423999371282679e-03
5.360755314995351451e-04
4.851129121681446743e-04
6.200091183461735843e-03
