1.787129429936026581e-01
6.576206259486759576e-02
1.776688668834057461e-01
0.000000000000000000e+00
1.296046925154792639e-01
2.125992435654136883e-02
9.267535751227349500e-08
2.123984135653034580e-02
4.571859067819633539e-04
1.964976157280914071e-01
4.788498038417906416e-02
1.873404735752468942e-04
3.879663608643083191e-03
2.148085429128889206e-03
6.983288605655105750e-04
2.110287761514909044e-03
3.039093221612278097e-03
8.180188455963885918e-04
2.131840844538318916e-03
2.994261563430866430e-03
6.985849223480281728e-04
1.823749522864622364e-04
1.266991852387274742e-01
2.829963987433030317e-03
4.440901076528100183e-04
1.200485248195714942e-02
4.582230615272566446e-05
