1.236061039190502857e-02
1.054222204953281401e-02
8.811580163977925095e-02
1.933173855778028694e-01
5.326063892018364360e-03
4.940626458153741553e-03
1.959020416932998655e-11
1.174165254336256067e-03
4.133721182346246316e-04
6.290044484797499230e-06
2.826483333036471958e-04
6.112460503382595705e-04
2.386139724763081064e-05
5.690495906125619258e-03
4.330738500967733760e-04
7.045282683093451181e-02
1.056767222999418723e-04
6.717871087690155743e-04
5.342944990681598033e-02
1.910090374421383725e-05
3.491294639175947126e-04
1.876209593124547326e-01
3.185296969833845804e-05
1.088268041402231517e-02
4.165511072213679694e-03
4.391206232997519644e-03
7.966167545317303159e-03
2.078164441231342974e-01
4.176103586617126856e-03
3.140848422803996579e-03
4.804245485233927973e-04
1.332181542095167183e-02
9.776760021534490128e-03
2.255888817529327765e-05
5.134782452979693747e-03
4.274271013832547364e-04
5.632239648786205354e-05
4.341180711931619599e-03
8.091135083985913010e-03
1.401106225784370203e-03
5.085111147247990617e-05
4.084203000041165973e-04
1.494620898421002413e-03
1.287866519844407299e-04
4.099480305488837750e-04
3.777410665695624310e-04
5.281789153322556837e-06
3.692366525816462731e-03
1.226034191329646820e-04
5.235095508175258188e-06
1.645431402524752612e-03
0.000000000000000000e+00
1.011184470678983026e-03
4.453187667442820601e-05
5.720971005385869310e-04
3.125193095206059576e-04
1.347812932304624442e-03
2.950708003659377766e-05
1.206591162925770065e-04
4.516379329730259989e-02
3.457348072377812925e-05
5.310793936241234997e-03
2.154319412978657807e-03
6.364222017946719956e-04
1.653202448428331786e-04
2.926221254952127778e-04
4.002607383221149190e-04
2.151552504380685807e-04
5.264702114225374829e-04
6.127685413635355688e-04
5.330626500616751163e-04
2.953808824056636771e-03
8.078894307328290730e-04
4.236735069945415932e-03
2.665285956667593111e-03
