8.444802211576670631e-03
2.020766572725791674e-02
5.923191346720524386e-02
2.506668219337013781e-01
5.156280810735920303e-03
1.553178449419029793e-02
2.334903113353508253e-10
1.838364419869055206e-03
1.879941932237688728e-03
4.213435561428491879e-04
5.741693500862225146e-04
3.651200724927051175e-04
3.474263901666620712e-04
5.925891419042938341e-03
3.588117873606403406e-04
1.419979140044788895e-04
4.853359573671805279e-04
7.648188781750201240e-04
2.198150810600113460e-04
6.188830234063874818e-04
1.052058583581322619e-03
1.186338330811019309e-03
6.232465136778084485e-04
3.596877184392466634e-03
1.965890537924982421e-03
1.888967836692196682e-05
1.394246846406623419e-03
2.963296901820015594e-01
7.848343676762889465e-03
9.573761046215682399e-03
1.749168421976046012e-04
1.741985498250195330e-02
1.366086656027012437e-02
3.351195471218950317e-04
8.189405798649200888e-03
2.804536588246638300e-03
2.594479684087814945e-04
5.970374010620405894e-04
1.138197711916445060e-02
7.051073387591184774e-04
1.983768470006910464e-03
2.875397481212324025e-04
8.004017255095957151e-04
5.779316367594605416e-03
4.900331865472401819e-04
6.555073838942712412e-04
1.136313736596050276e-05
1.320780618398795583e-02
5.406963180860610866e-04
8.298057360385383604e-06
6.998752383995499905e-03
0.000000000000000000e+00
4.088026717887289357e-03
5.953423178234631269e-03
1.585252640625842895e-04
6.305817272488013076e-03
9.373634170514377403e-03
2.780126266222216749e-04
8.405333765353541903e-03
9.061474430250683609e-02
2.175572468913197300e-04
6.358855626677858107e-03
7.886992761127135931e-03
9.812926643178020852e-03
1.030761966048111822e-02
4.211227903419504683e-03
6.257832211141119844e-03
2.352051226647828945e-03
1.382653619316143168e-02
1.025088031142770174e-02
3.239110625906686737e-04
4.017432571106538397e-03
1.252605467915021177e-02
1.856950965879080174e-05
3.391750747108793033e-03
