1.041652135086040473e-02
1.945641662856123499e-02
7.108319686641589863e-02
2.733007074590294017e-01
7.707426179664026572e-03
7.879841315118799386e-03
2.994314216717691240e-10
1.829368014120843653e-03
1.199756519616221101e-03
2.670105763933971295e-04
2.516260120749993861e-04
4.252827595307144440e-04
3.138274100285723769e-04
6.391992036110604944e-03
4.904446084783975869e-04
1.357155716060290407e-04
4.631515893103275582e-04
5.770299461881287775e-04
1.190046911282988926e-04
6.513437049968445140e-04
3.357228462621063931e-04
8.097981258956722791e-04
2.458416876170212173e-04
2.031439674583597216e-03
2.404791724415724329e-03
5.006465964006317788e-04
8.609483453970991030e-04
2.297121995524361027e-01
4.439129540742803824e-03
7.871992058389776920e-03
1.746797716953427853e-04
1.099111199213696245e-02
1.204702351545576360e-02
5.336730215308080723e-05
4.197813932286071151e-03
5.719360069278629430e-03
3.311038104831673325e-05
2.634434555163107927e-03
6.855725051830233695e-03
7.270935028946627068e-04
5.157841762519163945e-03
2.128329012291918444e-04
1.008717656670088435e-03
3.465442520187542782e-03
2.620974853877246235e-04
4.849926788572294441e-04
4.960169586606788952e-06
2.112804835739990044e-03
1.223165609575138917e-04
5.466346286202820401e-06
5.732817368912993330e-03
0.000000000000000000e+00
5.685868873842688485e-03
4.983028727423677307e-03
1.196217893640500347e-04
8.506061792991261722e-03
3.127150999548011182e-03
4.602585271274327783e-05
1.201821566032147855e-02
1.766404560140474311e-01
6.642140167833597163e-05
9.100814004330610996e-03
6.424348128383170278e-03
3.723741289717834389e-03
3.870039819440523280e-03
5.215734866159288906e-03
1.067624049993101329e-02
6.886894877178894800e-03
5.284024300995233091e-03
1.366708932234073255e-02
1.435633382148545137e-04
3.399383412019629097e-03
4.499606810484479621e-03
5.030747964385077564e-04
1.236409371354115373e-03
