9.643416475508665570e-03
2.054698457934702599e-02
6.073135155691562065e-02
2.403545777724366006e-01
7.395300168512768113e-02
1.363404957442908294e-02
3.586290087157684662e-12
2.122643088542197458e-03
4.831293012765145345e-04
6.173308792041959008e-06
7.341201323047711952e-04
9.055076220208704146e-04
4.176681066302822133e-05
3.181230788318366374e-04
4.011266649159930006e-04
3.019750031721432745e-04
6.242694705037265786e-04
8.336706362633864928e-04
2.305585057999302162e-04
9.723296209813582069e-04
7.260321530790627082e-04
8.169893754610272393e-04
7.446287098452106061e-04
8.219599069997806555e-04
7.545666995078215925e-04
4.353439087733038788e-04
4.176520291005300016e-04
2.691100357141935073e-01
1.159705565348829494e-02
5.562263935937578757e-03
4.014101241730510671e-04
8.506407709435333947e-03
4.033576298494713497e-02
3.345839167219893668e-05
7.120641568778151784e-03
5.233414023039246327e-03
7.084819938258292307e-05
8.147795757769286983e-04
6.615045035848292170e-03
2.965276015347250577e-02
6.084012808619193059e-03
3.883866039075931000e-04
2.445797197535158271e-02
1.877449899783341369e-03
4.147992984136605193e-04
3.115671357931960308e-04
3.634231621578435527e-06
8.322051432382560759e-03
6.071097826234494359e-04
4.226714295961169357e-06
1.352493577752196703e-02
0.000000000000000000e+00
1.006950216208277009e-02
7.678782673655985477e-03
3.917334519188001365e-04
2.539244973805165808e-03
1.254568770493915590e-03
6.318954996563102709e-05
6.072252214738224803e-03
1.299683351844303607e-02
3.947092203229700917e-05
4.172144382031403066e-03
9.276193268395413818e-03
8.387088689117614543e-03
1.145458063166067755e-02
8.311355000985209615e-03
1.394578286349231963e-02
5.896012471493941934e-03
1.126583521748414016e-02
6.853705582504652886e-03
1.952524210105568818e-04
8.028577764679231893e-04
4.906118239360298186e-03
1.014757969972746141e-04
7.200430172183698140e-04
