-5.076338892621014791e-05
-5.022234509122778455e-05
-3.522755636118715650e-20
6.633965554885756928e-21
9.813726260215300751e-21
2.055514048890605555e-20
7.519185262328970536e-20
6.306488422688874855e-05
3.386834110774521308e-04
-3.350283904743224931e-19
-1.124150846345862583e-19
-6.080636777269430047e-20
-5.007659068745448226e-20
1.585115269670326094e-20
4.258874565894824195e-06
4.915659605560098957e-06
6.382670735066277930e-05
1.006189054595397889e-04
-2.456352105601191405e-05
1.835162866903214400e-20
2.147162194359278080e-20
2.944175163189000832e-20
3.693664564813824925e-20
4.164960057117303748e-20
3.491118699759464651e-06
3.312454309270432257e-05
7.619889183137871645e-05
-2.607408797860992935e-19
-1.693317760161492605e-19
-1.041977975295856922e-19
-2.099465781219596104e-20
2.242274718657262016e-21
5.315705458953714086e-06
6.372958032359540949e-06
3.412635759974951992e-05
6.069298289112992352e-05
-1.462358363303258057e-05
-1.832121412330950570e-19
2.100581067891450614e-20
2.899344252563498164e-20
5.390913652946768026e-20
2.528171635656951292e-19
6.301419267662032524e-06
7.387689134538830886e-06
2.766279440315759874e-05
-1.242919369910782523e-05
5.142127691482162625e-22
1.927046488105356090e-20
3.031042051667476491e-20
3.297428903328607154e-20
4.375871708548608501e-20
6.727124983842940963e-06
7.590006680866322272e-06
2.542621760852424489e-05
-7.808456287102386173e-06
-2.048070155874221131e-20
5.623516694404837964e-21
1.616741623954975938e-20
1.673196844327718540e-20
2.453589283830449889e-20
6.225064357224770463e-06
6.885207854855048064e-06
2.697756274507369750e-05
-3.039639767849778095e-21
-8.682179408495375973e-22
1.222389840287731686e-21
1.426546006837720978e-21
2.197040742769941922e-20
3.509354805406116380e-06
3.561294738227822505e-06
1.420599405380974946e-05
3.083716782091896878e-05
-1.463851393609382682e-21
1.909517680823860291e-21
1.957077561842968675e-21
1.097288304190197403e-20
1.337264865327836238e-20
5.008513838251573020e-06
5.906274948289757123e-06
2.778482663292093104e-05
7.891094070223728606e-05
-4.935066689564448182e-05
-4.744167634538359093e-05
-5.819177425961482004e-20
-3.226033290088779795e-22
1.507530292750375562e-20
8.287641074858928901e-20
9.317612842149555978e-20
9.196210057285563789e-05
3.351164068415834205e-04
-4.733027882977711376e-05
-4.536623775262996043e-05
-4.321643471511065671e-20
-3.941925325117388189e-20
-2.284705590653907283e-20
-3.709191090983546459e-22
7.947272841133157898e-20
7.018005521127874101e-05
3.450121884826032868e-04
-5.673116315942741851e-05
-3.035643564637745131e-19
-8.774410361630606216e-20
-4.769039102065401737e-20
-3.600606938272123333e-20
6.923768355036940309e-20
3.793088015190664138e-06
6.814328736906454019e-05
1.051641789505803449e-04
-2.565240864982495924e-19
-2.063941352825261005e-19
-1.590018511649795182e-19
-8.761151479889472188e-20
2.325470065672386048e-20
2.400585851889905059e-06
2.649474527010638976e-06
3.388269437925327309e-05
7.718638532255628132e-05
-1.504249511115838304e-19
-8.056433114126752175e-20
-3.586816861255307004e-20
-3.093728120738654539e-20
1.387602515245900731e-20
6.112457845753614319e-06
6.350902935228009197e-06
2.523108252791747259e-05
5.284878095746823543e-05
-2.807722205980102213e-21
-2.718475648138897958e-21
2.425567627367587506e-21
2.025253752095085376e-20
2.772710330233635841e-20
6.776978711014131940e-06
7.231402494448647798e-06
2.633354081124828259e-05
3.244798609421593557e-05
-1.053394527476910482e-05
1.334273966122741934e-21
7.229520371124665266e-21
1.667004282576956919e-20
2.808089297031060904e-20
4.112299668036498973e-20
6.264286329857515996e-06
6.945377590599618698e-06
2.565560831685389110e-05
-8.054910820057792660e-06
-1.033265813707965624e-20
-7.768118966727731401e-21
9.574928887557083339e-21
1.131776118010092137e-20
1.183895735834254112e-20
6.191900710168764743e-06
6.435874310689756566e-06
2.479862392788205534e-05
-1.907892966994216915e-20
-5.581139449533612221e-21
-1.791425219925713654e-21
2.217024164276467893e-22
4.451379733963500664e-21
2.156061464873697506e-06
2.643128720709907359e-06
3.345597614056500295e-05
4.461941400462599255e-05
-1.107814203283725338e-20
-3.789768951590939969e-21
2.344751738679920853e-21
2.982115464131573408e-21
6.793979339530449610e-21
4.230210791966826736e-06
4.814663696888132106e-06
3.955736377594384423e-05
8.580059803407836584e-05
-4.614518272923252861e-05
-4.197315612940264590e-05
-2.482082213936932221e-20
5.366700996896163026e-20
6.953072381291127353e-20
1.150058342268577448e-19
1.358356266932017697e-19
9.602989648530490738e-05
3.438554363329744787e-04
-4.911879937746074304e-05
-4.767901318557700842e-05
-2.819348939716127079e-20
-1.540131432870542869e-20
3.676140404924883519e-21
4.985818285594807449e-20
5.351538478752376039e-20
5.274417554950345003e-05
3.439998208014254685e-04
-2.439340240835443377e-19
-8.093838688030870085e-20
-7.430355645891049949e-20
-7.301366189370261182e-20
-5.006835362326046895e-20
5.013931236974444267e-06
5.957456252055404684e-06
6.172989936424487956e-05
9.234165469761948433e-05
-3.277507542426794324e-05
-2.281788006583766042e-19
-1.721801900272137767e-19
-3.994147873979911125e-20
-2.409300825534564474e-20
4.041653334873846789e-20
3.841848335794270315e-06
2.459161790795153310e-05
6.827136328757909384e-05
-1.551220682196562994e-19
-1.189082573229477953e-19
-9.856114695394542251e-20
-2.306323966777732898e-20
-2.353205432105385129e-21
6.364452152801847844e-06
6.892483330582324098e-06
2.074883632697750835e-05
4.590366801101460444e-05
-1.067489289744356916e-05
2.196083463290317799e-21
1.191028211929495701e-20
1.261096856363126523e-20
2.445752762160330091e-20
2.464618504147438014e-20
6.121790987791050853e-06
7.216245899369545435e-06
2.122127248912141799e-05
-1.246690804766485404e-05
-8.506701362029480785e-20
1.439309222654281627e-21
3.251384391935207686e-21
2.142470210023646338e-20
1.572757368485062773e-19
5.935673358641075090e-06
6.924405001364263946e-06
2.388022964639165347e-05
-1.027026699246718215e-05
7.360580159354597252e-21
1.073865340993959767e-20
1.983209525920959379e-20
4.722615156532575137e-20
7.984003515745008148e-20
6.407379451232635851e-06
7.020469316240719172e-06
3.052806034453286771e-05
-1.564111155713704999e-22
1.153792454620285806e-21
3.734099666322713810e-21
7.753321857933046773e-21
8.162089759856391071e-21
3.631058155036993517e-06
4.302644590895861294e-06
2.470649607370169919e-05
3.747218947965402270e-05
-1.805971968074894432e-20
-1.795254499669386851e-21
4.382939771853964002e-21
5.498724665078791641e-21
1.135203999831142258e-20
4.880904231521425786e-06
5.297295541942567152e-06
4.228475174452591247e-05
7.887969451249010860e-05
-4.894284155664024470e-05
-4.646111424402726446e-05
-7.446878183495968809e-20
-1.422708867678437975e-22
4.690205943637233511e-20
1.577625277611273842e-19
1.800581388169732287e-19
1.166831149195606644e-04
3.377436332968531047e-04
-4.869108018900504537e-05
-4.363850882857930543e-05
-7.187805572913212465e-20
-2.462951114988346733e-20
-2.123739573710643898e-20
-1.926237755598097684e-21
4.633489616145672326e-20
7.006611255730229464e-05
3.434952388857568013e-04
-3.777575985871092231e-05
-2.816269305399915054e-19
-1.398150852219451008e-19
-4.520624152050464712e-20
-2.417995364496147448e-20
3.382905427245810327e-21
4.248347487485479942e-06
5.734727363984409924e-05
9.269388624346189265e-05
-1.034371377487979317e-06
-2.001878824962936065e-19
-1.696693118253689443e-19
-1.302185636889716022e-19
-2.495030526956344262e-20
8.153299157260111780e-21
3.366816854353678651e-06
3.527896323588702502e-05
7.412381024444413783e-05
-3.130553337852145731e-05
-1.589109476295262671e-19
-1.092767369648139939e-19
-4.548916348939028893e-20
-4.106415855235681381e-21
2.103033227947189781e-20
5.710599105148318478e-06
2.926518760636211158e-05
5.894559282490677803e-05
-1.026226915431597425e-20
6.682641996176734319e-21
2.266513874831269773e-20
2.621693672141564114e-20
4.005249233596157220e-20
4.645954245438813897e-06
6.778249086295429988e-06
3.291257264245432842e-05
4.453085839447816073e-05
-1.015308260647533857e-20
6.172564402521000526e-22
1.380968834562994621e-20
2.870249985812445988e-20
3.902973793211489740e-20
4.591620481836583395e-06
7.082209104545965806e-06
3.041838453465274224e-05
4.570990249830514574e-05
-1.673440228382913198e-20
-3.297891754713178769e-21
-2.691694598947501241e-21
1.191435323058241414e-20
1.318041144221287474e-20
4.279802358805181432e-06
9.318693076324563657e-06
2.745256058326707310e-05
4.276176171093580759e-05
-5.081194772333000666e-07
-4.111137279503027691e-21
-3.368822373837910212e-21
-3.151169421250058462e-21
4.820042507068884844e-22
5.591254279398774600e-20
4.485822360613406127e-06
1.619487636345888398e-05
2.515862963549857716e-05
-4.434851160532525445e-21
-7.125289089838185543e-22
2.360869321413307050e-21
4.757654514521571940e-21
9.046291478761216000e-21
4.617605902933263520e-06
1.482703366891248173e-05
2.252712076561743249e-05
7.498148159896432735e-05
-4.725969477454404494e-05
-4.281817011034691977e-05
-4.430080906297558966e-20
2.747742161390772666e-20
6.521957034443218450e-20
1.379186066546918375e-19
1.451368598788619998e-19
1.104952214335600241e-04
3.376358997162158385e-04
-5.009758689468156727e-05
-4.859346850155298953e-05
-6.056047543923916947e-20
-6.009408055197432876e-20
6.488445069329989153e-21
1.059988902670232796e-20
3.039957776445429204e-20
5.244438940500967662e-05
3.415805595043745454e-04
-5.965876836227081912e-05
-5.685267608826074907e-19
-8.145934483203753713e-20
-3.740071388006153603e-20
-3.543246215883938710e-20
1.508844098234061281e-19
4.926275401705258879e-06
5.640658051553035549e-05
1.005479056928444638e-04
-4.645386380688518272e-05
-4.505912558116970529e-19
-1.621716711939592283e-19
-7.618154254420326592e-20
-3.524385273475481124e-20
-1.923227134388701537e-20
3.150803665118934044e-06
2.068399583245927122e-05
7.146977750732111563e-05
-1.453974657045846806e-19
-1.245915359499567069e-19
-1.131818631519125890e-19
-3.899498615691347699e-20
-2.955283550771076133e-20
4.403329361464498404e-06
5.218948364367316491e-06
2.061833707736423533e-05
5.255560981671378919e-05
-1.716301044774871628e-05
-8.026810004522760761e-20
-5.923516836442430790e-20
-5.267810590172512167e-20
-3.423992557251505896e-20
2.167031299901857947e-20
5.598564229318024245e-06
2.001422188231064269e-05
2.907855196863872211e-05
-1.281466930939055741e-05
2.381332868995330562e-22
3.135015652058218540e-21
3.154206030421936171e-20
4.328012684723405141e-20
6.544300056487282611e-20
4.789674304244516418e-06
5.659420011242045842e-06
1.499052495762021922e-05
-1.183030866439485217e-05
4.654430841169833681e-23
7.976166255499249022e-21
8.992937663713186001e-21
2.858504088953335931e-20
3.666131114202574026e-20
5.194052968868765721e-06
5.451533862258190505e-06
1.830158065724660587e-05
-3.859443746858815852e-21
-3.599461113316001021e-21
-2.251761725783093727e-21
-3.562774150278703330e-22
7.631791235370251076e-21
3.305193672685526261e-06
4.061294571996511688e-06
1.855110450821317530e-05
2.393323183119535353e-05
-7.712210528689629006e-21
-1.944002850357586928e-21
-2.826028289469546974e-22
1.890974012887526479e-21
1.032436896752546874e-20
4.156719401973984464e-06
4.551384035222019149e-06
2.553291388173205140e-05
7.033249957248859162e-05
-4.775849683482414904e-05
-4.694963240607373701e-05
-5.828532193000372495e-20
-3.571925464672197644e-20
2.292057851291399720e-20
2.868206393610798481e-20
2.093777346252644436e-19
1.248089414968706068e-04
3.388943893910449190e-04
