4.603758720429970000e+14
2.531491009309678750e+14
2.418919186031893125e+14
2.095763718249627500e+14
1.624620537208480938e+14
1.579747752728198125e+14
1.487881647148588750e+14
1.485082610676701250e+14
2.136648149984786875e+14
4.745920429115589375e+14
4.604972797242368125e+14
3.177228705459468750e+14
2.018705696640554062e+14
1.962134682134551875e+14
1.829902385520137500e+14
1.526666881631215000e+14
1.457898215114140625e+14
1.766071542770950000e+14
2.247976991221299375e+14
4.723881586960010000e+14
4.509191604359165625e+14
2.513938506310355000e+14
2.373224155859891562e+14
1.870555606442331250e+14
1.479606702676973750e+14
1.530791677263443125e+14
1.579092610913459062e+14
1.710882398964884062e+14
2.258380844516410625e+14
4.880241530790717500e+14
4.596006787526029375e+14
2.884185444439756875e+14
1.975285164820460000e+14
2.392010580712770312e+14
1.948948373384401250e+14
1.938867961262143750e+14
1.918428806451331250e+14
1.347530761735320000e+14
2.202752741168742812e+14
4.802224406293358750e+14
4.514797454161152500e+14
3.119537088541570000e+14
2.451100836866422500e+14
1.835902320763295625e+14
1.858827163368934375e+14
1.364340072333647656e+14
1.399807947731574375e+14
1.479392233344508750e+14
1.999191442769401250e+14
4.920159761627258750e+14
