5.075112477026312263e+03
3.817092517189002592e+03
6.247086817544612813e+02
7.176757610990742251e+03
5.172243069167909198e+03
1.658250078584761013e+03
5.512067007661067692e+03
3.234835603286222522e+03
6.704785960144961336e+02
7.292118105271642889e+03
1.799190407973733954e+03
6.991136570758952757e+02
3.504790398524189641e+03
2.341360787593413079e+03
1.607044078320408971e+03
3.530402116626648422e+03
4.000476830426182460e+02
6.787280207747619443e+02
6.612919204631385810e+02
6.139350030860882725e+02
3.353693262767318174e+03
1.546803884518437371e+03
7.204311462544081905e+02
6.847493081702125437e+02
5.760400244360077977e+02
1.937926326323130525e+03
2.134101781613510866e+03
5.103567125875987927e+02
6.977646312085134923e+02
5.397811435664702913e+02
3.323108464682278736e+03
7.824243244868858937e+02
6.050249588591653946e+02
6.289102573599634525e+02
5.708140718970278158e+02
1.597498355439163106e+03
5.956690092400883714e+02
4.666069878486121638e+02
5.368807653846037056e+02
6.202211991562377307e+02
3.237416578547372410e+03
4.947196965314221870e+02
1.790724840388944301e+02
2.048984525935219665e+02
5.160377559059178338e+02
3.070887490160505422e+03
1.616170208056218371e+03
2.269860158479121708e+02
4.821142034568788404e+02
4.516851758218570581e+02
2.035396278935522787e+03
2.082264489214934656e+03
8.489893510795028533e+02
4.743531976754604784e+02
4.979764720101026683e+02
3.166721512511346646e+03
3.611334263694439528e+02
4.214220564014435126e+02
4.808449635337181576e+02
5.197944043692423293e+02
1.686738489332517474e+03
2.202204715660611214e+02
1.780694055074459072e+02
2.605782619981060861e+02
5.282109963819970062e+02
2.916571818590931798e+03
5.161949234345488549e+02
2.935756397580656198e+02
3.077965757948397822e+02
2.789954860460247801e+02
2.990685510692145272e+03
1.387971305148652391e+03
3.726799731025350866e+02
2.394508923537852922e+02
2.821400367693793214e+02
1.761634464968808516e+03
1.806629938915189769e+03
6.895377291340373631e+02
2.367835442700159376e+02
2.727523743181199052e+02
2.866337781777481268e+03
2.376628500479091599e+02
2.293079801496976984e+02
2.679718762569877413e+02
2.869002202195006817e+02
1.463344566980510763e+03
3.178485943793914998e+02
2.672214524008397802e+02
1.026179597168539885e+02
2.845166735328859318e+02
3.456459212919511174e+03
2.017522030976734015e+02
3.178239126813925282e+02
3.629977938464534759e+02
6.237465519212943263e+02
3.422478030587739795e+03
1.674731889739727876e+03
4.637463111203325639e+02
6.244822968498336877e+02
6.126229783947439955e+02
2.083258496167339672e+03
2.238638590534249943e+03
6.617849560403384430e+02
6.434415400822927040e+02
5.800405923076707495e+02
3.408170924598319743e+03
5.341580813534983463e+02
6.026680246764813091e+02
6.029755611776245132e+02
6.086098247729592003e+02
1.652341564016182247e+03
1.955921633942410836e+02
7.568582004397197807e+02
5.474331486430995710e+02
6.270905897852265980e+02
2.691735484665960030e+03
8.097381482988731705e+02
9.588406199053912360e+02
9.729186374322102893e+02
8.696005136520316228e+02
2.849247139993688961e+03
1.078223371214902954e+03
9.495622917008437298e+02
9.536843632547548850e+02
8.255159177304700506e+02
1.079715609028724657e+03
1.182245368773325936e+03
6.314060441006876090e+02
9.458455888572274262e+02
7.719297201960283701e+02
2.700664302968889842e+03
9.932688980918861716e+02
9.444165832326857526e+02
8.967683487002439051e+02
8.237544718935004084e+02
1.087063728310648685e+03
9.153716684291052843e+02
9.206351218330669326e+02
9.418082374428707908e+02
8.667151262527212339e+02
1.245186536444574995e+04
3.539200383926335689e+03
3.413855212763689906e+03
3.610258007868090772e+03
2.327603923357578878e+03
9.860541256533462047e+02
3.616217427661223155e+03
2.268465396895306185e+03
1.259073335152474101e+03
3.530053095298074368e+03
1.324793688613756785e+03
1.083225857935374961e+03
1.162119793946077152e+04
3.917915850879404388e+03
3.627540577770516848e+03
4.867897041499832085e+03
3.627992202171459212e+03
1.104223145008272468e+03
3.747183534130617318e+03
2.007423366363825608e+03
1.477509176888445836e+03
3.597971795931411634e+03
1.288874780705427611e+03
9.314963240262779891e+02
9.130985054242324622e+03
4.061937273584191189e+03
3.409529905852597039e+03
9.677706756876643340e+03
3.372826664294885177e+03
2.730407858850743196e+03
3.756255121747225076e+03
3.520077152039110842e+03
1.209811061832525866e+03
3.619136305571414596e+03
1.077566966856796626e+03
9.188021623748081765e+02
1.160149757184120972e+04
4.082513624160878408e+03
8.049637055001825274e+02
3.554243525184483588e+03
1.470423047698630398e+03
6.570784796025401420e+02
3.553165145888601728e+03
8.691763781417495238e+02
6.243820027079250394e+02
3.583767305729688815e+03
1.071666526613082397e+03
9.989274373626406032e+02
3.715571482006385850e+03
3.473202423625472420e+03
1.285510043422333638e+03
3.608682933401695209e+03
2.126451046991772728e+03
1.448115648868174048e+03
3.550883110804290936e+03
1.554717886746973363e+03
8.215813453922932013e+02
3.598927620259425112e+03
1.340517041853131104e+03
4.690271184376226188e+02
8.992782217228515947e+03
4.672284064468119141e+03
3.288170542085369561e+03
3.132743728293257846e+03
2.793163511532525717e+03
2.227017543124480653e+03
3.493176728072824062e+03
3.376805480829673343e+03
2.564827126366824814e+03
1.569624738538910833e+03
1.522441797933140833e+03
1.008050127655885035e+03
3.385011215097815239e+03
3.323715291187350886e+03
1.524405853855304713e+03
1.431972704027625241e+03
1.306400678224086505e+03
1.094384359386443521e+03
3.376232715254900540e+03
3.269082147909632567e+03
1.626856011190065601e+03
1.308571775420167342e+03
1.087439195937081649e+03
8.458599594420019230e+02
9.699078488342731362e+03
6.344097183459498410e+03
3.332004805841015241e+03
2.822615538014540562e+03
2.724407190659865591e+03
9.268703584574786873e+02
6.760490789897430659e+03
3.483234572479682811e+03
3.081280854531528803e+03
1.734454256760914632e+03
1.585814083149401995e+03
6.901577958511076076e+02
3.406141306093280946e+03
3.381810817908074569e+03
1.860841853351269492e+03
1.616418797052471746e+03
1.492463986338920904e+03
1.161925296075972938e+03
3.448457962013169436e+03
3.307809062797560728e+03
1.462936272736434375e+03
1.370307103431768383e+03
1.111689267811896343e+03
8.091741821849519738e+02
8.506912533482294748e+03
4.952344501701469198e+03
4.712672907307388414e+03
4.224497551924539948e+03
3.815533481686169125e+03
2.135018604618016980e+03
8.975776380902352685e+03
4.756886394542598282e+03
3.530479802235644456e+03
3.072140770683168739e+03
2.082882779547483551e+03
1.706789712085063229e+03
3.476719917511918538e+03
3.114042841487464557e+03
2.840156336536211256e+03
1.537434435747578846e+03
1.430923057535343787e+03
9.049487891419853440e+02
3.432148294009085930e+03
3.389189797422255197e+03
1.387555394192336280e+03
1.014806937784496995e+03
9.444523513766994256e+02
8.681788485704411187e+02
9.010635215322330623e+03
5.883191053461326192e+03
3.380381833503149664e+03
3.274135425853922243e+03
2.976796917332974772e+03
2.210337477077230687e+03
3.367125815750574020e+03
3.194333345247059242e+03
1.486062493846216512e+03
1.305803126835396142e+03
1.039120678202201816e+03
8.707559105004805815e+02
3.357879067669407505e+03
3.231456199643112541e+03
1.438674815028626881e+03
1.222425305007451470e+03
1.002072418578906195e+03
5.350014286025968886e+02
3.402251368144878143e+03
3.380064889624972693e+03
1.349456084702356975e+03
1.036517151379995767e+03
1.003267589079933828e+03
9.305775831500099002e+02
3.459639732928284047e+03
3.016448884272882424e+03
2.772612320710657968e+03
1.420398568150040546e+03
1.240519118240982834e+03
8.705139065049318106e+02
3.398693824618474991e+03
3.287815119167537432e+03
1.524262439451239516e+03
1.419415265835901664e+03
1.249919743386034725e+03
1.106988257640195570e+03
3.392068240654052261e+03
3.212107589567432569e+03
1.469580388881291810e+03
1.354570810007773389e+03
1.118819556217508762e+03
7.837318592357307807e+02
3.317204898068164766e+03
3.270886607288667165e+03
1.379809646691727039e+03
9.570495951568450437e+02
7.925687397168192092e+02
5.481047454365865406e+02
