2.336946971757319913e-01 -2.401688692600123520e-01 2.919844677440786712e-02 -1.490601049471245235e-02 2.415923840299116852e-04 1.130337229175875898e-03 -1.244911859960572548e-01 3.846628611851082846e-02 -1.321921434024699860e-01 -1.258634831621507633e-01 6.877029873649156966e-02 1.226255782760479196e-01
-8.925530199734489634e-02 2.798793344186016885e-01 4.314194135170881794e-02 -1.366076761145422654e-02 2.691945705432115601e-02 -6.863274135994882827e-03 4.333415292880529041e-02 -5.177132040025343024e-02 4.804948099694233282e-02 7.771085192549227749e-02 -7.565643366404491144e-02 -9.462481389983443125e-02
1.786314119098506709e-02 4.297424875191922788e-02 5.281626594218312709e-01 -2.052904338406811614e-03 -5.636072576276675468e-03 -1.927977275510868449e-02 -1.764381393938272424e-01 5.483001678841327442e-02 -2.720279420881893118e-01 1.676610293563462750e-01 -9.007268254875831770e-02 -2.463758069493048042e-01
-1.490601049471245235e-02 -1.366076761145422654e-02 -2.052904338406811614e-03 2.415034073096682110e-02 4.995612645452479411e-04 -2.014895700911638245e-03 1.720218173410217747e-03 1.086087446631010291e-02 7.265106488416121474e-04 1.087312498018345834e-02 -2.747102156816853130e-02 -1.025497967845165337e-02
2.415923840299116852e-04 2.691945705432115601e-02 -5.636072576276675468e-03 2.813347109054527631e-02 -7.577529308800149896e-03 3.608757025830600790e-02 -1.010317123469216998e-03 1.685097432774586550e-03 -5.437559061404650040e-04 -4.515462175678537290e-03 2.109938755384907841e-03 5.353978111941116655e-03
1.130337229175875898e-03 -6.863274135994882827e-03 -1.927977275510868449e-02 2.128621794975739390e-02 2.993796293575583245e-02 3.017892349949985800e-02 5.977316225709008654e-03 1.076476511774411213e-02 8.831738600815229601e-03 2.126808981930323941e-03 -2.733997070961778630e-02 -1.372370915568351963e-03
-1.244911859960572548e-01 4.333415292880529041e-02 -1.764381393938272424e-01 1.720218173410217747e-03 -1.010317123469216998e-03 5.977316225709008654e-03 8.865830594990452285e-02 -6.224146550654029164e-02 1.517519733366768375e-01 6.886990818966503072e-03 6.510910993667642921e-04 1.793976249158715439e-02
3.846628611851082846e-02 -5.177132040025343024e-02 5.483001678841327442e-02 1.086087446631010291e-02 1.685097432774586550e-03 1.076476511774411213e-02 -4.267984286720689913e-02 3.443762130059534882e-02 -5.461896509649977888e-02 -3.008327748392758665e-03 2.048435000921642896e-03 -1.047013777516755603e-02
-1.321921434024699860e-01 4.804948099694233282e-02 -2.720279420881893118e-01 7.265106488416121474e-04 -5.437559061404650040e-04 8.831738600815229601e-03 1.459836476154693363e-01 -5.118041903341113280e-02 2.971660473953326442e-01 -1.748057951283088149e-02 4.454864441468992659e-03 -2.978626957238814446e-02
-1.258634831621507633e-01 7.771085192549227749e-02 1.676610293563462750e-01 1.087312498018345834e-02 -4.515462175678537290e-03 2.126808981930323941e-03 6.886990818966503072e-03 -3.008327748392758665e-03 -1.748057951283088149e-02 8.608097266035537320e-02 -8.485689176470646855e-02 -1.403317593757087978e-01
6.877029873649156966e-02 -7.565643366404491144e-02 -9.007268254875831770e-02 -2.747102156816853130e-02 2.109938755384907841e-03 -2.733997070961778630e-02 6.510910993667642921e-04 2.048435000921642896e-03 4.454864441468992659e-03 -8.044314114437309260e-02 8.580216075264440745e-02 1.040222955249886921e-01
1.226255782760479196e-01 -9.462481389983443125e-02 -2.463758069493048042e-01 -1.025497967845165337e-02 5.353978111941116655e-03 -1.372370915568351963e-03 1.793976249158715439e-02 -1.047013777516755603e-02 -2.978626957238814446e-02 -1.332271330786653774e-01 9.921213981708916496e-02 2.626086130964995213e-01
