2.734100284080062115e-01 -1.097765061885673937e-01 1.177782105474529939e-02 -1.066685109956749984e-02 1.509831516497000007e-04 -1.626870463786366652e-05 -1.313699476030102120e-01 4.034547978267870316e-02 -1.407025207308802983e-01 -1.313732297054286124e-01 6.928004325423879617e-02 1.289409683807729023e-01
-1.097765061885673937e-01 9.185015750180659799e-02 5.067569468730449833e-02 -1.201111463422750020e-02 3.088395510170910060e-02 -4.879698524218200120e-03 4.219910090391810337e-02 -4.439642330177730190e-02 5.214526878219759992e-02 7.958851991887680444e-02 -7.833768930173830303e-02 -9.794126494528390681e-02
1.177782105474529939e-02 5.067569468730449833e-02 5.586865931901869864e-01 1.288834073707800050e-03 -4.879579224170599826e-03 -1.406725170214159944e-02 -1.807538262623392955e-01 5.839510898073699968e-02 -2.892820242952123810e-01 1.676871711338860926e-01 -1.041912244438708973e-01 -2.553373171928330909e-01
-1.066685109956749984e-02 -1.201111463422750020e-02 1.288834073707800050e-03 3.828324999918799806e-03 1.113278904504799932e-03 -1.194556377551000059e-04 3.419245899813999796e-03 5.486620705660199757e-03 -2.331942176695000091e-04 3.419280099834600024e-03 5.411215024062400111e-03 -9.361842182830999899e-04
1.509831516497000007e-04 3.088395510170910060e-02 -4.879579224170599826e-03 1.113278904504799932e-03 -3.600388446130879661e-02 4.656910205919399803e-03 -3.873605603764000184e-04 3.382710289233799815e-03 -8.085861056013213342e-05 -8.769013963489999787e-04 1.737219070365900089e-03 3.035276288111999916e-04
-1.626870463786366652e-05 -4.879698524218200120e-03 -1.406725170214159944e-02 -1.194556377551000059e-04 4.656910205919399803e-03 6.895892761390000347e-03 2.349018339018499931e-03 7.882502489533999707e-03 2.762989210952099955e-03 -2.213294007294900126e-03 -7.659714171235300004e-03 4.408369729799400255e-03
-1.313699476030102120e-01 4.219910090391810337e-02 -1.807538262623392955e-01 3.419245899813999796e-03 -3.873605603764000184e-04 2.349018339018499931e-03 1.191127277031021059e-01 -4.253285042294630003e-02 1.595317415371222958e-01 8.837974000093999638e-03 7.211100794046000411e-04 1.887306638619840049e-02
4.034547978267870316e-02 -4.439642330177730190e-02 5.839510898073699968e-02 5.486620705660199757e-03 3.382710289233799815e-03 7.882502489533999707e-03 -4.253285042294630003e-02 3.971643313204799991e-02 -5.578241190836830121e-02 -3.299250065392599855e-03 1.297279772163599911e-03 -1.049519953954740001e-02
-1.407025207308802983e-01 5.214526878219759992e-02 -2.892820242952123810e-01 -2.331942176695000091e-04 -8.085861056013213342e-05 2.762989210952099955e-03 1.595317415371222958e-01 -5.578241190836839836e-02 3.164377921648497960e-01 -1.859602658857230015e-02 3.718001659086199971e-03 -2.991875697225769917e-02
-1.313732297054286124e-01 7.958851991887680444e-02 1.676871711338860926e-01 3.419280099834600024e-03 -8.769013963489999787e-04 -2.213294007294900126e-03 8.837974000093999638e-03 -3.299250065392599855e-03 -1.859602658857230015e-02 1.191159756054998992e-01 -7.541236845713510106e-02 -1.468778505380188004e-01
6.928004325423879617e-02 -7.833768930173830303e-02 -1.041912244438708973e-01 5.411215024062400111e-03 1.737219070365900089e-03 -7.659714171235300004e-03 7.211100794046000411e-04 1.297279772163599911e-03 3.718001659086199971e-03 -7.541236845713510106e-02 7.530319046867879618e-02 1.081329369442732002e-01
1.289409683807727913e-01 -9.794126494528390681e-02 -2.553373171928330909e-01 -9.361842182830999899e-04 3.035276288111999916e-04 4.408369729799400255e-03 1.887306638619840049e-02 -1.049519953954740001e-02 -2.991875697225769917e-02 -1.468778505380188004e-01 1.081329369442732002e-01 2.808477043258211792e-01
