0.000000000000000000e+00
8.453102259712667052e-04
9.679874512001769528e-04
7.231267164168611039e-01
-1.396792942300143850e-05
9.232652974693778426e-04
4.970478837839386807e-03
-4.838099619715781691e-06
1.235919916839911570e-05
2.733396344889234709e-03
7.748199973847636098e-03
1.951697393940639725e-03
1.308207119411734266e-02
5.945205316619868625e-04
7.814749492777603446e-02
5.008392229038235999e-02
9.126450929497931241e-03
2.132281580743007887e-01
1.045394849111732369e-03
3.570164562658462024e-05
7.178695291358957488e-03
1.756933094589034107e-03
1.199812135490363528e-04
9.029742500848262493e-03
9.247077132236158903e-04
5.581164248513958981e-03
9.951079633203015889e-03
2.553394356767787142e-04
8.397880333927416896e-03
9.175535867200360421e-03
7.436984168338148758e-03
1.378021005173923862e-05
0.000000000000000000e+00
5.660631711909550577e-03
1.019994584891608866e-02
2.582851716245733887e-03
3.894362618579153999e-04
1.338062956956786315e-02
1.292067556227082664e-02
-1.143327713204911360e-04
7.993396898134896150e-03
