-2.976704886411774215e-04
-9.418504668781876301e-04
-1.014401193829591328e-03
4.150341969340233528e-02
6.996527708302835700e-08
-4.360951557368005085e-05
-3.833683213859743772e-03
9.784913620099662566e-11
-1.294617492605028805e-05
-1.760160683872413808e-10
0.000000000000000000e+00
-1.700683437617415538e-03
-2.972331948446963693e-03
6.652862294734459821e-05
-2.674678650281000266e-03
-2.423502898269854454e-03
-2.082091077431262247e-03
3.154189351874207701e-05
1.602195984651951389e-03
-3.261912784157528031e-03
-2.660597225383254383e-03
9.113988989728831827e-03
-2.810308230662920698e-03
2.495484583010446739e-04
-1.323550370732136828e-04
-8.614840270408042006e-04
-1.513006376644199290e-04
-4.812905011712572127e-04
1.837009867992437644e-06
-3.809383145820207425e-04
-4.428817175401222666e-04
-6.550821652596534829e-04
0.000000000000000000e+00
0.000000000000000000e+00
-6.984321112790681029e-07
1.401935736440614423e-04
5.762510042051823271e-05
1.455447100412084577e-05
-4.715855878657897036e-05
-1.984917926043161583e-04
-8.452724678689701229e-04
-3.761388743196943715e-04
3.890187439112846590e-04
-1.623368823222278356e-03
4.692027803325042414e-10
2.398281140512252053e-04
-1.467682364256028870e-03
4.446511027082304276e-07
-5.201970148829282572e-05
-4.260493439526650944e-11
0.000000000000000000e+00
-6.555260034791417505e-05
-4.943218455813794786e-03
1.263688700451200630e-04
2.015060973550949000e-02
-1.345778509749706586e-03
7.222679828415105005e-06
-1.832968789586845483e-03
-1.635367961790978875e-03
1.160160745351153829e-05
-1.931718650719356999e-04
-2.090759358259190303e-03
-1.801812019369464278e-04
6.335950593511589237e-05
-2.405933739024239068e-04
-1.048520952780133486e-03
-3.912932269241053702e-05
1.115093093510358993e-05
-3.255468950947637335e-04
-8.502406571050465274e-04
-8.827891496150152900e-04
1.227016588336867333e-04
0.000000000000000000e+00
0.000000000000000000e+00
-3.557098548793750318e-04
2.943297255910530281e-03
-5.471695072015651633e-04
-1.436965129113273142e-03
-9.895268242008814930e-04
-4.703978351131491548e-04
2.464887616453914523e-04
-1.332044925460314612e-03
-3.463579606049445921e-04
0.000000000000000000e+00
0.000000000000000000e+00
0.000000000000000000e+00
0.000000000000000000e+00
0.000000000000000000e+00
0.000000000000000000e+00
0.000000000000000000e+00
0.000000000000000000e+00
0.000000000000000000e+00
6.218690880778798662e-03
2.931802146824240003e-04
-1.752981736023687988e-03
-1.602466491837765484e-03
-1.937590109067096169e-04
-2.132376108176107566e-04
1.033751603231443904e-02
-7.543721660048241246e-05
3.564419450458825023e-02
-7.855104749357851718e-03
-4.303991842768565938e-03
-2.490675566829203720e-03
-1.478946421345828154e-04
-1.170798792086376761e-03
-9.711741291023996648e-04
1.041219667453097044e-03
-3.931747773081288198e-04
-2.962972342969013239e-04
-4.096935507783709186e-04
-3.457437627730393652e-05
0.000000000000000000e+00
0.000000000000000000e+00
5.555791019832648930e-08
9.642367593024244994e-05
-3.100538605347609835e-04
-7.526056301128866391e-08
-2.334845640479403018e-04
-3.975524604674947728e-04
-4.015012518323146759e-04
-2.190443171980790103e-03
-1.087714782379278810e-03
-1.504739291104247425e-03
-1.126081746368375570e-10
-6.175032323925858796e-03
-2.984777507572348581e-05
-1.375582018662650288e-10
-1.340249858951699435e-03
-3.959754006170139161e-10
0.000000000000000000e+00
-3.749482576246306476e-03
7.540243911190458719e-05
1.085896108354929724e-04
-3.028611174538616262e-03
2.251381841082385541e-04
-1.613297329203788877e-04
-1.954934102925627842e-03
-3.993761253447081216e-03
1.332267629550187799e-16
-6.610901677055321069e-04
3.521879989771729315e-03
-6.614942681134235350e-06
-3.664871760629307036e-03
-6.485416397250531608e-08
-5.283107851813184435e-04
-1.065327159656496574e-04
-7.719958123992546771e-04
5.357948474858708959e-04
-6.443267628561289307e-04
-1.803766415002128090e-04
0.000000000000000000e+00
0.000000000000000000e+00
0.000000000000000000e+00
1.320133502090333407e-05
-5.809533560340085284e-04
-6.564933793895110902e-04
-1.217536179098921423e-05
-5.222920500786691232e-04
-9.241615790539873534e-05
5.128344762204509752e-04
0.000000000000000000e+00
0.000000000000000000e+00
1.390910098603540890e-03
-1.784286807932670635e-04
-4.575624141205632614e-03
2.836881183998119123e-03
0.000000000000000000e+00
-2.156937498393711114e-03
-3.890914257453914874e-11
0.000000000000000000e+00
-3.317615893156511311e-03
0.000000000000000000e+00
0.000000000000000000e+00
0.000000000000000000e+00
0.000000000000000000e+00
0.000000000000000000e+00
0.000000000000000000e+00
-8.989994848463729246e-03
-4.296803118693700260e-06
-1.661270949938731256e-03
2.148412896246920580e-03
-2.345983962546112963e-03
-5.159847063038070381e-04
0.000000000000000000e+00
0.000000000000000000e+00
0.000000000000000000e+00
0.000000000000000000e+00
0.000000000000000000e+00
0.000000000000000000e+00
0.000000000000000000e+00
0.000000000000000000e+00
0.000000000000000000e+00
0.000000000000000000e+00
0.000000000000000000e+00
0.000000000000000000e+00
0.000000000000000000e+00
0.000000000000000000e+00
0.000000000000000000e+00
0.000000000000000000e+00
0.000000000000000000e+00
