0.000000000000000000e+00
-2.610723237112940408e-04
1.397330854776779319e-03
9.541861419787178722e-01
-3.428616039491183326e-04
5.552773100344928327e-04
1.708857746834010040e-03
2.537943334362413486e-04
-1.169107481006736977e-04
-3.277578409476955665e-04
1.072632290068449958e-03
1.424566829035726456e-04
1.229965138222836180e-01
9.457372656164834621e-03
2.187486982101508326e-01
2.939977518674492460e-02
1.678703773580443928e-04
1.016313657306670559e-01
1.349619404719093561e-03
-1.387089525708103555e-03
5.274646171694256057e-03
2.326306176235378494e-03
-1.500441190604299415e-03
-5.398374651423010206e-04
2.269231358966875890e-04
1.466129911938633158e-03
2.072000593282689526e-03
2.821444279256975500e-04
3.429565404813457799e-03
3.477186009792987333e-03
7.329000140962419212e-05
-8.616162902237433925e-05
0.000000000000000000e+00
0.000000000000000000e+00
6.442686039087597633e-06
3.471614980437376288e-03
2.569560848495074361e-03
4.466572982929332795e-03
1.608964619803628614e-03
6.599440708273600180e-04
1.954168992432843855e-03
