2.193811125962434106e-04
8.511145230438722076e-06
-4.387992511049413999e-06
4.205786761519725997e-02
5.791204552944388167e-12
1.020922063097155248e-04
2.090070730816663558e-02
7.154264947129007624e-08
8.116093726272903259e-05
4.609580595005269288e-08
0.000000000000000000e+00
7.498474881592423773e-05
4.800400714208545193e-04
4.165858397177905730e-03
2.191068961520096624e-03
2.220251270967254944e-04
3.163146646669723474e-05
1.062495635304472330e-04
2.401740476388606119e-02
5.261971123557233481e-05
6.400132473973241080e-03
3.195404370089322682e-02
9.619938510686172899e-05
1.054377512540449063e-02
2.170169755880690943e-04
5.238660021348687945e-06
1.550831758082031088e-03
4.015532119287060740e-03
7.702823757245921471e-06
1.495053267400684805e-03
2.383058202308034005e-03
-6.245325564376476640e-06
0.000000000000000000e+00
8.608828989483156228e-04
-6.816286377479367383e-07
4.404481452224828892e-07
7.872231321092530427e-05
1.011700079067701097e-05
-2.497755987299991166e-07
1.971726093378685894e-03
2.814912492152066206e-03
4.453676033448298762e-07
1.269502631407718905e-03
6.700808725970415665e-03
3.882729959769903871e-08
-3.568909996076730096e-05
1.883730743533367988e-02
-5.888841258322822516e-05
1.091038288522749839e-04
3.708641693152732953e-07
0.000000000000000000e+00
2.545125903854546950e-04
5.850361877469308363e-05
7.257416193502915554e-04
-6.436121797653034495e-04
1.698941125071350838e-02
6.462566721318729456e-04
3.110500148962436120e-03
1.167453849647630618e-02
2.665433379108368959e-06
2.546959047586912933e-04
4.689633851056481707e-03
4.392027274550495275e-06
1.900252859452944312e-04
7.267003528229250286e-05
5.282779457076240172e-03
5.897556188145802465e-05
6.124738650414777823e-04
1.787568716279371549e-03
4.326401497033479163e-03
5.784695683928054236e-03
2.533467249171324762e-05
0.000000000000000000e+00
9.431522040047305875e-04
-7.918527529238162098e-08
5.216872487712187648e-06
2.822240524786257150e-03
1.704090949665023171e-03
5.732029186611420696e-06
1.390897093463368652e-03
2.496417787580814274e-03
3.936575018241109983e-06
3.922282509848607152e-04
1.057808499233419894e-02
-6.642603749347960166e-07
8.535126490644510402e-05
9.153938176925202272e-03
8.560855728016273807e-13
1.199476391335515120e-04
3.708557516265050266e-07
0.000000000000000000e+00
1.553849739689046948e-05
2.040704032202578179e-04
3.488614135423562354e-04
-6.798220699661295264e-04
6.187986642875868346e-03
4.917157339296984459e-05
1.061672827429068454e-03
3.187103755777642884e-03
4.944406722214485758e-06
2.686604527488249336e-02
2.911280402620090510e-03
1.812903325362214126e-05
1.678114557463464621e-02
-4.899006870395794310e-07
3.521802755646064043e-06
1.495552485984067695e-03
1.489095725489460652e-06
1.708797047346070387e-03
2.187431109624641493e-03
-3.332784146209041007e-05
1.264957284621281952e-05
0.000000000000000000e+00
4.990356132818174690e-04
5.017352672528414999e-04
-1.136551308994430487e-03
7.275248128009911258e-07
1.918555489474046104e-03
4.436556673382237911e-04
2.248992554236176923e-03
6.521129484884295550e-04
1.265154372925766111e-03
-3.122821375193633444e-07
4.880990525512644666e-03
1.347549479409811511e-11
3.476430755387689844e-05
1.409011044997177152e-03
9.602681612837689372e-12
8.473268151550398478e-04
3.557818325135760757e-08
0.000000000000000000e+00
1.401580104186968658e-03
5.190096797677678630e-04
1.717512367171991670e-06
1.377115935638273392e-03
7.294142071395033969e-03
7.866635570311272514e-05
2.355853320817373139e-04
2.485440586452725142e-04
1.201883037538209505e-12
1.420048664002434235e-04
3.163059567476519084e-03
4.095838717373586501e-07
1.462869293163178951e-03
8.524426368864783377e-06
4.042960813469183707e-05
2.453793672451206492e-04
1.873191034779853005e-03
4.764116918331377511e-05
9.928578448873773637e-07
2.284974632775623403e-04
0.000000000000000000e+00
0.000000000000000000e+00
3.039703271941659228e-06
0.000000000000000000e+00
6.874320558555671882e-05
1.492408873986272920e-04
4.766544776544664021e-04
1.740735839358039177e-05
2.413036992774397624e-05
5.571294691995761086e-05
0.000000000000000000e+00
0.000000000000000000e+00
1.892833439302384416e-02
5.819953191599225306e-07
3.518442478755619556e-04
2.221446304613294910e-05
3.274273028560278231e-07
8.528297182466281780e-05
-8.258801050449922951e-13
0.000000000000000000e+00
4.620841017241546830e-04
1.954381020184207431e-03
-2.105937794964300121e-06
9.549998979054100676e-05
2.505213648558439216e-03
-6.865406658062677813e-04
-3.571815674696665695e-06
9.054264898426423337e-04
1.979691840727252846e-04
8.325638288600482276e-04
2.147548819648292914e-04
1.088199094453686389e-03
1.694191400470904975e-03
-7.050775182325663692e-04
7.002083075562677951e-04
2.290593810020539415e-03
1.746289371622770361e-03
2.293909831931895262e-05
0.000000000000000000e+00
1.273684463091003449e-03
0.000000000000000000e+00
0.000000000000000000e+00
1.636124156443319186e-05
0.000000000000000000e+00
0.000000000000000000e+00
8.721080316911988383e-04
7.495773318733078499e-06
1.256092383687653366e-03
1.432329454345015984e-05
-2.745370743307459015e-05
