1.498234996142452057e-02
9.856005837762709179e-03
4.807399964497823494e-06
3.148175616104063185e-02
2.463335041763540633e-03
9.681542143456030487e-04
1.390148989553133436e-02
1.073971798184933900e-02
-2.516976138036364436e-04
1.817448015525968685e-03
8.515640363600714951e-07
1.649351900604815451e-06
1.871306865877938241e-03
5.432591141058207285e-03
1.494847969401262057e-03
7.344611878450887140e-04
2.581521823721363179e-04
1.893828476909235371e-03
1.202251064486162431e-02
6.387842085634846945e-05
2.021358508290283136e-03
6.169708895601999990e-03
6.561371875789904769e-05
4.849148033686138254e-03
2.735157185336234488e-05
1.050640546771693633e-04
4.782921908976038437e-05
9.060989768320925741e-04
2.391193054894399025e-05
4.044475138170055759e-03
1.058213483713074492e-02
1.188645886140315993e-04
0.000000000000000000e+00
9.479587335477506274e-03
8.028628630044979542e-06
2.782479260285371844e-04
1.224783648205988573e-03
2.191827376150830772e-05
-3.818898207870128920e-03
3.339381006532231014e-07
2.678786611876445619e-03
1.480628681487239294e-05
6.708429478043952967e-05
1.985409233924088478e-03
6.415028823101172860e-03
3.534067392526374146e-04
9.670147988237790676e-03
1.023474630476221272e-03
8.330462825837752267e-06
-1.368585512191359654e-04
7.449130317225716603e-04
-1.961951586219405280e-05
1.688181525429327881e-02
1.510863588907462819e-03
1.826000258690761019e-02
7.908419378581147633e-04
9.072050537264341754e-05
7.327345144582774871e-04
1.625071580552049644e-02
4.974738457227031138e-06
2.173244878966907462e-02
4.860276973781631205e-02
6.946430063381470177e-05
2.600678119949440068e-03
1.120503475846986287e-03
3.730554875993460028e-04
1.902010310324135992e-02
1.365464849091258068e-03
1.487348000703908948e-02
7.708919902243419574e-03
1.016835675064831134e-04
2.505839944905407981e-03
0.000000000000000000e+00
4.207443889512729913e-03
-1.097576120318392473e-05
1.139398357748314279e-02
7.632134547385834846e-04
3.265015899698320203e-03
2.716180460271392944e-03
9.997471863032458404e-07
2.771552426781775762e-03
-4.429343905654192675e-07
-2.571330056788667746e-06
2.079070630571289158e-02
9.886204306240993500e-03
3.571108628358521386e-03
1.254886423335590563e-02
8.884612303928837024e-03
4.509852676858772005e-04
9.735808824342447043e-03
1.090688478736131091e-05
5.571805230678942518e-07
4.253780192249279057e-02
2.868635352631954041e-03
1.117319711099143582e-02
1.424311016934562933e-02
2.901607176275284097e-02
4.370372889532792016e-04
1.578305633995613633e-02
6.070688423672384448e-05
2.779482687142682470e-02
1.398676622756227575e-02
5.277142129577565006e-05
1.776564182871383625e-03
1.081175450377743416e-05
6.726759648769675150e-05
2.098278899263136040e-03
1.049749749029900843e-05
9.843553962381339228e-03
4.545205474239466352e-03
1.423638837279634847e-02
2.751282578531781192e-05
0.000000000000000000e+00
6.045287286158200317e-04
2.370211937304208313e-03
5.795457638334126395e-03
2.672829680540611541e-03
1.606605908459031787e-04
4.647033225515488294e-03
3.674720527202524067e-06
2.340307947029418665e-03
2.380294224462916328e-05
2.829381051982989264e-03
2.295813377507956599e-03
3.280403107390653973e-03
5.330994572396349209e-04
3.167395153108139814e-03
6.820049904938673975e-05
4.271856971315527991e-05
3.658302914772685764e-04
5.960753313494215888e-06
2.053969857006550902e-03
1.066427007059870570e-02
1.171979756789305258e-02
2.612105764943424991e-03
-4.594472670594799252e-04
3.591163644021031637e-02
8.748726864350760525e-04
1.259100577219475665e-02
-3.830110415078117779e-04
2.375747604037492435e-03
3.311174818901653494e-02
3.707902661404342273e-05
2.467683602435322360e-04
4.660381302697599001e-06
1.424772430467310003e-04
6.353306995646586198e-04
1.186685661864187846e-03
2.886949641407439947e-03
1.874722019033894099e-02
5.621990130745239608e-03
0.000000000000000000e+00
0.000000000000000000e+00
5.546452601662364007e-02
1.045290427115756326e-03
1.374455238525085275e-04
8.372582993962929807e-05
-8.787699304499963491e-05
2.647952905736568937e-03
6.663974329172243735e-06
1.439552307715264573e-02
1.883407542561480862e-06
1.491841488969562366e-03
1.594371526892360627e-02
3.431702558872447794e-04
4.783228203709984474e-04
8.632980599655818441e-05
2.665029465692173808e-04
1.330042891028525125e-02
1.467178519416467776e-05
3.477007462016068304e-06
1.592699812593637932e-03
-9.174833047480272395e-04
3.736762496549587715e-03
2.942431715422018628e-03
1.247792374514688964e-03
-1.009084327686607559e-02
9.317077360429785625e-04
5.221995730886086137e-03
-7.757852792019311601e-08
4.099718200853974401e-05
1.255485617890990911e-02
-1.583634665083118675e-04
4.551953599464305528e-03
9.714507029845442109e-06
4.243324852089854111e-03
2.138433588984349053e-03
8.691300840583486554e-05
9.737670294942621027e-03
1.499653356927262583e-03
4.464565512264003226e-05
1.898456405083918420e-03
0.000000000000000000e+00
2.568184467033220175e-02
8.150362004487672792e-04
0.000000000000000000e+00
2.686421626991849099e-03
7.423754899342031041e-04
6.925062235150510450e-04
2.037409620898748223e-03
-8.309726226898294667e-05
