0.000000000000000000e+00
8.288887043680285942e-04
8.795722113954962829e-04
7.773694409563163266e-01
1.114207102745227562e-03
1.193072380060537266e-06
3.008426698494150869e-02
1.337462174420582181e-04
2.604269980377438287e-05
5.435089409524677994e-04
8.283696452946465714e-05
1.901745408176195576e-03
1.782868620815130159e-02
1.677340460388772716e-03
5.577489283141221638e-02
6.495175248546154745e-02
9.438300285486119282e-03
1.974364193436123072e-01
1.457730031056188834e-03
7.531925566258330939e-05
3.547943369141459604e-03
1.523303419876106046e-03
2.191430850951340767e-04
1.559178444052770505e-03
1.176613897374549200e-03
5.653675873484642405e-04
1.979403175395215084e-03
1.671321299227845978e-03
1.646804529273830197e-04
3.298486076628237389e-03
-3.944756142418033963e-04
2.632606835846207428e-05
0.000000000000000000e+00
1.224854371552700763e-03
2.374463082632398154e-03
-2.819955950702872078e-04
1.069275877844777511e-03
2.983051358935129467e-03
3.310287571903621439e-04
2.163162427457014387e-03
2.493002136395650221e-03
