-4.902300722752291236e-04
-1.707439276832152953e-03
1.514926627268486891e-05
-1.569890003783647224e-03
4.102736907311370013e-06
2.646496396001119075e-04
1.712985937016764295e-03
3.612755746636627567e-07
-3.202109446319489688e-04
2.984669468612347891e-08
0.000000000000000000e+00
2.401586368703541698e-04
-1.961134566140117653e-03
1.774110569005227179e-04
-1.296739331747269073e-04
-2.129703164635447354e-03
1.089045332569593683e-05
-9.043850713746100613e-04
1.189579925240202883e-03
7.958977691172227904e-05
-5.396715040417202850e-04
-1.254277087402059588e-03
2.730565446336837444e-06
-7.202148657064662838e-05
8.686725809152010341e-06
-2.151757602690374080e-04
1.912180271728865786e-05
-2.540938076071401221e-06
-8.096629320798169214e-04
9.622954577797049596e-05
1.293518478976037473e-05
3.006884013438219577e-06
0.000000000000000000e+00
-4.886413612712766199e-04
5.662971911056210225e-04
2.359752202647502696e-05
-1.186568267143835740e-03
-6.740658760748956301e-04
1.507828570621964350e-04
3.151892659458699342e-05
-9.202237671495084031e-05
-2.081314699424001086e-05
-1.014215326751906777e-06
7.398353924981189607e-03
1.205473645349286504e-08
1.856325937617420044e-04
8.032502782576574031e-04
1.332266711349857288e-05
2.107105340603580509e-04
5.102747261768551832e-10
0.000000000000000000e+00
2.741442088704341691e-04
-1.326375961667055313e-03
-1.568982811400765386e-03
1.713709746165396344e-04
-1.598007570924919784e-03
1.251643294359894366e-05
-6.104076510133153168e-05
-8.705844789407575892e-04
2.676515556565562007e-06
-1.446261274072805747e-04
3.527378201956247582e-03
1.516577221634859105e-06
1.571896203406808576e-04
8.240121372642406343e-05
-1.330429785226801710e-03
-1.708453994729053436e-03
-2.214764862278192025e-04
-1.309140056353926386e-03
5.018225900094967383e-04
-4.527317105000132065e-04
1.865913947835343980e-05
0.000000000000000000e+00
8.475869748980254794e-04
2.874947964583244656e-05
2.291216951277874508e-07
6.559642096416832277e-05
3.684029607882906976e-05
2.344080855417226067e-05
1.894576417113362081e-05
-1.351997257200077173e-03
1.976942122161595705e-05
6.234880325717284338e-06
0.000000000000000000e+00
0.000000000000000000e+00
0.000000000000000000e+00
-1.762012029412248287e-05
2.810862653745971531e-13
-2.433330348409571807e-06
0.000000000000000000e+00
0.000000000000000000e+00
1.524191993055682697e-06
-1.618757325982023241e-03
1.460219892321331151e-04
4.132999864851235163e-04
-2.268525265314706371e-03
-3.732876899519806720e-04
7.726348101704842101e-04
-2.142803266151379130e-03
3.024219484631940347e-04
-1.190686214113874895e-03
-1.776516660459748209e-03
1.845881275505771146e-03
-8.740622168542284636e-06
1.461902766403492709e-05
2.471350483405446947e-06
7.518108111395082629e-05
4.294812174316190725e-05
2.217890365866873917e-06
-1.326869411751048890e-04
-1.210467323701595315e-06
-1.449751316292176687e-06
0.000000000000000000e+00
-1.374784044596122357e-03
-2.049113426999464138e-04
4.140037611177760262e-07
1.939664463574445827e-04
-6.435523197086807879e-04
-2.057303461012590317e-04
-1.142164098765781777e-03
-3.053714899390177150e-04
9.338848667158246308e-05
1.034389762436897341e-07
-1.073626596334261319e-03
3.695198221180066506e-06
1.257181103193838413e-04
6.341563135410972784e-05
4.883967495687239854e-07
1.221612583984417850e-05
7.888528476587274864e-05
0.000000000000000000e+00
2.772926352436015166e-05
-1.026780045914232843e-03
2.137712453225211918e-04
5.308537359338523455e-04
5.051818791546162403e-03
1.348751913303747262e-05
2.198739453873462479e-04
-2.539456115078686429e-03
2.417616301405208380e-06
1.535393926381948605e-04
-1.659079906936892492e-03
4.670564202058358040e-09
-1.377987507460505967e-04
-1.782450031956990966e-03
-3.727863777977624801e-04
-8.816361561968299792e-04
-5.136127234753428816e-04
7.676055420772580383e-07
-3.190194779731185120e-05
-1.264360809916246554e-04
0.000000000000000000e+00
0.000000000000000000e+00
-2.485286425794478848e-03
3.943675835767231465e-04
-8.781202527711565748e-07
4.751924197082443011e-05
-1.399637338019954491e-03
3.847538455252763883e-05
-9.515898405750399924e-04
-2.797451604629260674e-04
0.000000000000000000e+00
0.000000000000000000e+00
3.929115274107257243e-03
-2.924049670320153733e-07
1.173669178627193970e-04
1.587264955200303471e-04
5.740859725082240836e-07
1.034929804991350540e-04
-1.109711287320772977e-06
0.000000000000000000e+00
-8.807175279324545251e-04
3.349296361259135595e-05
1.637484990565004346e-07
8.334525564886637855e-07
2.431185375227536624e-05
1.120019880388826432e-06
-1.430762262059440995e-06
-1.631104800337020589e-03
8.240610777228891970e-06
1.272462652308033518e-04
-1.702593144788481627e-03
-5.146380225913294026e-04
-8.450328095887267967e-04
-8.446472937369738903e-07
2.394302092589839609e-07
2.191825405395419981e-07
-1.001423780729500909e-06
-1.044703432132957690e-07
0.000000000000000000e+00
4.277100356686602483e-06
0.000000000000000000e+00
0.000000000000000000e+00
0.000000000000000000e+00
0.000000000000000000e+00
0.000000000000000000e+00
0.000000000000000000e+00
0.000000000000000000e+00
5.028282191362383887e-08
-5.205941858340187283e-07
-3.073038153870536911e-07
