0.000000000000000000e+00
1.908064814742875060e-03
3.394515013198873494e-04
2.207812120987543703e-01
2.415666150395994263e-02
1.093471499864238049e-02
8.228523650173898141e-02
1.045113243398247162e-02
1.142385280849714420e-02
1.764506280286705364e-02
1.205422429064056597e-02
6.464003452809981634e-03
7.221822191802999835e-02
4.705603335248284037e-03
6.990152591218794231e-02
6.474550512160900939e-02
1.482870024252932843e-02
7.074900151307317309e-02
9.290918917416268394e-03
2.116273095207713787e-03
3.397745541026860657e-03
7.831615726385391177e-03
3.462869441447180389e-03
3.917258079407422329e-03
2.520251899174152932e-03
5.092924583457116017e-02
9.750601586902986340e-02
1.140546171585402882e-03
7.428802957146424246e-02
2.009802756259437828e-02
8.638648866168201039e-04
3.969203733099324442e-03
0.000000000000000000e+00
4.129916436967021563e-03
6.084592006375233019e-04
2.870431638402570935e-03
3.039261266147234592e-03
1.103932733030699859e-02
6.356913766863018893e-03
2.832822092485069113e-04
2.919784678481640583e-03
