-2.476677915060528440e-05
-7.002019036365473301e-04
1.378594573731461883e-04
5.328973897159501941e-03
1.741863083099352285e-05
3.054116859726836979e-03
1.993894377901176893e-03
3.627942528600473229e-05
3.454166473220832254e-04
4.440892098500626408e-17
0.000000000000000000e+00
1.642284507478312559e-03
1.861645842466236669e-02
2.178805920769614547e-04
-7.330210353108028258e-04
-1.607940196121537824e-03
1.124596843921891494e-04
2.593365569553955250e-04
1.432420436684232572e-02
-6.222277962306677610e-05
6.824680867644650640e-04
1.402101847513907186e-02
1.160002296563137692e-04
5.847071304845963269e-03
-1.418621725094267516e-03
-4.120295846796221632e-04
4.136101847194003311e-04
8.123852265959019764e-04
-2.040525416213527250e-03
2.174115972728429689e-05
1.901137215090509215e-03
1.399442030158182140e-04
0.000000000000000000e+00
-1.063387256867542917e-03
-4.202894160366306702e-04
-1.377801909298644522e-03
2.547160577122712603e-04
-1.411637992900486747e-04
-2.633537396113213008e-03
1.336651899291959212e-04
1.113808220610431228e-05
-1.228431652938688457e-03
-1.062314984435023673e-04
4.044221448658014140e-04
-1.633909304151378299e-11
3.141339646047643596e-04
-1.326197997041841112e-03
-1.710948716038274246e-10
4.166729122703142336e-04
4.793568505837934052e-07
0.000000000000000000e+00
5.462501242477305627e-04
6.682436629428245567e-04
1.427139395564861748e-04
6.805064417915766221e-04
-5.056326945101015553e-04
4.033286011721001090e-04
1.856068626089920357e-03
9.793153294681267856e-03
-1.512963162160948118e-10
1.123215648070822591e-03
1.014649428073224370e-02
1.960498247700245066e-05
1.394669920861169076e-03
6.727504025290172336e-04
-1.530360336205053629e-04
-3.157928350132399370e-04
-3.758462601711013980e-04
-2.384157595312667247e-03
-1.188931728642443099e-03
1.808300958300298154e-03
-1.668452400093019760e-04
0.000000000000000000e+00
2.102339599974486269e-03
9.381786050666936498e-05
-6.130663511250873947e-05
-1.455793068624096787e-03
-1.070850767844387479e-02
-1.499183501839300003e-03
-1.115271442007426030e-03
-2.029185143381987896e-03
-4.149798616515098964e-07
3.342501894925131993e-05
-6.904358097445725297e-03
-5.482267972922727365e-11
6.443530134838078901e-04
-4.703647050428842562e-03
-6.721005233837711003e-11
4.506542266242326571e-04
-3.877266433841934148e-10
0.000000000000000000e+00
-8.378510442284880849e-04
8.360030922667830659e-04
-1.229698120199795818e-05
7.778466566823164950e-04
-2.725283368087601525e-04
2.469642162087707854e-05
5.325294741434542182e-04
-9.771215468576807325e-03
2.740728205899101372e-04
3.717642648403093105e-03
-9.552198986278888013e-03
2.128263833485188883e-04
2.612656720784330752e-03
8.575555089507247092e-06
6.303138692915025989e-05
-5.112343160461977894e-05
-4.251060677077589606e-04
-2.616978416194148862e-03
-5.907860337890488180e-03
8.909778658389600359e-04
-6.140524871227256423e-04
0.000000000000000000e+00
-1.012422482373774406e-02
-1.421245344506013252e-04
-5.089067948345886048e-04
-1.910124377543231944e-04
2.030847196708688738e-04
-6.339128079272763568e-07
-3.709486165207239312e-05
-5.066515976004381744e-06
-1.339833683191156985e-03
9.204990896111523715e-05
2.320287551774964999e-03
1.145015116295796351e-05
5.620086434890388723e-04
-2.459756161141342899e-03
2.560914443468694394e-15
-1.074344446483199668e-03
1.095039392495778026e-10
0.000000000000000000e+00
4.384526524726354733e-04
7.801105465911181182e-03
7.421899527164655113e-05
-2.118270991286289875e-05
3.829264445770030998e-04
1.207760696784188104e-05
-2.404718082330485173e-04
-2.326448073664629575e-03
6.493220775875366828e-12
5.168715675459400593e-04
-1.363872613991734593e-04
-4.841561966154965374e-11
1.122236697589366460e-03
-1.629856386541117584e-04
1.173558851915353604e-05
1.060219237328567220e-03
3.702926350592772444e-05
-1.216487253106191025e-05
-1.009658620790461898e-04
-1.308755559364345792e-04
0.000000000000000000e+00
0.000000000000000000e+00
-2.394360183175625600e-03
-5.658345540660025819e-05
2.318525869529001581e-04
-1.713668186219163793e-03
-9.140983978417338562e-05
-2.579556707348136871e-03
9.334799162172094671e-05
2.456885677289596079e-06
0.000000000000000000e+00
0.000000000000000000e+00
3.997876072624125497e-03
4.742354243377396447e-08
3.964328144223879836e-03
3.560326517219306822e-03
3.774148987097565842e-06
3.081858383390049562e-03
2.530392866388157198e-06
0.000000000000000000e+00
2.072581812912832524e-03
-3.479892041915751523e-04
1.092710281304976104e-04
-1.904552163052741667e-04
6.864195075634812234e-04
4.631588711957753237e-04
-6.883471616062768238e-04
-3.099570559592623818e-03
1.999100887090839716e-04
6.092951852836832934e-04
-2.903613228825707715e-03
9.960603767991868236e-05
6.799225781802957329e-03
1.045931079145893498e-05
-2.194866501168476092e-04
1.900126048846780477e-05
5.667898173051799389e-05
-1.268969591192418587e-04
0.000000000000000000e+00
-1.554916967920760772e-05
0.000000000000000000e+00
0.000000000000000000e+00
-1.397175462883211861e-03
0.000000000000000000e+00
0.000000000000000000e+00
-4.897827662689498976e-04
-1.519236123553950038e-03
2.647907334181927658e-06
4.650004495789043644e-05
9.359300324337145604e-06
