0.000000000000000000e+00
3.893782383533026664e-02
4.548650756663167455e-03
1.007725109287385158e-02
8.120936381125810205e-03
2.388749488225943782e-02
1.199074878852604033e-02
1.872121041230875513e-02
2.188554943082180945e-02
1.174358537206496821e-02
1.867213347831582927e-03
2.067396341277125821e-02
1.883146601171817591e-01
1.228701561490910983e-02
2.754405040349555342e-02
5.617238831037933006e-02
4.488432675607737822e-03
3.252847364864429325e-02
7.671021777191863039e-03
4.479451546672560264e-03
7.337495491833896828e-03
1.869279270050590780e-03
6.539132878465473558e-03
1.127041791282704965e-02
1.203461666974366649e-03
1.698765105424147881e-02
1.960085243109488569e-03
7.227857864538856161e-03
1.075613223052815197e-02
1.096224835175965140e-01
8.593473569830600151e-03
1.305422298878422538e-04
0.000000000000000000e+00
5.341818318942238158e-02
3.097423272834687216e-04
1.120919941797846563e-02
1.280675744447240874e-02
3.815725786124022495e-02
1.860456174221876771e-02
4.509899445332762359e-03
1.841784794507335052e-02
