0.000000000000000000e+00
-6.205727122053805722e-03
-1.141564053336825355e-02
5.447439582982953332e-02
5.359026081870347548e-03
-8.741559943922524003e-04
2.788243703524060924e-01
3.012265490400996802e-03
-4.048155431732869267e-05
1.543807456588634211e-03
4.371513843032715299e-03
-7.513713078760216599e-05
5.796331926970076098e-02
-4.616388986034003494e-05
2.274933343328266189e-01
9.393271170104909584e-02
1.342967381501862859e-02
6.548883922406703584e-02
6.489360632407622370e-03
7.499551330642795395e-03
6.120801503199017543e-03
4.409135231913359834e-03
1.261842179657176981e-02
1.726565278816409241e-02
1.294052501744125160e-03
-3.766174257393969157e-03
-1.333935054987728588e-02
2.625321753392902656e-03
-5.754673825329984990e-03
-8.370252513706665648e-03
1.308926183418009483e-03
-1.068815596428419196e-02
0.000000000000000000e+00
3.543105972957475824e-03
-1.921307755610857006e-03
-8.706333695751421881e-03
-5.090624357795859103e-03
-1.098360773557734670e-02
-7.000043399268118631e-03
-6.023318676150313418e-03
-6.683574115352645256e-03
