0.000000000000000000e+00
-2.046691428440620443e-03
-3.235749614197843196e-03
8.051894976049442931e-01
4.132839465904221692e-04
-1.987283372705557884e-04
1.374848736855693171e-02
-1.835162260832579051e-04
9.222517742083861914e-08
-7.256574506860310244e-04
1.459529754553619664e-03
-6.483928084166645789e-04
3.416791253898547598e-02
-4.258226167152870910e-03
8.396195949479845488e-02
9.510601643158015164e-03
-2.884475050737508005e-03
5.247742381128742833e-02
2.010774898501669662e-03
-2.558614909889585514e-04
2.011357437070223351e-04
1.741499349625308390e-03
-6.055915385923648763e-04
1.102454124400775812e-03
-7.404158312195689424e-05
-2.838814589306748633e-03
-5.165036992107922310e-03
-2.727742617255531424e-03
-1.936293292768254039e-03
-2.462559335240821663e-03
-4.294009292804923210e-03
8.315759255713335966e-07
0.000000000000000000e+00
-4.717619431845425024e-03
-3.107841689929139936e-03
-5.085344638550540891e-03
-5.123834273659936579e-03
-3.165984305621953251e-03
-3.851728410477939409e-03
-2.641428538086088192e-03
-4.186945970121036531e-03
