0.000000000000000000e+00
-1.243162717701558903e-03
4.250942222587298595e-04
2.633006549835971155e-01
2.713341206024214697e-04
1.324688148478229575e-04
2.176921502084641358e-01
8.058766194009174587e-04
3.559158912738169669e-05
1.789350122013274149e-03
-1.043282181762202488e-03
2.916074076066806336e-03
4.585146297920141695e-02
-4.757963305213053218e-05
4.140354251893325205e-02
5.192644109118504242e-02
2.877262124029159995e-03
1.481044189730267024e-01
2.781930684440829266e-03
-8.139362204709899018e-04
1.878846944127824173e-02
9.514680628353256115e-04
-2.030527052233914095e-03
2.863165590070426703e-02
6.379983586141854115e-04
6.696843067476413412e-03
-3.360412440480909030e-04
-4.978289873522342458e-03
2.187553365459919338e-03
1.094414947462544509e-02
9.531390282275786774e-04
1.146447699379956247e-04
0.000000000000000000e+00
5.215491173963249238e-04
-2.696800358950331546e-04
1.695648946169581173e-03
8.820478626025159532e-04
2.981703266215777765e-03
-4.080742618406629990e-04
1.620758746692644702e-03
3.183064567764122815e-03
