-8.329708182725825477e-04
-4.892468513310414474e-06
5.137897297687506585e-07
-2.308387318228681106e-03
2.903577322958354395e-05
-8.224036666673484753e-04
-1.555774419809511646e-05
-8.427332905588021916e-13
8.862263140452242283e-06
-1.765270112175828309e-05
0.000000000000000000e+00
-6.205674595756442008e-03
-1.062576543917540916e-04
-4.011029048178071823e-04
-3.535544402310001558e-03
-1.650693435044346680e-02
3.313392864685571211e-05
-8.810482820980099564e-03
-1.521835207046295935e-03
-5.961295262409811680e-04
5.138370245375371674e-03
2.874735511431003674e-03
-1.971512691938700048e-04
1.079985177111060946e-03
-2.972604674666838240e-03
-2.218867392949889659e-04
-1.670203710859359970e-03
-2.095426310677606097e-05
-6.169699900631512787e-03
-3.338131293189413110e-03
-6.476232558381285823e-03
-6.006887044958848755e-07
0.000000000000000000e+00
-6.407863806497493108e-04
-3.439815376290344950e-03
-8.421556482214098477e-04
-3.152975252095346903e-04
-9.508463805019721441e-04
-7.710624950333070824e-04
-6.551628360422039086e-07
-4.343149423401423438e-03
1.075362137702799252e-05
1.469815478083447062e-06
-1.006164797601427543e-03
1.718318778770970003e-05
-2.123301907834222475e-03
8.900298271615018084e-04
-1.881990859449918746e-12
-6.638579985862591232e-06
4.872997030854382651e-07
0.000000000000000000e+00
-1.216360984913570720e-03
-4.999599435222990430e-04
-2.451230461431430814e-03
6.344576260886691365e-04
-1.303369859258388976e-02
-1.070637799665408261e-03
-1.714741083618021023e-03
-5.704964413183992097e-03
-4.444385589190913638e-04
-3.370773680081029337e-03
-1.214490119953322809e-03
1.852543692585088353e-03
-2.607481923237549813e-03
-4.595247585378732687e-03
1.709883520541207293e-04
-8.331988375153002654e-03
3.209118561349348143e-04
2.022646366619447814e-03
-4.711102829247863083e-03
-6.286625732808248223e-04
-2.282155774683640098e-06
0.000000000000000000e+00
-9.252789554933093380e-03
-7.822236852441832172e-03
-9.508738044828805684e-04
7.594038794858092869e-05
-5.166264264654029867e-03
-3.992755015542296358e-03
-3.229413801726440541e-04
-7.632083658422754262e-03
8.241837006428553779e-07
1.520239856837394579e-06
0.000000000000000000e+00
0.000000000000000000e+00
0.000000000000000000e+00
-2.638917695119147226e-06
0.000000000000000000e+00
4.180389906090671856e-07
4.604464957462066060e-14
0.000000000000000000e+00
9.539165805779366048e-07
-2.356215160305937407e-03
-1.883545397719584458e-04
-1.606624846371603396e-05
-1.884162386514129026e-02
-3.895052218143568994e-05
-3.713679421687373066e-03
-1.054750271464904507e-02
-5.272900175554099539e-03
-6.031297932864980275e-03
-5.687926907805203672e-03
-2.044684947231208572e-03
-7.412199814055424156e-03
2.641657867147687857e-05
-3.157192648729564171e-04
-2.619577482906754184e-03
6.031201842156738013e-06
-6.190282304198372297e-03
-9.002745445806021804e-03
-1.028697425411776844e-03
1.007745796921533099e-06
0.000000000000000000e+00
6.446730507418211781e-06
-4.245277732016986515e-03
-3.597981148468728293e-03
1.248580835506296529e-03
1.261245039545647929e-04
-2.470189894875943985e-04
7.228993033283614435e-05
1.324347986729386902e-05
-1.691889530731257373e-05
8.686443204730665002e-07
-1.124713308168192628e-02
2.558246482801488646e-08
-3.846392644412288848e-03
1.628862233526243920e-05
-2.705324853025104110e-12
7.932087347306548625e-06
-3.787380091836063949e-05
0.000000000000000000e+00
-1.710410081167790361e-04
-1.307135148655376921e-03
1.469076957118753326e-03
-4.806786751230259815e-03
-1.442591702252277522e-02
-6.391308341252639920e-04
-2.287527154130601214e-03
-3.031546444865437003e-04
-1.449210913633998782e-05
-3.393341132283955730e-04
-9.357176773464022032e-03
1.348775431602907244e-05
-6.258646466877933537e-03
-6.669681082707231042e-04
-5.076171613806556779e-03
-3.833237682633335464e-03
-1.635448160348662651e-05
-7.476051825279986761e-03
-5.209147183770590668e-03
-3.658829961992182553e-05
0.000000000000000000e+00
0.000000000000000000e+00
3.291434646908915955e-07
0.000000000000000000e+00
-1.116774607828966695e-03
-7.169084588619275547e-05
-2.688540430147589970e-03
-7.141623804641347197e-03
-7.717630044479228957e-06
-6.382679705346997433e-03
0.000000000000000000e+00
0.000000000000000000e+00
-1.886809801456425240e-02
7.891326148534715944e-07
-5.072032850091382460e-03
6.854016999816211749e-05
-4.506531175637225482e-08
1.007609139898502120e-04
1.209666499117171720e-07
0.000000000000000000e+00
-3.882253228466751600e-03
-1.221476054850493536e-06
-1.557722631477057919e-07
1.355926673962670832e-06
-1.069419107708746776e-05
1.939521173370077019e-06
7.925260145184390720e-07
-6.659296384829161038e-03
-6.135759466800760550e-03
-2.317356165103675106e-03
-9.835638537811249374e-03
-4.307385349827079143e-03
-3.495978057381110560e-03
4.003530984553194286e-06
0.000000000000000000e+00
0.000000000000000000e+00
0.000000000000000000e+00
0.000000000000000000e+00
0.000000000000000000e+00
-4.620596987988297309e-08
0.000000000000000000e+00
0.000000000000000000e+00
0.000000000000000000e+00
0.000000000000000000e+00
0.000000000000000000e+00
0.000000000000000000e+00
0.000000000000000000e+00
0.000000000000000000e+00
0.000000000000000000e+00
0.000000000000000000e+00
