1.479186028308839447e-05
-1.286134520966856598e-04
7.799644053988844333e-06
1.450911130726035073e-02
4.026137642498817115e-06
5.832177259121958286e-04
1.067656744549860121e-02
3.155483386437415024e-08
6.652356479102413235e-04
5.445782472161356777e-06
0.000000000000000000e+00
2.464459289009882765e-04
-6.306335765209336857e-05
1.270024413630110817e-04
9.440271827447037345e-05
1.109740414173299855e-02
1.567184668319250991e-05
-1.410402172334087158e-04
5.292518366223545809e-03
2.078242875080960061e-05
4.109594893098848399e-04
1.728798500590067368e-03
3.108802792670672943e-04
-2.115054679469411671e-05
6.334072657280623997e-06
-8.400882591620047472e-05
1.319525917367873500e-04
-4.098341453582232539e-05
1.209238983436981303e-04
-2.558316174646302452e-04
-1.353368182520187199e-04
1.138600498832668431e-06
0.000000000000000000e+00
-5.010316487587355836e-05
6.998576563358819255e-06
-1.376393862210667399e-04
1.219264301702382953e-04
-2.039420378412426448e-05
-6.884847188039610721e-04
4.641820770698264816e-04
-7.792190130314773132e-04
7.905013978041590384e-06
-3.575264487406156452e-06
2.519800026374759486e-02
5.520389330844940039e-11
5.226965471426240793e-04
6.895338417730645202e-03
-3.389514594924018120e-11
3.200067835537723335e-04
4.636936020337619215e-10
0.000000000000000000e+00
6.394644634524067296e-04
5.346251242165737656e-05
5.497957607207688792e-04
1.163436263786898872e-05
1.640526044746285893e-03
9.829815686823729204e-06
5.980197189401052381e-04
8.104145023979521592e-03
1.270539892755569550e-05
2.017670700568352461e-04
8.127217708848721855e-04
6.670693406629624178e-05
-1.675217438666128491e-04
1.331971063172065971e-05
-6.105489781674355420e-04
-1.351475232137966278e-04
4.576727324913469473e-05
1.037443304923909121e-05
-6.716480863554993071e-04
1.889608138905189249e-04
-5.191575328892620450e-08
0.000000000000000000e+00
1.449882521219173935e-04
3.486466434523549787e-05
2.859325000888664553e-06
1.071954545019611869e-03
1.510542625323315353e-06
2.629628618714037886e-05
-6.406818008441117701e-04
2.593360771773708159e-04
-1.807533644278732202e-06
2.789191016587070843e-06
3.628768234490801337e-07
0.000000000000000000e+00
2.723121172998332895e-08
-5.267149337425299500e-08
3.155359391548984414e-08
-9.395729271647704525e-08
1.023675131328616284e-08
0.000000000000000000e+00
3.618225841902263382e-07
8.658693412287495885e-05
3.270115433987215854e-05
-2.366451444976972905e-04
1.171626215092939384e-03
1.002147963583184949e-05
2.579088528894102447e-04
2.836160950088577044e-04
3.465949139793478295e-03
1.871436680963885733e-03
-4.454802108300996320e-04
7.704280071938093269e-04
4.804728743692117734e-03
3.012050928940338758e-05
-2.668094098573936426e-04
-1.302384017836851480e-04
1.983958926214945894e-05
6.084984492811251484e-05
5.170644661700585232e-05
-7.234441946021741721e-04
-3.523581863396074815e-07
0.000000000000000000e+00
-2.478416410414056143e-04
4.538090240968628564e-05
-8.687986849638859024e-04
4.505498737071474418e-04
-6.142795268441562578e-06
-1.151504751527957919e-04
1.908478454069051231e-05
9.768323239090677683e-05
1.174053563290182005e-05
4.820433950395811887e-06
3.237227997032262380e-03
5.092130351454689648e-08
2.842956944443623675e-04
6.221339720043535937e-06
-1.703082119774990196e-14
1.654091489962835174e-06
5.655120325872194067e-07
0.000000000000000000e+00
-6.877661172521125073e-05
9.175819286589392398e-04
1.193640051586767671e-04
9.140110356586905738e-04
1.168558748951420423e-02
-7.967720982456017115e-04
-6.360038621788059450e-05
5.715004624142391290e-04
-3.197442310920450836e-14
1.442512721956612509e-03
-2.400491330183163240e-04
4.258956887973989315e-07
5.348577349358155661e-04
1.903196921504424211e-06
1.854773437437747365e-04
9.858721306876816470e-06
-7.307469533515205569e-04
-1.634779788576660590e-08
-1.045105602585009563e-04
1.227905834395581831e-05
0.000000000000000000e+00
0.000000000000000000e+00
1.149639940557819172e-03
5.690130944939012647e-05
5.306264443406760950e-04
-6.319979526585880027e-04
3.556038908821464861e-05
-8.512651235928740288e-04
-8.886645566633285523e-04
4.151355334713890954e-06
0.000000000000000000e+00
0.000000000000000000e+00
1.351490561435744926e-02
-7.720416898375030306e-13
5.363570542882278858e-04
4.595421679927843121e-07
3.381368888592343734e-10
2.505299748464621528e-05
-1.305704897536230613e-08
0.000000000000000000e+00
2.206396866643404387e-05
5.166298728820351281e-08
-2.568140739326688974e-08
-8.999124407142270482e-08
-5.506336127799234452e-12
-5.576258141163729634e-08
6.900021295071686445e-12
1.320605546335381318e-03
-3.638021848038667464e-04
8.460740957316008055e-05
-5.067345967465571206e-04
1.578066477583073334e-04
-1.878868310467352086e-04
-4.967369930941600577e-08
2.765654539960138521e-06
2.295716321191558051e-07
-1.999812038189219265e-08
1.483013711833791523e-12
0.000000000000000000e+00
-4.638144597279847668e-08
0.000000000000000000e+00
0.000000000000000000e+00
0.000000000000000000e+00
0.000000000000000000e+00
0.000000000000000000e+00
0.000000000000000000e+00
-1.087388915059032459e-07
2.760869903428719682e-06
-9.705329827210581180e-08
0.000000000000000000e+00
