2.379328162797897037e-02
1.069276699040181723e-02
4.978317842501134565e-05
1.119811888911363164e-02
7.388340432362383928e-03
3.106493130469030971e-04
3.273902413749652136e-03
7.105973811718054034e-02
1.442625498265274694e-04
9.338975651549338147e-03
3.504924014634495238e-02
3.042390257102586034e-03
1.478138777268700466e-02
1.575126056448837575e-02
3.373256454045847836e-04
1.183711249615671066e-03
4.078603880213985990e-03
4.042410097082749232e-02
1.463969138069227613e-02
4.386673307420855812e-05
1.960596870135995415e-02
1.006623072861044348e-02
1.940483955218189928e-03
1.575212551138646319e-02
-9.819232264183982420e-05
3.502341763283271510e-05
1.222345218436115990e-04
-1.720866935972509366e-06
6.240347417962866131e-06
1.439621979029440937e-03
4.010875015045267666e-03
8.769103201226865346e-03
0.000000000000000000e+00
6.683432224609661167e-03
1.619554572997191190e-04
1.924734004326763279e-05
7.659065317540791461e-04
1.660862696940841989e-04
1.289487045534294999e-04
2.157184124150690521e-03
4.797861431905155465e-05
4.185063658348771700e-04
1.198881015781102095e-04
-3.012378673566718044e-03
2.631267045284010130e-05
2.946584213280608157e-04
1.515893208578020755e-02
5.359864956142750035e-04
8.385703534246058681e-05
8.205533128541701306e-05
1.021558495030235492e-04
8.498963997152960954e-05
4.612603362546598834e-02
1.286064410114177601e-03
2.006642553000241244e-04
1.531690507476205854e-03
1.840998312795512695e-02
3.593440536308279082e-04
2.983007288685982756e-04
3.565880761669000878e-03
1.254699151373698694e-04
-1.087835105575270635e-03
1.825488183771074163e-02
3.921641894511362567e-03
-8.193732888415184421e-05
1.076849704498328980e-02
9.648387594339443568e-03
1.257349166841272882e-02
1.325364596840044804e-02
1.693847306710300274e-02
4.883883433562275379e-04
7.298390991710345874e-03
0.000000000000000000e+00
2.032188900813124838e-02
-7.456065404172947119e-05
8.136672307919183599e-04
5.459501456378708546e-03
-1.805196091669580795e-03
-2.584142642048729496e-03
7.061279744053113559e-03
1.162966547182112988e-02
2.906733177889068705e-04
2.643929510640230345e-03
2.482226181861823915e-03
5.538163212023901501e-03
5.152868888878373585e-04
9.008106813646292801e-03
7.429886066460792728e-03
1.809407666279890491e-03
1.028129457752102684e-04
2.424453813443250283e-05
3.240646323190136567e-04
1.348055550673152581e-01
6.847812676591224883e-03
2.227441084405897345e-03
2.538695485344577563e-03
1.290000488778589478e-02
2.086698014336578130e-02
6.105989662878748454e-03
6.636667945393673893e-05
9.211641742896044607e-03
5.810410096078003772e-05
9.172751697240781642e-04
1.345332399140360645e-02
1.201529996132144661e-03
1.729695064309755146e-05
1.112521265867546204e-02
-3.829191271268054478e-03
3.639236972044734755e-03
6.714279110094915036e-03
4.179927947655759477e-04
1.225659889805667336e-03
0.000000000000000000e+00
3.135664826842687880e-03
-8.269614479461395040e-06
4.644014977155830229e-04
4.406752844663408417e-05
1.191815231696017664e-04
2.456602589564497487e-03
5.801954852331451737e-03
6.733673959207209507e-05
8.794623707199375126e-03
2.438542716249695545e-03
5.823511819889197515e-04
3.601885000658944019e-04
5.333356642560849398e-04
1.161167597176770983e-04
7.014956795311477408e-03
6.549502160272265526e-03
6.300198065264495106e-03
7.116089510513419491e-05
4.506847752965577715e-04
6.781926365050230943e-02
3.321133515947590192e-03
2.063451382032714220e-04
5.030371342131859796e-03
3.647115406111393465e-03
4.135559108422915200e-03
4.212235628222075860e-03
-1.063488247359245452e-05
4.168300985718520479e-05
7.767613942458484119e-03
2.048251610256827558e-04
2.398536190555559445e-04
8.917519703127337603e-05
4.987803287304030248e-03
9.592295645962867429e-04
1.141020210253307408e-04
2.315044569327628921e-04
5.238300646899530372e-02
6.997359771162928470e-05
0.000000000000000000e+00
0.000000000000000000e+00
1.588705090926430599e-02
3.347843556618842331e-05
8.218669582291375118e-04
8.142415276742493940e-06
5.152861376887714486e-05
5.166932666973729884e-04
-2.499633628199271701e-04
9.339036907822414676e-03
2.360824403742893150e-04
7.769220384693890574e-06
5.210758316455618017e-03
6.750886209679837074e-03
1.308242332854930509e-02
8.375772806990859631e-03
3.833197766891941870e-03
9.862802466720829025e-03
5.165552455572130705e-03
2.580660013718668374e-03
1.485756607025525734e-02
9.365723810690340385e-05
-2.405559534377858246e-04
2.643954752732750597e-04
2.008095202156849265e-02
8.055171897587976027e-03
-1.794566137767872240e-03
2.021825851168880528e-02
2.854318656659179075e-03
9.375273496727102316e-05
6.393852713671736507e-03
1.424296623947866496e-05
-7.271773811341179609e-03
2.328755308149688051e-05
4.115446594541135109e-03
4.525482495479104736e-03
4.133171240502971425e-03
1.678190799335436576e-04
3.941107262521259189e-03
2.671966154617163268e-03
7.414664081208987949e-03
0.000000000000000000e+00
4.976664183467057086e-04
2.067393907907888353e-04
0.000000000000000000e+00
2.726446221130281612e-03
3.988640820010639471e-04
5.045710357864940931e-06
-3.022888720342287389e-04
-1.948119071981668782e-05
