9.812354648663598189e-01
9.809430215224281824e-01
4.539746792768215577e-01
9.733414433290419332e-01
-5.055939860784806061e-01
9.616097692309506506e-01
9.954979778276281666e-01
3.064532571089654267e-01
9.829909636716593901e-01
9.358465508830335899e-01
9.942334719973748847e-01
9.944766618377823830e-01
3.609626720005877365e-01
9.979886490719372949e-01
9.609836903814604758e-01
9.976937814239358326e-01
9.973883132535589224e-01
3.265163496560640199e-01
9.935685771141727907e-01
9.432000050459847795e-01
9.903937405719396292e-01
9.886293649328770083e-01
3.484784752560583510e-01
9.890954606521484838e-01
9.842973359728460769e-01
9.663446334992510378e-01
8.917327151285132647e-01
1.092052543782388030e-01
9.946294399307633594e-01
9.069912082579558721e-01
9.028982797831949236e-01
8.067618915336449703e-01
3.789690539404034775e-01
7.973823574242726586e-01
9.045128551087667779e-01
7.077038176876888631e-01
7.767912127412720524e-01
3.522284789934034821e-01
6.458203071510455473e-01
9.876337128068340965e-01
