4.255912559974432952e+03
1.425513882228030525e+03
1.188866391121238848e+03
7.473815669362422796e+02
2.270789861921346983e+03
9.282731504636516320e+02
7.181328940874138880e+02
5.816623276224880783e+02
5.640957485739168078e+02
1.627104851862483429e+03
3.747284850991268286e+02
5.574462952929327457e+02
1.558025344044905069e+03
4.227531377919873989e+02
3.748340889278423447e+02
2.987154610881976851e+02
3.056272847726783084e+02
4.830653935799265923e+02
6.604090980179569215e+02
9.079008242322460092e+02
9.416306546027467448e+02
9.017525822861822462e+02
8.777197999313310675e+02
7.883738940017434516e+02
1.412450079625842227e+04
4.265032556561389356e+03
3.236175396732205627e+03
5.546810352531780154e+03
3.523575341370523802e+03
1.086559150071371505e+03
3.672698275938518236e+03
3.058231548778188881e+03
1.110888216298211319e+03
3.611986654464375533e+03
9.958309490883071931e+02
8.773794166906960754e+02
3.479033523378171594e+03
3.343989182994834209e+03
2.887882975192093454e+03
1.674886159947080387e+03
1.464909085052686805e+03
1.147770880537482299e+03
3.461978312728846959e+03
3.316126062951754648e+03
1.488669113818209780e+03
1.290734552968164735e+03
1.120319470183038220e+03
1.019433863752735647e+03
3.482373078242345855e+03
3.356721625132052850e+03
1.424447030351561352e+03
1.104515153178662331e+03
1.067688951245335602e+03
8.996238774273426770e+02
4.023227329031674344e+03
3.185562996948694490e+03
3.075873838973537659e+03
2.035363861534998250e+03
9.928004008603035118e+02
7.729293231336752115e+02
4.259335048817672032e+03
7.669943840765365621e+02
1.429975685440009329e+03
7.503979858061237564e+02
5.657220857023612552e+02
1.506277834399950962e+03
1.341030012844450312e+03
5.159140901842614539e+02
5.655006310218408316e+02
4.728585968475583172e+02
8.673174335237550281e+01
2.332707794144043305e+02
2.979820520410018503e+02
3.217526203225813788e+02
4.234967789254676973e+03
4.215931030562901469e+02
5.670410709891863235e+02
6.640302893207940542e+02
6.536366707927340940e+02
5.974825689194840379e+02
2.640030224847786826e+02
9.900872669197876803e+02
9.764644142550229162e+02
7.297410506032107378e+02
1.218769353156701436e+04
2.862276552358523986e+03
8.042077399556897035e+02
3.877638106013499055e+03
2.934197242572625328e+03
2.421842666305094099e+03
3.884084002897244773e+03
3.330594180948854955e+03
8.605238187800948708e+02
3.623330060664099619e+03
1.316436171698888074e+03
1.183710523820141589e+03
3.605668746284971803e+03
1.039439314952845962e+03
8.459479466568024009e+02
3.500490315398883013e+03
3.365812775276771845e+03
1.602999877338526630e+03
1.458278032736494424e+03
1.222982013559050074e+03
1.008573024910136951e+03
3.459974555906202113e+03
3.384009843179720065e+03
1.270703713909440467e+03
1.004856250815885915e+03
9.884448642154891331e+02
7.759893063684759227e+02
3.487192536854608989e+03
3.373952129148883614e+03
1.305516003069947146e+03
1.016923015835350839e+03
8.976326919259022361e+02
8.308034779243781713e+02
1.353733805950978422e+04
2.995601311577955130e+03
7.517862098557941408e+02
3.989903002726279738e+03
3.427029080850923492e+03
6.485833815769415196e+02
7.530252380285504614e+02
5.814760736307011939e+02
5.836007366711952500e+02
1.352813094368883867e+03
6.026685026489831216e+02
5.573979203128890276e+02
3.692294125550361628e+02
3.024703073806188058e+03
2.528775594443926821e+03
2.839218300380770756e+02
2.905699356858920055e+02
2.095926268321677526e+03
2.871852194211414258e+02
5.190682422933031148e+02
5.903229757558165147e+02
1.818001938345415283e+03
8.524392323775962268e+02
5.654359763833846273e+02
7.641859279915879597e+02
1.489347522772812954e+04
3.820808958863520274e+03
3.137520288697354772e+03
9.126676164946977224e+03
3.533759982799780119e+03
1.033053346616390400e+03
3.639516406146330155e+03
1.677008221369621197e+03
1.280589444492058874e+03
3.633633407488925059e+03
1.238867794029746847e+03
7.702111225495669942e+02
1.641851889240170203e+04
3.923854433043239169e+03
3.507493283547523333e+03
3.308484905784059720e+03
2.971062223136613738e+03
1.314081700051838197e+03
3.524948422238584499e+03
3.387225992624530591e+03
2.948071254407967444e+03
1.447450171089219793e+03
1.217778889986103422e+03
9.478783580628515892e+02
3.467361874727146187e+03
3.384203096131220263e+03
1.217688337033880998e+03
1.001372632727365158e+03
9.997929878317062276e+02
8.820776253297699441e+02
4.379461212576588878e+03
6.998507695291435766e+02
6.248381388066703721e+02
6.187117191088860864e+02
2.602424332476459313e+03
2.570225887221854464e+03
3.330687033489291480e+02
5.174708774448782123e+01
3.978041167668939124e+02
5.240820474530625006e+02
5.287612797688113915e+02
2.563936790300597750e+03
4.422076838862449790e+02
2.749418095692453790e+02
4.618689941928151370e+02
6.487903761736934030e+02
6.407115809019469452e+02
6.324111531249386644e+02
1.263581511824469317e+03
5.589403870224953153e+02
9.895010996667344898e+02
8.705742733393967683e+02
7.659891760488718546e+02
2.007726512214762261e+04
5.920733621438824230e+03
1.000673644598722944e+03
3.645988287239356396e+03
1.402347004156659523e+03
8.020040928087569228e+02
3.605133113891744870e+03
1.253159333852444206e+03
5.589312212361541015e+02
3.600615021739237363e+03
1.140206435034973765e+03
8.350449030182062415e+02
3.605268832593115349e+03
1.137148479075849309e+03
9.734185996755779797e+02
5.726619931938765149e+03
3.369816990631751196e+03
3.241023310338335250e+03
1.113357854762211446e+03
1.105608603684936043e+03
1.039039796759479941e+03
3.507990463889175771e+03
3.357897227716454836e+03
2.699032347828066577e+03
1.522836043159605424e+03
1.349446038205764125e+03
9.624481121836704460e+02
3.471231705673892520e+03
3.355554652882254686e+03
1.297079926196833640e+03
1.154448178519930025e+03
1.052834233085532560e+03
6.801569882717456039e+02
3.480316351647229112e+03
3.370215105976330051e+03
1.310305757354473826e+03
1.026947555108499046e+03
9.719264452711347531e+02
9.157677572630854002e+02
5.671627967544467538e+03
6.314969713950559935e+02
6.376839937947105454e+02
7.524264176443919041e+02
5.639576601917074186e+02
3.213416137842756598e+03
1.256758645605211541e+03
5.469826415535396791e+02
5.557849917011322987e+02
3.717924277679692864e+02
2.858284791805718669e+03
9.495717967817263343e+02
1.755986180102202354e+02
2.833541161966994878e+03
4.156977820026071413e+02
6.605535907157641304e+02
6.132803203053071002e+02
2.996802985495559824e+03
1.005621446567705561e+03
8.478240426820302673e+02
7.820956289296523209e+02
1.294736609279592267e+04
3.594917541767886178e+03
2.573652938636399995e+03
4.509309609619739604e+03
3.373464077696309232e+03
7.738965005648753959e+02
3.609541612884760525e+03
9.827822808856316215e+02
9.162207727197276199e+02
3.608983963705079987e+03
9.974108964345773529e+02
8.937194886992920146e+02
9.952187836484559739e+03
3.631558176259768061e+03
3.307262593088683843e+03
2.154102905081688277e+03
1.544810804330704059e+03
1.321851711947997046e+03
4.978560688180737088e+03
3.418534453350496278e+03
3.312592192411626911e+03
2.762941913274824856e+03
1.933455978752540204e+03
8.206561512634983728e+02
3.559316083746274217e+03
3.193345734134301438e+03
3.075277350180320809e+03
2.283936322114419454e+03
1.358651460771731990e+03
1.049849209316290853e+03
3.509893654748749213e+03
3.123037738886590432e+03
2.673359336909127705e+03
1.377437479400997972e+03
1.142313371181848652e+03
7.879661227588405836e+02
3.517657777222817913e+03
3.288487648013925991e+03
2.174822165695191870e+03
1.508577670358326259e+03
1.426239584100686443e+03
1.175622771922372976e+03
3.484272037568490305e+03
3.363354964521475267e+03
1.397949487495739049e+03
1.181870110053201415e+03
9.918949261589706339e+02
8.908647237910339527e+02
3.471543726693869758e+03
3.369792645662997984e+03
1.234887119190997510e+03
1.023866602612671613e+03
9.657774721729350631e+02
9.437149719075773646e+02
