4.470765778064346441e-02
8.515422747546738669e-02
9.898081781912901334e-02
2.579063328144920886e-03
8.091112571895280395e-03
3.842627645514325260e-08
1.491750677233076713e-03
1.431465450344296614e-03
3.359894685833949516e-03
1.548459988504851392e-01
1.271023544926228304e-03
2.240991820581383562e-02
1.509837071791767828e-03
2.296274864253402843e-03
2.869723202280226228e-03
3.178255042162415975e-03
1.935218667267555063e-03
2.609799365453120343e-03
3.326582607029818575e-03
1.748329387642772988e-03
2.599331866787190932e-03
3.065870330783077718e-02
4.860382598928162171e-03
1.790359281113340119e-03
8.256051092144039288e-03
1.816691031042464441e-03
1.832584826039285100e-03
2.242571326074606353e-02
2.709743324817128970e-02
1.259802413043352096e-03
2.512750726127574441e-02
1.563053197737267752e-01
1.581588387383039149e-03
1.295044091827229600e-03
0.000000000000000000e+00
2.857991927934170739e-03
1.575833566728746405e-03
3.361607848576793865e-03
1.941301308985854792e-03
9.417485878444102620e-02
1.029038330910717475e-01
3.000475841668342938e-03
5.948059616646034914e-02
