1.145694501043038743e-01
1.999595906112380805e-01
3.269032687350954119e-02
2.103929358586601427e-03
5.769976920322705642e-03
2.412865069145637507e-07
8.752949322887009984e-03
1.201468996777850604e-03
1.926450597604422452e-03
2.038177042886251799e-03
1.174617591500747536e-02
1.422882028666276914e-03
1.269066625309974057e-03
9.134408581321351844e-04
1.109265487288304880e-03
1.160227097052646305e-03
1.265875764159419626e-03
1.643846331494457991e-03
1.013237654038522725e-03
1.370164799050611372e-03
1.350564714202562603e-03
1.295351234734978124e-03
1.227569883268576304e-03
8.084502846746251812e-04
1.127082459874324989e-03
1.013158253947711931e-03
7.527423945025457294e-03
6.053381411943747903e-02
1.301518944122549357e-02
3.602547865729588406e-02
1.722879583462593638e-03
3.143998714300554331e-01
1.534235500633805574e-03
1.739066838483454809e-03
0.000000000000000000e+00
2.640132865232770742e-03
2.011997771866541346e-03
3.090041970036480797e-03
4.629690964756135764e-03
3.236841721914909820e-02
9.869869784524391843e-02
1.075670413798134918e-02
1.055743720458818431e-02
