5.205616697495619137e-03
5.201360545733780573e-03
4.504904296045648127e-01
7.126800430270505832e-03
2.035885725233458872e-04
5.283926502556783109e-10
9.418415297752866656e-05
8.450763873575935356e-04
1.213887442546112116e-04
1.127702518744342930e-04
7.964676404968971946e-04
1.418132526769779118e-04
1.141348288361506070e-04
1.632781352992544027e-04
1.126904509890967092e-03
3.630834354130954100e-05
8.501779961200276381e-04
1.012104795274546736e-03
4.049082551759651495e-05
7.268911704697031493e-04
1.912523508217068809e-04
1.381940012777706159e-05
3.083011699817568888e-05
4.477505089963417526e-05
1.490181301277805962e-04
9.675590466780473024e-05
1.365950552439970016e-04
1.408196788874279174e-04
5.198809210706446110e-02
2.062737419580159409e-02
3.012940339304202506e-02
4.421661318089690346e-04
1.079838729495338388e-04
6.205825707978405005e-05
0.000000000000000000e+00
9.550202161128846417e-05
1.097634167461375307e-04
1.286954198471496817e-04
7.826211307053953462e-04
1.073055068410717072e-01
2.169785872153810248e-04
1.605079994939785371e-01
7.995742151605384190e-04
5.760324832625409635e-04
7.154179207839956927e-04
2.229420363014444937e-06
7.061802641002745727e-04
9.119017613808922621e-04
1.953896461621914776e-05
1.582717781579185573e-04
4.633306241013898549e-05
4.023997888652201707e-06
2.320133757676256432e-05
1.325562114430092579e-02
2.083452423779163739e-04
1.618657029056184721e-04
1.519055321363027989e-04
2.146110748210669809e-04
1.691420624024235074e-04
1.978679754092426150e-04
5.320712187587229303e-06
3.542583702084621699e-06
4.525594424972760187e-05
1.249988764029767153e-05
2.817411061685634748e-06
5.364761605606169036e-05
4.189161064806954076e-05
1.610366454266299013e-04
1.709986881763329511e-02
1.779910448469971119e-04
1.251227571873560272e-04
9.846279430567955737e-03
7.332141132389750719e-05
0.000000000000000000e+00
0.000000000000000000e+00
2.055203447897036755e-04
2.425877570239767084e-04
1.496023376352541042e-05
2.086508021943368936e-04
8.996001726500358080e-05
2.086865965994920045e-04
7.282870555051958053e-04
4.875411192749706107e-02
1.505989503095701279e-04
1.158991421512666246e-04
3.244955790536049660e-06
1.660888885767303701e-04
1.114653376367989246e-03
2.368021006572690617e-06
8.516965946942474790e-06
1.281970248352168372e-03
2.587142926010309070e-06
1.296134626332363471e-04
3.871236163029080131e-05
3.001637339453511489e-05
4.552932467792528278e-05
1.429420886120627977e-04
2.060165922260706611e-05
3.406442537632914266e-05
1.448614418414008226e-04
4.561451581550391045e-05
6.158828014015257848e-05
4.176284905301816392e-05
5.955734952504088099e-05
1.218705943264919482e-04
3.756181159333589356e-05
9.221424947660011265e-05
1.317078108844835227e-02
1.358973651805983293e-04
1.582502769794889570e-04
1.078064681094973495e-04
2.277148241350728029e-04
1.998763173228655229e-05
1.302705213507456808e-04
0.000000000000000000e+00
3.725900952355664514e-02
3.855508658246382698e-05
0.000000000000000000e+00
2.973009130751534933e-05
2.613257144165601130e-04
1.323183813474290607e-04
1.337905380622150136e-04
1.609014925558743391e-04
