1.469952633071068375e-02
4.073779007654003761e-03
3.466586700754556438e-01
3.394204546652140279e-03
1.660123888559021394e-03
3.119481788931199494e-10
1.947903640307380049e-04
9.405305002569334591e-03
3.956227898383114550e-05
1.174134599644699635e-04
2.060951533470327694e-04
1.304531929727108285e-04
5.672315691730935890e-05
1.162587332476137063e-04
4.359530858710131455e-04
1.846691630747080239e-04
4.654675917235022897e-04
3.873444824104846297e-04
1.893006854580526707e-04
5.003780662992938534e-04
8.755235553245900094e-05
1.744484451675061640e-04
5.852259406166664601e-04
4.732797770252323037e-04
8.982665886437900650e-05
9.594355449412352217e-05
1.466645308206091381e-04
1.771766944625459590e-03
1.857194439483356011e-04
2.150165751285178380e-04
2.619788296711125244e-04
2.855229654285199731e-04
4.377743229540511294e-04
6.114152955087538872e-04
0.000000000000000000e+00
4.519296036666514455e-04
9.218693930677545256e-04
2.237287548178070232e-04
1.691756914085111932e-02
5.168041112399696492e-04
1.458682476299171318e-03
9.425473514788137996e-02
2.118586259623727729e-04
1.487848312888897682e-03
9.901534131908508018e-04
8.241405133613034456e-06
9.492047745221393368e-05
2.205078754610232533e-02
1.696397829076552502e-05
5.888845261506165735e-05
1.589992348531744405e-03
1.274889611801269589e-05
1.045074734773753233e-01
4.794850809892573277e-04
1.946795039571340370e-04
7.323619091357305147e-05
1.890770325937610294e-04
2.040589669694388365e-04
6.958339356005364745e-05
1.992016591939483748e-04
1.777143779387336533e-04
2.634222030108595672e-05
2.200321336014913576e-04
2.516283663386934271e-04
2.555724420039427700e-05
1.372886114850279001e-04
2.650112870916132330e-04
1.356190191981449791e-03
2.385066502998691937e-04
1.458458483186194331e-03
2.829145492926748388e-03
2.576923089354363205e-01
4.023562557035882214e-04
0.000000000000000000e+00
0.000000000000000000e+00
7.035302263509862764e-02
4.985851434605505792e-04
3.690040152665147026e-04
1.978805314810845345e-04
1.546580189726579264e-04
1.598091370846623427e-03
1.724816889150836618e-03
1.437277146961947862e-03
9.432235610377005689e-05
1.268361822862603490e-04
1.355708206451671246e-05
8.663969430963105089e-05
9.748444497148718232e-03
6.524002053949452210e-05
2.279611063780682414e-04
3.407539522622912622e-03
6.896621734417709667e-05
1.150344029769661918e-04
4.563421611966089471e-04
3.242371083813146170e-04
2.360978835958362550e-04
1.087778676555111785e-04
2.352163399658398549e-04
2.398048737585289187e-04
1.872670485839210603e-04
3.967965326926289264e-04
1.031981322390673088e-04
4.316301334852875606e-04
3.589968858668651504e-04
7.975480836154059689e-05
3.386972990194338337e-04
1.022311339389613260e-04
8.873947230936210127e-04
1.595061392473589917e-04
1.084941341759051471e-03
1.665399184903418013e-03
1.539790038728509577e-04
2.642032533301887673e-04
1.013608200992195912e-04
0.000000000000000000e+00
2.154622013971042394e-04
1.315617852569966168e-04
0.000000000000000000e+00
2.898173057615348455e-04
1.299534092420904184e-04
1.355599260365431230e-04
1.714164809335072656e-04
1.193075255229612087e-04
