2.965554997375895434e-03
1.349124035249794559e-02
1.215504359348237168e-01
6.754026252790608104e-04
5.195488403929779658e-04
2.238866487837428955e-10
1.476932086696302509e-04
1.845672581829988347e-04
1.133260093265488365e-05
8.436252208735169327e-04
9.270286472325991014e-05
1.664841726615162970e-04
1.868828317907530057e-04
4.850097073676922573e-04
1.416396998595500232e-04
2.811148840148068853e-05
8.528169197485122434e-05
1.762504224610356380e-04
5.302598617488585438e-05
1.399696849997092050e-04
1.328073444947639912e-04
2.516894362099715001e-05
7.372428050799328600e-03
7.914576056901971297e-05
1.419718360672504384e-04
2.690030388401986076e-04
5.292041877104129927e-04
5.453941605945162446e-04
3.113779348821066328e-03
6.290197286790944701e-04
1.049018171252749480e-03
6.302926318319800048e-02
1.574960603370294514e-04
2.053645162727161274e-04
0.000000000000000000e+00
9.831294161053000225e-05
2.969385834653854445e-04
1.787635175243420073e-04
1.749403768803749464e-03
5.537223671865201119e-02
4.595601393586773464e-04
2.228926746031949790e-01
3.926015015146595171e-04
7.578342587755697475e-04
6.184977414349661275e-04
3.175101609532411060e-05
9.408305155885956107e-04
5.579068271516975097e-03
1.356006657307215256e-05
1.467008185358405767e-04
2.224702380347180243e-03
1.737800380897346674e-05
2.515935670393018469e-05
1.791668241002011375e-04
6.842883511928895125e-05
9.144246682026173681e-05
1.084002446701766865e-03
8.480739371433078030e-05
8.699391880972777641e-05
8.795985179285118090e-04
1.802899876831837557e-04
3.527052031253961048e-06
8.750104244508962641e-05
5.643977003809048671e-04
7.551964247718562059e-06
8.373497859835974430e-05
5.018581933193395862e-04
4.669702644757663568e-04
3.463758566707472557e-04
4.908225878197652187e-04
1.098694455073989662e-03
3.443053858500442210e-01
1.847715937716152331e-04
0.000000000000000000e+00
0.000000000000000000e+00
8.545876521224406164e-02
4.683262209849919444e-04
5.666465274041867383e-05
3.604487470014163192e-04
6.696096961325855197e-03
4.368856859146003752e-04
7.393395865786787403e-04
7.722967876413925660e-03
1.228002734582101267e-04
1.471214660955384430e-04
1.496177309945168581e-05
2.482121184603769664e-04
1.337315293338858964e-02
5.235975991611920504e-06
2.917751696199303153e-05
2.042644064413883659e-03
3.313872899166965647e-06
8.901538986028672737e-05
8.661215197979851420e-05
8.189144772070097722e-03
2.729543948800814356e-04
1.164947245057427935e-04
8.289835682394873853e-03
2.434523813346219600e-04
1.042219020769264798e-04
7.621800520681893841e-05
1.206665380049575599e-04
5.032442146960545358e-05
5.712563135133706807e-05
6.199095630875758650e-05
5.232340222004454327e-05
1.349803380927563044e-04
3.472931448864750338e-04
1.967761685045010844e-04
3.804516610288801457e-04
3.475080460834685915e-04
1.280007883297846105e-04
2.446651677670428010e-05
1.298419609491735115e-04
0.000000000000000000e+00
6.237715255783359675e-05
4.796042361954972540e-05
0.000000000000000000e+00
6.337456394368616260e-05
2.183922081400778512e-04
1.114658985374924078e-04
1.244096128333079931e-04
1.300859462318578678e-04
