3.526145191150180380e-02
2.030662241922005506e-01
9.747304951034062304e-02
6.097868533982921460e-03
4.506370537578489530e-03
1.026277135935573009e-08
8.024787832924430838e-04
6.701585748712654078e-04
7.381304036603404325e-04
4.219826869342032044e-04
4.131203836546262775e-03
1.551237183200999742e-03
1.820698810604423797e-03
8.152574318783549143e-03
6.633212218909304188e-03
1.059561457301789631e-03
6.137874301401287803e-04
7.702099395183628454e-03
9.976963269719741918e-04
7.290430151446766023e-04
4.680090379467098834e-03
3.441166716877478576e-02
7.281485546111797578e-04
1.313077143532680267e-03
9.222162195444709790e-03
4.590873907599699044e-03
6.144874840335620356e-03
1.372898286359502430e-02
6.227006994778772064e-02
5.637240521967091036e-03
5.098226252426527050e-02
4.056402477630594722e-02
7.661983229550677977e-04
4.129966543394868379e-04
0.000000000000000000e+00
1.421167470514517195e-01
8.778933177882780386e-04
3.205585696971411953e-03
2.858146521448336110e-03
1.461162500226656502e-01
3.495296194438492817e-03
8.028526572337833789e-02
3.163306280955717302e-03
