4.293454706116778263e-03
6.486171110074351320e-03
4.591198920986479526e-01
1.374548962455628067e-04
4.089555906010354340e-03
6.529055395558123422e-10
9.461342388144975335e-05
4.647942496363712895e-05
1.174756934280627959e-05
4.957981783192253242e-05
1.121227416610948895e-03
1.714204114215827309e-05
7.147795549305973456e-05
1.333689809038094863e-03
1.021037326767547512e-04
6.039479578784064454e-05
5.707536078200968683e-05
1.127381378227111604e-04
6.515363306118834147e-05
6.335432013170027297e-05
9.392005401785847305e-05
4.134750205104896362e-05
2.285534151653658634e-04
8.028646188762092071e-05
4.262315847702988805e-05
2.534116071370476580e-04
3.340800123761447052e-04
1.021885548893901378e-04
1.164366769125188436e-04
9.224439557242969075e-05
1.210242774276017776e-04
9.588588517132659583e-02
1.722929945616674208e-04
6.810166989522318127e-04
0.000000000000000000e+00
1.049224095592243806e-04
2.071352934801353775e-04
1.418757370328921482e-04
7.216910961953359842e-04
2.555463478895094592e-02
1.572027766477281205e-04
2.163142316287151035e-01
1.051538854227853303e-04
8.174828589421311974e-05
3.918549715619070633e-04
1.172291402384658039e-05
3.465225252383398197e-03
2.312939534691243831e-04
7.045800514289338314e-06
5.376239204594548981e-05
1.000562443147672074e-04
6.301357041830743836e-05
1.450791001462572245e-04
1.004594542185133688e-04
3.079611008209227029e-03
4.306152886243674714e-05
5.530197658789201375e-05
3.003359256535140503e-03
3.769084876414855720e-05
6.588138784021236715e-05
3.257993252526906818e-05
5.716249078350223507e-06
9.524349122304430623e-05
3.549366585102719509e-05
6.641076345171178466e-06
7.149349252248801863e-05
6.263608038839829130e-05
1.004594880510641434e-04
3.265792483022704733e-04
1.906970944375089541e-04
1.769755829896457137e-04
1.300623980059281426e-01
2.565040223460628892e-04
0.000000000000000000e+00
0.000000000000000000e+00
2.412853637123194440e-03
1.991136070882160993e-04
2.882076787403955532e-04
1.913681180860685399e-04
3.127658335805522994e-04
3.214698718705210462e-04
2.314617036892818377e-04
2.144238925325449990e-02
4.112893125007113283e-05
7.690552797246142823e-05
4.110136106438841992e-06
1.757093250924177694e-04
2.886707477477913511e-04
3.854493829339583622e-06
6.571188115054805632e-05
1.448297380844376897e-04
3.609113632556557182e-06
5.110113043068248732e-05
1.420037423672072330e-04
5.411691386262503395e-05
7.157864711612595512e-05
2.759105905010511388e-04
6.844238803983274859e-05
7.866314590261324908e-05
2.610948408104297623e-04
6.099217181381605141e-05
4.155324282299595681e-05
1.034839937107801233e-04
8.885620825196023653e-05
4.476397873193600991e-05
1.153722636643452322e-04
7.532524470907688301e-05
9.684039202125416419e-05
8.049588872000013311e-05
3.335632320332557730e-04
8.839814863667351270e-04
6.981341102300529441e-05
6.802209885588249847e-05
4.312848575982295454e-05
0.000000000000000000e+00
8.473328393610304529e-03
1.078727994861254007e-04
0.000000000000000000e+00
1.279539880186623675e-04
2.021882941415296649e-04
2.049804849633067149e-04
1.553109638051593819e-04
1.700511990570751600e-04
