1.197472527983763947e-02
2.914841692531984930e-03
2.578891661959224479e-01
6.471772478484070709e-03
4.695140067395779486e-03
1.206372977457429481e-09
1.077132013493960899e-03
1.442379662867429167e-04
2.902972988054250262e-04
1.273685900864443684e-03
1.276990424265435917e-03
3.196154290121385128e-04
3.032043000253904969e-04
8.947821853957982135e-04
5.865718749631504674e-04
4.951633120544670806e-04
7.014940629968037262e-04
4.966437077296671429e-04
6.627390031334190598e-04
6.843186354306825215e-04
2.576363116255089240e-04
7.426315355337250032e-04
7.251427565046233937e-04
6.347660864952974023e-04
1.150363332623426094e-04
1.608155908177183414e-03
8.808136554009316985e-04
1.480893777467475868e-03
1.263671085586347449e-02
1.406718035703893345e-03
1.343200953763500939e-02
2.356980284806315523e-02
3.249329174852257584e-04
8.418611960435348762e-04
0.000000000000000000e+00
5.469065383206973699e-04
1.644764236344081190e-03
1.778619550242415976e-04
1.223588587813792712e-03
2.005329533162715852e-02
1.892375312273713792e-02
5.479647888683077117e-02
1.398097824468540196e-02
6.071318727298770715e-03
4.627014388735192080e-03
1.273036328439750833e-04
9.248617743827302479e-03
1.905871056410469999e-03
1.192452933522819200e-04
2.370922902510966756e-04
6.918302285240460030e-03
5.762420732104748492e-05
7.102687090831212233e-04
8.170706235056272859e-03
8.116481244263342451e-04
2.853661027888281269e-04
5.813664325783244420e-04
1.034129894414865690e-03
3.446538418766788791e-04
8.188392706618249006e-04
5.880445531518044408e-04
2.331446885901436138e-05
1.154615765290607473e-03
3.244918548290387115e-04
1.420632460787605467e-05
1.026716836493800225e-03
1.435844322948970223e-03
1.674881619801445003e-03
1.689570864967101680e-03
9.987914888462381870e-04
1.873114817638639462e-02
3.698844951504687839e-01
9.886041082284961756e-04
0.000000000000000000e+00
0.000000000000000000e+00
1.091905594085731132e-03
9.860184118151058517e-04
5.178139134015313826e-04
3.860508379697897272e-04
4.517763505332635814e-04
1.577198043111075962e-02
6.248242734935993345e-03
1.629044308175761277e-02
2.454281074011985123e-04
1.507465418406653225e-04
4.237500140044739858e-05
1.945421035822622287e-04
8.436734951438080651e-03
3.608975642211702028e-05
7.655612110488771568e-04
1.098091972606469362e-03
2.571930315062978780e-05
8.740151082784416189e-05
6.878293606547889556e-04
1.922922692040746409e-03
6.366894903312933247e-04
1.268173609796303556e-03
1.355284394963353258e-03
1.006958186360106238e-03
1.122844479331375819e-03
8.613104686597667075e-04
3.907961047662184364e-04
7.551186657925153473e-04
8.111698739158157293e-04
1.803427205483264652e-04
8.034528286866114829e-04
1.255462171536717497e-03
1.323999386958167428e-02
9.691581890202490175e-04
1.053848017936301167e-02
4.022112222666762303e-04
3.413556130206484040e-04
7.515082266401327833e-04
2.671727202522812474e-04
0.000000000000000000e+00
8.127719893100815570e-04
9.933622072137954055e-04
0.000000000000000000e+00
6.557456586550901084e-04
3.769337361401939725e-04
2.079680198595786880e-04
4.967575603601870858e-04
2.999484809105272976e-04
