7.007737697893341722e-02
3.475701352396635274e-02
1.229023961432815781e-01
9.018478483493502090e-03
2.318771980793356280e-02
1.326925123434429145e-07
1.073685761922791269e-02
4.294443232215413783e-03
1.803775774397036813e-03
8.614220771265854171e-02
1.224199140851109022e-03
7.551329616398111226e-04
2.576241046315211163e-03
5.500043140450946045e-04
4.486483094118713134e-03
3.373862662020768975e-03
1.693706359401303324e-03
7.392835017332076257e-03
4.817200037431381560e-03
1.637392958865525276e-03
1.262368515986890538e-02
4.334832877252692979e-02
5.085704478378112866e-04
1.093915581391500689e-03
8.349892099275844958e-04
8.598055822453064267e-03
1.699209862796943471e-01
7.708111758146824095e-03
5.042081796700060431e-03
8.093482710050589612e-02
4.948533946496996849e-03
8.244845069340446531e-02
1.180362094368850095e-03
9.531034642483890386e-04
0.000000000000000000e+00
7.787607465758772905e-03
1.839982751036151228e-03
7.240960552868608811e-03
3.812791362165484071e-03
1.189588796532597553e-01
1.463276139864994572e-02
2.680064050755470717e-02
7.354914620494193075e-03
