6.762920646970867200e-02
4.330948219358765616e-02
2.375570999607147515e-02
3.832039668262395265e-03
5.569227622874600367e-03
2.404373163311082288e-08
6.523683569971077019e-03
1.096767403929709700e-02
4.266911329191512559e-03
4.875532344033162548e-04
3.266790223041259825e-03
5.712919783054608682e-04
9.431538661866966560e-04
1.146478965656299101e-03
1.196297137501127050e-03
1.078055421611135399e-03
1.174188004463089458e-03
8.988053478437116502e-04
1.067271980454583902e-03
1.199719427529563100e-03
4.807219363323842745e-04
1.641486998782792743e-03
1.665686436685294251e-03
2.440691870598732469e-03
8.173987235421457899e-04
4.152980144551874069e-04
4.916327771929810547e-02
3.702353421302957172e-03
2.561108285979630909e-03
7.242089589895694957e-02
3.343244056030122806e-03
3.920005899929254189e-01
2.398450284394139202e-03
5.274733546310043410e-04
0.000000000000000000e+00
3.911840599211355643e-03
1.215306859096667701e-03
2.213729995751772921e-03
2.477396016007977694e-03
4.144192653614410526e-03
1.241765665514514040e-02
2.481103967217772877e-01
1.304723898578808577e-02
