6.270930284632851223e-05
1.133295402737408917e-04
1.203949742221947642e-04
1.251701690970773195e-04
1.280762180176091454e-04
5.770690044531504100e+03
4.142286889274918421e-06
2.708683349424211183e-05
4.425433768540510386e-05
4.637676001298070890e-05
6.027726863296743894e-05
1.808622230860220952e+03
1.206980957435038390e-05
1.327522608646746853e-05
5.420027311703142143e-05
5.542893694293804838e-05
7.071438706182315897e-05
1.685123788396546615e+03
1.056241858485915351e-05
2.035284853271824884e-05
3.165039591654667531e-05
4.296422040033145301e-05
6.175998766948969428e-05
8.122897726354988208e+02
8.054686097416128659e-06
1.099222072536862205e-05
1.634943393426473016e-05
1.773226994231647782e-05
6.258508454853865973e-05
2.321679274715320844e+03
2.058670239055019466e-06
1.297524118293494520e-05
1.488950934618698352e-05
2.344091274607247867e-05
2.777225616894637750e-05
2.056555044985317409e+02
1.663915791680996561e-06
4.329788378170947780e-06
9.995862628657504076e-06
1.257923286791546102e-05
1.689990430832261339e-05
6.756270879984829207e+02
4.396085891102124959e-06
6.778413039507053138e-06
7.827140037234681764e-06
1.001135349751558446e-05
1.551861555690668530e-05
5.902163176552794539e+02
1.274530574910554472e-06
6.582016193531539029e-06
8.933420476176608108e-06
1.125787537021706368e-05
1.547070197895729560e-05
5.971521486005354973e+02
5.137616423512586770e-07
8.814006130633504855e-07
3.669464418960083969e-06
1.898063612476875035e-05
6.385535231006467119e-05
1.932512299107884246e+03
4.971963382804362332e-06
7.974880996005181055e-06
9.987293972079449805e-06
1.179350158295659820e-05
1.768079833442643225e-05
2.384450554960064039e+02
5.013126374602294292e-06
9.125873122931022895e-06
9.566757423559714990e-06
1.034222425414322644e-05
1.236946337608780177e-05
5.634090534586522381e+02
1.017303317349383101e-05
1.162884534146265489e-05
5.110050755095447338e-05
5.904660302754434557e-05
5.983832533062492603e-05
2.008224668614587245e+03
7.657467152873960353e-06
8.983435116523947632e-06
1.027055205500711742e-05
1.806675770567714499e-05
1.807661987350263978e-05
7.682919017175479439e+02
2.914823676452481551e-06
5.232497538633084759e-06
6.583297296340711029e-06
7.136161514107520996e-06
1.009962459072805816e-05
3.962559812100922159e+02
1.001344418776813311e-06
2.095383826623908238e-06
3.501518627657213472e-06
4.789714701558550393e-06
5.460204473056376253e-06
2.944894307271167690e+02
1.130753545152025241e-06
1.508726880487214988e-06
2.674927998556552026e-06
3.878967094242183560e-06
5.049812290791504672e-06
2.725432638059781425e+02
7.020672765463234442e-06
7.843254991941360903e-06
1.165413493216453617e-05
1.917770048249165524e-05
3.131283521311209212e-05
1.865493719837081414e+02
4.395249281467197340e-06
6.387563439398444813e-06
1.124959674686836261e-05
1.307218995705948105e-05
1.511002110198537414e-05
6.706066298287875043e+02
3.732325903937241405e-06
6.061222681648849359e-06
9.429084543274952407e-06
1.596890858821712497e-05
3.267038770421973906e-05
9.515298737566436102e+02
4.874064002636280267e-06
6.798875933378292618e-06
1.106358442013030846e-05
1.778296287414595186e-05
3.603638982285326962e-05
9.083683674304945725e+02
3.558404108156053294e-06
5.140651960380715879e-06
1.276456481385690754e-05
1.702404440754859679e-05
2.401427656785943521e-05
8.717882847808471070e+02
3.326400549137560494e-06
4.721819545065065163e-06
6.205801570550974101e-06
9.617904377622643708e-06
1.845078936681632481e-05
8.403759923935282359e+02
1.400941216022914373e-06
4.687772447394220076e-06
7.147797696441592680e-06
8.126784471792270522e-06
9.961194164401650344e-06
7.248747122818264188e+02
9.464652972231667183e-05
1.445132390562974120e-04
2.436066533378277387e-04
2.893962266670506672e-04
3.238495538169457221e-04
4.529059593964516886e-04
9.561776160723530893e+02
7.277115386279177073e+03
1.637864958740530710e+04
5.162498327040208321e-05
5.877811477941140397e-05
6.425561799327459680e-05
1.402008635441363913e-04
1.666070154445811735e-04
2.182534726467479785e-04
1.217149879947714453e+03
3.673414980710704185e+03
5.973825131845280339e+03
2.044753507708090560e-05
3.434741125434021539e-05
6.688394862876217539e-05
7.578939543870749738e-05
9.294716071358124013e-05
9.605222324946444167e-05
1.318971985877080442e+03
2.848238483291350803e+03
4.163006122230655819e+03
2.480417786720931191e-05
2.721359971039180844e-05
2.856605214216887911e-05
3.245880726506099778e-05
5.385154911689851395e-05
5.585508522122088797e-05
1.056344442721944006e+03
1.124152379487138660e+03
3.617457887984937315e+03
1.861652226373333778e-05
4.107983245917460252e-05
4.198457438893126462e-05
5.157345559961631779e-05
5.801508778921490248e-05
9.407144168985141568e-05
1.118485907817497491e+03
1.501902948224559168e+03
1.621468935553786650e+03
2.855484689235331643e+03
3.425970588166920606e+03
3.501879561465311326e+03
6.481527719741573933e-06
1.188718016311368582e-05
1.267910791355275473e-05
1.349642694555326824e-05
4.149887084373479881e-05
5.164185391645072855e-05
9.429133448295308426e+02
1.129799298030269711e+03
1.382076108666219397e+03
1.464074126132889887e+03
3.364052586109810818e+03
3.441409915556320357e+03
1.361762157342884609e-05
1.938147444713121643e-05
2.244269598309348005e-05
3.089490973825212357e-05
3.147482444262865187e-05
3.939255065844535377e-05
7.261463767815190522e+02
1.135259356133035453e+03
1.308506162727379888e+03
1.484118624681082110e+03
3.399395318088227214e+03
3.448505986194490561e+03
6.370458552809897148e-06
1.278594872863492277e-05
3.396721241528063181e-05
3.461927657677430886e-05
4.634454261411987091e-05
5.885200618523079940e-05
5.841966219062178425e+02
9.883575416541812046e+02
9.960542091177409247e+02
1.386110655513566371e+03
3.406918408320545495e+03
3.439476677584789741e+03
6.829403203128507507e-05
9.514141031424943099e-05
1.844652159680775178e-04
2.955530727159046351e-04
3.459794023360149295e-04
5.791881866280517897e+03
2.189419199585287517e-05
3.312871158833102325e-05
3.784202428990960992e-05
4.214095369942584844e-05
6.148120599757338602e-05
7.616284919108746863e+02
9.730477806668784616e-06
2.856605214216887911e-05
3.213100637172543444e-05
4.210317266249318966e-05
6.279938941797912489e-05
1.153162218959894517e+03
5.172372224298462072e-06
7.374693267077662885e-06
1.061780795595915254e-05
1.564627106501290961e-05
1.758173176815942408e-05
7.336763797190662899e+02
2.126796662747040788e-06
3.512418799754361759e-06
9.240252913269845261e-06
1.104068941753691138e-05
1.392137150138739146e-05
5.691556029874780052e+02
3.806254203691215605e-06
3.902127111875366270e-06
5.414351722850996413e-06
8.613721716503012850e-06
4.039849836291223263e-05
1.511135718153225071e+03
5.449823256737261267e-06
1.039055714802452592e-05
1.256960173089431521e-05
1.832437961870828029e-05
3.129254227426932986e-05
1.375058400457983907e+03
7.724064117978444649e-06
1.019502280809784962e-05
1.026775076795359562e-05
1.596890856671568827e-05
1.765046770746451932e-05
6.010484413666883938e+02
4.048213479107536687e-06
8.071698823303116472e-06
8.853614857877738133e-06
9.578561250197433968e-06
1.689990429397422763e-05
5.899304396254749463e+02
3.595533809740159263e-06
5.257288395484648519e-06
8.324197983176353797e-06
9.913138676045774627e-06
1.233340963691211743e-05
5.813425836465873999e+02
3.789960107870809111e-06
4.467995208213955249e-06
4.732040538533529172e-06
5.757671850918080490e-06
1.059985868087149184e-05
2.370446177368774840e+02
9.955583284696646008e-07
8.445292103901001757e-06
8.701698197713332366e-06
1.050336497285831255e-05
1.406837993101720747e-05
2.384511995187640707e+02
1.124352775525481758e-06
1.733191786019118213e-06
2.166329160868577886e-06
2.178125257620657870e-06
4.790672558127325481e-06
2.854549349814283232e+02
2.215846752764278043e-06
3.769304540564318351e-06
4.133089308853726246e-06
7.306513965007436943e-06
8.449952164776863996e-06
3.386181205705227057e+02
1.501893910834052110e-05
2.718030483118963193e-05
3.496730990303813322e-05
1.077439411137122443e-04
1.142642085686755164e-04
4.456373702277075608e+03
4.930582309562350628e-07
1.000254346404261472e-05
1.180813866443921722e-05
2.074480177664727513e-05
3.271260692442974144e-05
2.947753144879687852e+02
1.955783900999473910e-06
6.254525846385687085e-06
1.038256947567135984e-05
1.452175905635235147e-05
1.689092038456086855e-05
5.151214365178658454e+02
5.979071971852513389e-06
9.428552454330353365e-06
9.454064024140907934e-06
1.672549458524289130e-05
1.735721654865882637e-05
5.204887212939917163e+02
6.717152581201941203e-07
7.445144700522394896e-06
8.360371710103231831e-06
9.343282040313669051e-06
1.793831237779660331e-05
6.393267522971793824e+02
1.353194798454716505e-06
3.330176166498343412e-06
3.891025656076515444e-06
4.516689437022082999e-06
5.477671995873420814e-06
6.127764843067170659e+02
2.095007068121543374e-06
2.696738054592439117e-06
1.434534381147687648e-05
3.384715518237616178e-05
5.786059897146562524e-05
6.925095185569459773e+02
7.776558603338660795e-06
1.195003692934042546e-05
1.327704380600103929e-05
2.407873100909000709e-05
3.835608579560157008e-05
9.927224015200420126e+02
2.925506569031784690e-06
4.463136505926354468e-06
1.093968119368252254e-05
1.151534372583338703e-05
2.961171958305049942e-05
9.897650909707786013e+02
1.078126712107499933e-06
1.681276242003472310e-06
7.490082034094975607e-06
1.199381408037142277e-05
1.796367130542247552e-05
7.312033458201325402e+02
1.052352960213287649e-04
1.314072132294628924e-04
1.379363352063986512e-04
2.113443620791550983e-04
2.203471250914995736e-04
2.445642255451138474e-04
1.633137324542018860e+03
2.883358132951756943e+03
2.160212784305050809e+04
1.767866936173483153e-05
7.536747577485775561e-05
1.041359135776711057e-04
1.278951542790731537e-04
2.002782770046296248e-04
2.338954790553075987e-04
1.359137418455559327e+03
3.699710404991688847e+03
5.404751120959993386e+03
2.146963003711542924e-05
2.486056106421865038e-05
3.573999087200933254e-05
3.667128740934804526e-05
3.820736991215005994e-05
4.667620585752433032e-05
1.286195980532551403e+03
3.410252934254761840e+03
3.767917027579691876e+03
2.573947098518361546e-05
2.918278454817007807e-05
3.164700135450026277e-05
4.082022938645205870e-05
5.077708099470964917e-05
7.335035287721816265e-05
3.034604300552416021e+02
1.397611582003436069e+03
3.750055082814402340e+03
1.990796668971554081e-05
3.692513412495837587e-05
3.860226402769802097e-05
4.181504820636530332e-05
5.343127261040872463e-05
5.888725433386866333e-05
9.416934028818859588e+02
1.092498023177767436e+03
3.621562217885417340e+03
8.238186610544201394e-06
1.945792767560807415e-05
2.319584428274668180e-05
2.968111851729810354e-05
3.193412243346630870e-05
4.191543503305806043e-05
7.951910960498114491e+02
1.249338967538268889e+03
1.642600875919440796e+03
1.702168902060220944e+03
3.401724160611208845e+03
3.452109203339060514e+03
1.677745960975542824e-05
2.249372070966618119e-05
2.324362473983041560e-05
2.589577247096936036e-05
2.663402578950768162e-05
3.282068441827228793e-05
9.774726609484055189e+02
9.955644683223803213e+02
1.073310094972194975e+03
1.435961460209394318e+03
3.399290801579831168e+03
3.447407937033973212e+03
9.098588059750893438e-06
2.192825205820411982e-05
3.207386506434259686e-05
3.474405618891314624e-05
4.865051758758089844e-05
5.055203293252011408e-05
9.005618704990713468e+02
9.325459772060796695e+02
1.021727345253819180e+03
1.418255921802516696e+03
3.398771893081602229e+03
3.446526759591170503e+03
1.001930672743187191e-04
1.871046809886385293e-04
2.632867790049163458e-04
3.496863425810353568e-04
5.069049029204489906e-04
1.680718134199441556e+04
1.092651657248360911e-05
1.801262928432138469e-05
3.619411279557377035e-05
5.501859977684437454e-05
1.250828213226526766e-04
4.133021312396959729e+03
1.293769076063235686e-05
4.344842036824854653e-05
4.704916478752098661e-05
4.712615436878473876e-05
5.136553406331187854e-05
7.511946962328684094e+02
1.449402254035716127e-05
2.101567128791513180e-05
2.819064157946427494e-05
7.226703082270857998e-05
7.228582445231867431e-05
4.449872322748478837e+03
2.023714983852979065e-05
5.194944886880054779e-05
6.763949376557936149e-05
1.378550329973530196e-04
1.385989715862336708e-04
4.144665894690794630e+03
6.055774930932939041e-06
9.260500795446538960e-06
1.682581482381146010e-05
2.118515115545992872e-05
2.314903414254824309e-05
6.429312831972589493e+02
1.079629650108551410e-05
1.487414169575170000e-05
2.165424621526089690e-05
2.212716882612121114e-05
2.398446554908152347e-05
6.954364341203128106e+02
2.405316626750832065e-06
6.206404397867313620e-06
6.600542621143478144e-06
1.916269006487373978e-05
1.980597121096240576e-05
5.819848560563309547e+02
8.684581737985945467e-06
1.069411615875199096e-05
1.267397113073180873e-05
1.332403597272660294e-05
1.354113746544270992e-05
5.820734087533254524e+02
2.110928010693005583e-05
2.673864943835942411e-05
3.447951041485483820e-05
3.613351541135428999e-05
5.662804485461482823e-05
1.908912674592060512e+03
6.182078927491642452e-06
6.484616767302506037e-06
7.885003922826278454e-06
1.236946345727349572e-05
1.517671397042545656e-05
5.805182780328619856e+02
3.010613271078605495e-06
3.386302879654025951e-06
5.737875118038714804e-06
8.409540232591599101e-06
1.151534373199643772e-05
5.662551409404012475e+02
4.969766544869486966e-06
7.820896915965403981e-06
1.392137170071918568e-05
1.511450318730735237e-05
1.797657775752178888e-05
4.244865895768322730e+02
2.063958370419627521e-05
2.370954376743973949e-05
3.478217099811268978e-05
4.568784890066316816e-05
8.850867537081020771e-05
2.864468341812729705e+03
1.140825853635381926e-05
2.242333594983253678e-05
2.492157812285509714e-05
3.385869673802101716e-05
9.560029577296318875e-05
2.851419433822733026e+03
3.646280567765209197e-06
4.055661012692359231e-06
7.643693792810089295e-06
8.136903930586843523e-06
8.361856120672774131e-06
1.991711836501762036e+02
3.361830736934367389e-06
4.497476790421776256e-06
4.708987754511709949e-06
6.091099352000202640e-06
6.960685876304146791e-06
2.640142606848552305e+02
3.219585590178633832e-06
1.772250180654842602e-05
3.947027220674146117e-05
4.832910313854207022e-05
7.226703082270857998e-05
1.872483515266670338e+03
8.889879267017973690e-06
1.308363400439136869e-05
1.531683902890804404e-05
1.799454923134914254e-05
2.886636123663823919e-05
4.700518047803398645e+02
3.265072346950374925e-06
6.704467260419237436e-06
8.001073558620481644e-06
1.719904087140856181e-05
1.769657692189292999e-05
5.898396255848895180e+02
1.851676757515432317e-06
2.305434928895059346e-06
7.678320528832920279e-06
8.141453432812619220e-06
1.397334229845216442e-05
5.899941092464280246e+02
6.215827764099679872e-06
2.050119357832280733e-05
3.138629150799727318e-05
6.044255745704291724e-05
1.351992348490038145e-04
4.252622259326788480e+03
2.785813789905970362e-06
4.318074461993107805e-06
5.073104551378436391e-05
6.155258532201692532e-05
6.258508454853865973e-05
1.877494631145620588e+03
8.253093852983470424e-06
1.192019347420781495e-05
1.355006822613716663e-05
4.377807220231773300e-05
4.452995394238966706e-05
8.246905342665090757e+02
2.166676064889264249e-06
2.675948988754422929e-06
6.775034126515796323e-06
1.580560376571855491e-05
1.638293414949230781e-05
7.571710504431301842e+02
3.624269647052128651e-05
1.286454775397178783e-04
1.568300488441882166e-04
1.765390955929022716e-04
2.579913323592116620e-04
6.047299529122570532e-04
5.688793479118347932e+03
6.135112427663322705e+03
1.639273605128463896e+04
8.724917769293505040e-05
1.094230841034881025e-04
2.646645056062813558e-04
2.658129004064718574e-04
3.471998832036326458e-04
6.409217106571000327e-04
1.720081125716953238e+03
3.836025607106992538e+03
1.144619382603676786e+04
6.723892447785891920e-06
9.489807658409654575e-06
1.374026090526745355e-05
1.943721909098556139e-05
2.086605509604463923e-05
5.373718217721010259e-05
1.126721304765517289e+03
1.623496579619541762e+03
3.595792513205517480e+03
7.202813498259012020e-06
3.520245689277229286e-05
3.782994090940670982e-05
4.562132543401930759e-05
4.678069673583480745e-05
4.995424012649376546e-05
1.348722196115991437e+03
1.897676019638418893e+03
3.744863880968860940e+03
1.459846902713267142e-04
2.528039203347712954e-04
2.877094615624981619e-04
3.786675572933428870e-04
8.071943400933952965e-04
8.167712705021238371e-04
2.119253888258081588e+03
3.583948690173871455e+03
3.676800818769000216e+03
6.862372575019910073e+03
9.733443284801962363e+03
1.008121629926479363e+04
1.226822141888124132e-05
2.311325583259413023e-05
5.627144684889386897e-05
5.695412041300934716e-05
1.143153389142951393e-04
1.299195233726648554e-04
8.218988526600921887e+02
1.614340410083274037e+03
1.798874589087573440e+03
2.968965343667885463e+03
3.452784090948834546e+03
3.531667414557845859e+03
2.249227337752694267e-05
2.296070083109021703e-05
2.573564338815101070e-05
3.270667217656613189e-05
4.150541853817828013e-05
4.576865595287396744e-05
9.801749906730351540e+02
1.007238549962948241e+03
1.042623652671119089e+03
1.432814524923713861e+03
3.400688287834691437e+03
3.446076087097364507e+03
2.391848759557494965e-05
2.474224990691328323e-05
3.357172276813247464e-05
3.621042006060479690e-05
1.142642085686755164e-04
4.677052847346915769e+03
6.859798857147275669e-06
1.056004077899781076e-05
1.326232593233781167e-05
1.566395870392779424e-05
1.806675769622602930e-05
7.705566536162360762e+02
4.391055622015798370e-06
4.581006008577572750e-06
5.675977534810221301e-06
6.194200158214201784e-06
1.564627108432648054e-05
6.201715218529772073e+02
7.517800577241756882e-06
7.591381774789685451e-06
1.176197406823040710e-05
1.265052799917255572e-05
1.325396556835835518e-05
5.698762547578943440e+02
4.272058384995386487e-06
1.094878048531911409e-05
1.417501038840386426e-05
2.220061228427346774e-05
4.530044642342031505e-05
2.723749210951190435e+03
1.297532781585907848e-05
1.333672926834614638e-05
4.425433768540510386e-05
1.384415681667214868e-04
1.384640455000803552e-04
2.094617362737349140e+03
1.698468802305699097e-06
7.145441777454809734e-06
8.561007866280518058e-06
1.090281302925582065e-05
1.106358442135127596e-05
4.256619843633894789e+02
4.064387552865197729e-06
6.123150950038796054e-06
6.387563443869309172e-06
1.222073299312546875e-05
1.540972354252609903e-05
5.228256971655305279e+02
9.255829835412847546e-06
1.297948633828147263e-05
1.617957391744235046e-05
1.643320251179621177e-05
2.410463792919438500e-05
9.031106877973427061e+01
4.376131469154646226e-06
9.114853356143460660e-06
9.643735662814121134e-06
1.688497161734897161e-05
1.694000122184765266e-05
5.029844209480473296e+02
6.261581371816067733e-06
7.894161630290309206e-06
8.164296253197426205e-06
8.817261256410872296e-06
1.106358438216340000e-05
5.340708920204455126e+02
1.833479478067537272e-05
1.962154015445752639e-05
2.840676642997987456e-05
6.988855483173539787e-05
1.120068142546580547e-04
2.905618061002880495e+03
5.528492615285541674e-07
2.877000086150643368e-06
5.506381090072439245e-06
9.026183993626789911e-06
1.806675770567714499e-05
5.308559828198563082e+02
2.180744415675496499e-06
4.661445309556915578e-06
4.849513084954516700e-06
5.154360258268267810e-06
5.296287802217330887e-06
2.844999676530510442e+02
6.324640462925090424e-06
1.008203869705733425e-05
1.806675769144735062e-05
1.950099392425138384e-05
2.730613357575463319e-05
6.132733401969761644e+02
5.586813995549604604e-06
8.339417545469024750e-06
9.640568851605764349e-06
1.342698919381240922e-05
1.420155024145486763e-05
5.683758848673717239e+02
2.150395260358315633e-06
2.806317182832231464e-06
9.476497734718934739e-06
1.704817699825120317e-05
2.017690726937397595e-05
5.444277364048385834e+02
5.083817988634073576e-06
7.141513017514831113e-06
1.214773317131294470e-05
1.378367183589279756e-05
1.799825681527041766e-05
5.326329938498729462e+02
2.947130162143120251e-06
8.307711325233880611e-06
1.106358442135127596e-05
4.598374601637090126e-05
5.375434848218713156e-05
5.631289032660592966e+02
6.711607542667159441e-06
9.595512158445777478e-06
1.127614928166961497e-05
6.850989198349930105e-05
9.778616018408436896e-05
1.813144709422470271e+02
5.635140165999043555e-06
6.387563436528950451e-06
1.095397178547314678e-05
1.747719307161341713e-05
2.611113797985382487e-05
9.902533190648581467e+02
2.773830180213025631e-06
4.516689413896627490e-06
4.910038296309141196e-06
1.765288153341700939e-05
2.870916574392020840e-05
8.221162396319823529e+02
2.173424257532862948e-06
4.516689415475003930e-06
4.957933511542222752e-06
6.447168982945756549e-06
1.078791919636542467e-05
7.682492534067461065e+02
8.109554333579721712e-06
6.877747917476702657e-05
1.088782222722763598e-04
2.856097908978313667e-04
3.087570977159858005e-04
3.642809111155823694e-04
3.551161440376942210e+03
3.692409760812364766e+03
1.943458650524588302e+04
1.656094149986661888e-05
1.933185039915326183e-05
1.952885414547505876e-05
3.431056794194311724e-05
3.431780391042592320e-05
6.693898607940306975e-05
1.196375841089853566e+03
1.602890501975829466e+03
3.600250310450567667e+03
1.478013595104456476e-05
2.139830013854611437e-05
3.590175676728549529e-05
3.849329214183860556e-05
4.953714033859194052e-05
5.701738429346243540e-05
4.904009033161843831e+02
1.386469261026064714e+03
3.640923450043915182e+03
2.158340550382432913e-05
2.931642775793603156e-05
3.113867716501385384e-05
3.498612585702604754e-05
4.323093941037409313e-05
5.352990728514234197e-05
6.911060303704840635e+02
1.262211357154812731e+03
3.614234074249633522e+03
2.310631774440709859e-05
2.345766059816649989e-05
3.176848558163683506e-05
3.294869561458151747e-05
3.743556943572673787e-05
5.367397139631193911e-05
6.997984979119489424e+01
1.150253113014285191e+03
3.614392951645221729e+03
8.449481532838847052e-05
9.519656732719725264e-05
1.169699424024004720e-04
1.464265672422256678e-04
2.041302858929381606e-04
2.906205121148517246e-04
2.948630868938412277e+02
1.626401518134237904e+03
2.007593805733969475e+03
2.821937415665465778e+03
3.132254909572178349e+03
4.033833326810658491e+03
7.843879199102492698e-06
1.312915237848540012e-05
3.073538341850745012e-05
3.795460313596105205e-05
5.842127631882082647e-05
7.558102529638296952e-05
1.156948206082135357e+03
1.360860805504919199e+03
1.625745418349654983e+03
3.070282858015360944e+03
3.463282993171969338e+03
3.494630763129116076e+03
1.324416786924296673e-05
1.378219719591388760e-05
1.387706508241430398e-05
2.352682222023284547e-05
3.148707777445691720e-05
3.975891547133433374e-05
7.420748215015670439e+02
1.120120678085343116e+03
1.234423399683402977e+03
1.476431880112483668e+03
3.401047434384117423e+03
3.440500360824746622e+03
9.513996484846910383e-06
1.849462945964910353e-05
2.636329472115837513e-05
3.714322367202163903e-05
3.747520475709365488e-05
5.390057953176750059e-05
9.641551892171604550e+02
9.770330921794571850e+02
1.150509068859514400e+03
1.472860031796484691e+03
3.400640896504506145e+03
3.449538923786722080e+03
2.397108171846226303e-05
2.737224523753127933e-05
6.312622806254492849e-05
7.247535168286661181e-05
1.770173507416204154e-04
7.160047941272817297e+03
3.357036525885056892e-05
3.728602662591670356e-05
3.885403145711707377e-05
3.981543639479801481e-05
6.178790630231917249e-05
7.674749709890591021e+02
5.100642715260790400e-06
1.395816573531536343e-05
1.862278758226085468e-05
2.797987387994785717e-05
2.997009550182368288e-05
6.558718212041057996e+02
1.881653533112705803e-06
9.654847971040591439e-06
1.380310466524267612e-05
1.253249653270850400e-04
1.257329143626227349e-04
7.987077696345611457e+02
4.516646571902836898e-06
5.847661639906950585e-06
7.603173660812343623e-06
7.754401785617723178e-06
1.151885881947299480e-05
6.801058697963547957e+02
7.776365769185320236e-06
2.329322140887647133e-05
2.582704283845291358e-05
2.885515021390241028e-05
6.138388078588230372e-05
3.204649937582542861e+03
8.278863291029241674e-06
1.335208106169042952e-05
3.129254227426932986e-05
3.852602926072477385e-05
4.173655055474556635e-05
1.232889805926529107e+03
4.021575081949049053e-06
8.404907541146548479e-06
1.116578908725919357e-05
2.320614370651561138e-05
2.953026291100381993e-05
6.808361966748781242e+02
2.369040985712626622e-06
4.168652574488064317e-06
4.238994944639497027e-06
7.126808448992636473e-06
1.303856420213193336e-05
5.559903996175396514e+02
4.516689423409458856e-06
4.933934942339510509e-06
5.517426234258353497e-06
5.755957684803702821e-06
5.910730850741057163e-06
4.784226132452724300e+02
2.162300976902378519e-05
4.795704758208177014e-05
5.308719629026223082e-05
6.896860217179962807e-05
9.119919867496027797e-05
2.906107770367126705e+03
6.016400613763647750e-06
1.201110678327759622e-05
1.240069041785474856e-05
1.467992343609472765e-05
2.626427646320981949e-05
1.048596092665589595e+03
2.491346142269890173e-06
3.723852830250768159e-06
5.199375345295751258e-06
7.587059763544042068e-06
9.924197197491426166e-06
1.587372465135881328e+02
5.736558150583780478e-06
6.948558904473866500e-06
1.141018980572312961e-05
1.220752721740671850e-05
8.079699672582446525e-05
2.685102179278731910e+03
1.097120197577632110e-05
1.474376916583008555e-05
1.887944204252256413e-05
2.584425875319092019e-05
3.487812053239960664e-05
5.687284334394140615e+02
3.614238492759076548e-06
6.756002543196774859e-06
8.065316318475310631e-06
1.438151379744617317e-05
1.697119087470768921e-05
6.421976993282507920e+02
1.173237153947496810e-06
1.799796960646078927e-06
4.276949714041184649e-06
5.818091707084367789e-06
1.079481934429905625e-05
6.315098458705466555e+02
5.873114170723945599e-06
9.194346428934559051e-06
3.142603974848535335e-05
3.589518527945194490e-05
9.560029577296318875e-05
2.677927198164361471e+03
1.495239045048104871e-06
6.346136379504068501e-06
1.007427950098229057e-05
2.710602319541591577e-05
4.359427657913047123e-05
1.003903788189118359e+03
2.547366892722727608e-06
3.130720752499487117e-06
8.449952135472695312e-06
1.988910422704870615e-05
2.349129698927757425e-05
8.478042281988357445e+02
1.448284658210065870e-06
3.193781709606976882e-06
4.006375020391022490e-06
1.217833056259385273e-05
1.472370398554450381e-05
7.581738008462456264e+02
5.110050755095447338e-05
6.401335896781322292e-05
8.122568470744395057e-05
1.340491901056883157e-04
2.177730247000204749e-04
2.882816531169380141e-04
2.973405642925745724e+03
4.904899215519066274e+03
2.202084191250637377e+04
6.401949093293228489e-05
6.843948698965155320e-05
1.000694739778937650e-04
1.096027288188969285e-04
1.494043424981636003e-04
1.848439702496881745e-04
2.058734954077791372e+03
3.191854243386899270e+03
4.348891588236029747e+03
9.276804597097326104e-06
1.864456698819869050e-05
3.411660854065200242e-05
3.591807682156169607e-05
3.982089878185332630e-05
4.618042933403769713e-05
9.917500524397252093e+02
1.159792046023357216e+03
3.618207329449449844e+03
1.414128146013732237e-05
2.453226273245421259e-05
3.658200082174635384e-05
3.745701565903558215e-05
4.459207985723984884e-05
6.404104321712685011e-05
1.044479004188276804e+03
1.077091010953517753e+03
3.621652332952490269e+03
1.034328058239599498e-04
1.279138087386961359e-04
1.852017347331185479e-04
1.882112301851971065e-04
2.862945735771110257e-04
3.624389613340734100e-04
2.217047356684024635e+03
2.535290394305712198e+03
2.773783076978409099e+03
3.241730490274009298e+03
5.848704173547257597e+03
1.499396049565940302e+04
3.445880188841655680e-05
4.598526768030280375e-05
6.524429098328426231e-05
6.708371784781341286e-05
7.738608063446345572e-05
1.101607060133169438e-04
1.198789394426426497e+03
1.240861848397895756e+03
1.669633948977153977e+03
3.433221662819041740e+03
3.463461910750476818e+03
9.511685417623299145e+03
1.992599416884625231e-05
2.136755237851224490e-05
3.153455911525675139e-05
7.313200000962805797e-05
8.857472369164080296e-05
1.064985428032135461e-04
1.279645263062896902e+03
1.614567145001278732e+03
2.013639170909196537e+03
3.051516290076514906e+03
3.210092107636773108e+03
3.502554862512663931e+03
3.635793857187353227e-05
4.052864918088037332e-05
4.330006720801903909e-05
6.364290202909560776e-05
7.010379045601112797e-05
7.104977273617626553e-05
1.226057631147208212e+03
1.318238205186783944e+03
2.134980754322200937e+03
2.618262232489085363e+03
3.017875981711379154e+03
3.228148026988874335e+03
2.066528323905604905e-05
2.253152300010230016e-05
2.325050448918232815e-05
5.563608513234224350e-05
6.815127305010793349e-05
8.805646045091543165e-05
1.218899449700824334e+03
1.325186281589853934e+03
1.993072960228816328e+03
2.742054927515768668e+03
3.179424112216255708e+03
3.279960530060906422e+03
6.365584261047748372e-07
1.368527068708220046e-05
2.576245911446589518e-05
3.697013091635394311e-05
4.711295826580862161e-05
5.369559637876090990e-05
7.576699278360857761e+02
1.234203415947221174e+03
1.341330364340303049e+03
1.502134661114064329e+03
3.408219736067291251e+03
3.425960427150653231e+03
7.396757734880144577e-06
9.602410238906237836e-06
1.158339999404535830e-05
2.016629125000745195e-05
2.632976593701798451e-05
4.341898785701432586e-05
9.791865662393889806e+02
1.007685461492909099e+03
1.024813604064689571e+03
1.435628550259773419e+03
3.399338931089856942e+03
3.443120576985681510e+03
