2.771240093817287642e-01 -1.064919738274811012e-01 1.398951994343287583e-02 -1.249130632599997938e-02 5.380605263459563303e-03 -6.980004045163668534e-04 -1.314965110191477771e-01 3.566327877747588193e-02 -1.408187474743986256e-01 -1.314642307647629071e-01 7.040703544812529358e-02 1.270544931443932934e-01
-1.064919738274811012e-01 9.602312354827008400e-02 6.118531492371320768e-02 -1.669273297040106685e-02 3.505002946839459732e-02 -7.087952811335305157e-03 3.887831910557151827e-02 -4.363322182106434827e-02 4.773384990809845241e-02 8.411992183374991661e-02 -8.382449563980427787e-02 -1.028372649255893667e-01
1.398951994343287583e-02 6.118531492371320768e-02 5.636370669573318448e-01 1.894885604446665478e-03 -7.087810481751981133e-03 -1.867206861939460158e-02 -1.820556072143043047e-01 4.929131105861366685e-02 -2.919905386717878137e-01 1.660388560143027936e-01 -1.042440463384941007e-01 -2.518416673864328215e-01
-1.249130632599997938e-02 -1.669273297040106685e-02 1.894885604446665478e-03 5.021292500596839271e-03 1.041388521054424919e-04 1.287954134776724525e-05 4.636442327953063311e-03 8.350634270741626175e-03 5.381589556451450013e-04 4.587219530693060696e-03 7.694983926552450941e-03 -2.542610352827102439e-03
5.380605263459563303e-03 3.505002946839459732e-02 -7.087810481751981133e-03 1.041388521054418956e-04 -3.571107529626361271e-02 5.747965314160470920e-03 -1.615909818453443916e-03 -1.138185579969009558e-03 -1.155573750571578214e-03 -2.629185839962669326e-03 -3.577498774186077361e-03 3.435051193578780773e-03
-6.980004045163668534e-04 -7.087952811335305157e-03 -1.867206861939460158e-02 1.287954134776724525e-05 5.747965314160470920e-03 1.059033687600001786e-02 4.143685477492359270e-03 1.275526445791756378e-02 4.943913020515967698e-03 -3.574892560926195770e-03 -1.084098188004792816e-02 7.432449011993037466e-03
-1.314965110191477771e-01 3.887831910557151827e-02 -1.820556072143043047e-01 4.636442327953063311e-03 -1.615909818453443916e-03 4.143685477492359270e-03 1.197444512636222091e-01 -3.861118271127270130e-02 1.604045745581924032e-01 8.863012567402250158e-03 1.108514835932317187e-03 1.903718522750555767e-02
3.566327877747588193e-02 -4.363322182106434827e-02 4.929131105861366685e-02 8.350634270741626175e-03 -1.138185579969009558e-03 1.275526445791756378e-02 -3.861118271127270130e-02 4.196341781437773477e-02 -4.977279924568315389e-02 -3.786552709263498514e-03 9.013335205634311585e-04 -1.075221055987551216e-02
-1.408187474743986256e-01 4.773384990809845241e-02 -2.919905386717878137e-01 5.381589556451450013e-04 -1.155573750571578214e-03 4.943913020515967698e-03 1.604045745581924032e-01 -4.977279924568315389e-02 3.184944420219987249e-01 -1.867897028099507403e-02 2.618688866150277461e-03 -2.989592776696568463e-02
-1.314642307647629071e-01 8.411992183374991661e-02 1.660388560143027936e-01 4.587219530693060696e-03 -2.629185839962669326e-03 -3.574892560926195770e-03 8.863012567402250158e-03 -3.786552709263498514e-03 -1.867897028099507403e-02 1.191137322592559777e-01 -7.759848412926487193e-02 -1.453027540431549303e-01
7.040703544812529358e-02 -8.382449563980427787e-02 -1.042440463384941007e-01 7.694983926552450941e-03 -3.577498774186077361e-03 -1.084098188004792816e-02 1.108514835932317187e-03 9.013335205634311585e-04 2.618688866150277461e-03 -7.759848412926487193e-02 8.373409323507713387e-02 1.105244947055107896e-01
1.270544931443932934e-01 -1.028372649255893667e-01 -2.518416673864328215e-01 -2.542610352827102439e-03 3.435051193578780773e-03 7.432449011993037466e-03 1.903718522750555767e-02 -1.075221055987551216e-02 -2.989592776696568463e-02 -1.453027540431549303e-01 1.105244947055107896e-01 2.773062210683330808e-01
