1.248458001088911633e-02
1.318396929587783289e-02
9.800068273046541600e-01
3.365283006074313438e-02
1.022372730441330701e-04
-4.470581536670052150e-05
-1.820540052931788545e-05
6.813947385583643838e-05
8.734611230000433393e-03
1.193353479707800208e-06
4.179463028456768125e-05
1.624346790568331810e-04
1.406875174692808380e-05
-2.176684677206885857e-04
1.089699033082943276e-04
-6.435904342823780569e-06
3.468588649753782342e-04
-1.642176035231868061e-04
3.972892657073012648e-04
1.292537867631689816e-04
-3.693497704104764438e-06
5.401606851835142611e-05
8.567727789898782476e-06
2.317571930445572247e-04
1.785898647815494509e-05
-2.996195169280291197e-06
1.134216332234686930e-04
2.097553541472896191e-04
4.936316022468023861e-05
-3.059946032352378826e-04
1.713424762579925434e-04
3.093977065069012603e-04
4.611273423705886283e-03
2.063471594466810999e-04
1.576553556873546314e-04
0.000000000000000000e+00
7.786286498089396886e-04
2.239042849848875763e-02
1.328297978369086252e-04
5.844316621345398534e-04
5.856222374423699088e-05
4.963019047001804431e-05
4.093348134206179932e-04
1.336454516570006979e-03
8.671578409232161711e-04
-4.377156737348878759e-06
2.659601245085981556e-05
2.581081021231149803e-04
1.310995141203089931e-03
1.105408158344663578e-05
5.712437168238586181e-05
3.383698683091148078e-04
-5.924410310687022391e-06
1.556400500257737463e-04
1.824159764729493816e-05
5.266122484629987433e-04
3.046394456074352944e-06
-2.118029178320342818e-04
7.010314988128799345e-05
2.554207573620163266e-04
5.882314368320799890e-04
3.436618756042323644e-05
2.940050571302125698e-05
6.865064221129498216e-05
3.109205176123749025e-04
-7.384671299000741118e-06
1.150052338646734230e-04
2.514932451443504212e-03
9.908342234773806782e-05
1.520336370886147593e-04
-2.029065883631571686e-06
4.148608909873008479e-05
1.179962601371426292e-02
1.364633384504025215e-04
-3.798356674404127981e-06
0.000000000000000000e+00
1.004283402573236160e-03
2.562682368765564420e-02
-7.567170102951159888e-06
-1.737466050265294324e-04
3.312319252676239941e-03
3.630070894246051338e-04
4.856391225237140512e-04
1.354383852477843543e-03
2.047308095635506570e-05
-6.637617838708050066e-05
0.000000000000000000e+00
7.185613862066286557e-05
-1.142697017346113369e-04
1.937751402372178824e-05
1.717621911312046943e-04
2.686753468563951803e-04
9.769197126348790750e-06
4.560290424411824525e-04
2.141452308026758845e-04
1.700431993939470032e-04
-5.091810412722885544e-05
5.478628444100482661e-04
6.964580420723675679e-04
2.774817934719268301e-04
3.202845387400602654e-04
-1.054050820545141958e-05
8.660127053161659205e-05
5.314828251445173342e-05
3.323681113626501262e-05
-7.215481824999573332e-06
5.590068228194411838e-04
-2.347473531116121216e-05
8.712426083935150283e-05
3.135567179040769318e-03
3.745630759674230649e-04
1.773602199876211873e-04
7.532987083505241453e-03
3.983524481728636045e-04
2.045026938221727983e-04
0.000000000000000000e+00
8.837638723219557737e-05
1.209770274044428932e-02
2.498204100585136645e-04
-3.054281704376234368e-04
4.688606374601444918e-04
7.204946832227425045e-04
-9.101520316456834792e-05
6.862774551846288155e-04
9.536137249715655737e-05
8.481595647589953426e-05
1.168739146277057272e-07
3.165948968213575855e-04
1.229976448268170763e-01
5.389424184783682795e-07
4.681113022616164432e-05
2.873132101958904565e-04
-4.741308837254247364e-05
8.496421275183685734e-06
9.978466413220014051e-05
1.360538318770180692e-05
-7.173037375083347032e-05
3.686077703683269571e-06
5.655184717450263861e-04
-4.271140005249973942e-04
-2.937793851119474661e-04
2.867418078619824676e-04
-2.602962197369625576e-06
2.809219810451383582e-04
-6.466034196879929555e-06
-1.473844008851680566e-06
4.619499886792555079e-04
3.867232297907715385e-04
1.791769792635807543e-04
8.954166248320720488e-04
3.002295917953349603e-04
-9.541498390347584804e-03
5.121087973002342864e-01
1.090214827651584794e-03
0.000000000000000000e+00
0.000000000000000000e+00
5.231477351206326041e-05
1.928187537915464558e-02
4.075363759320863868e-05
-7.011076488817232226e-05
3.968149144767026679e-05
3.912488163801519756e-04
3.640024747764443848e-04
-9.828058980706362233e-03
-2.667386705554885971e-05
-5.240679410750163306e-04
-5.504370209166905143e-05
5.187101080446065722e-05
5.684522657506037855e-05
3.366759601027465455e-06
2.607185769645692266e-04
1.867210598042400582e-01
9.720590426735379972e-07
3.196766390616279368e-05
2.682052142219948230e-05
1.808748839931725025e-05
-2.037449845127733205e-05
5.271247377000391337e-05
7.322949149239181035e-06
2.744347993877127578e-05
1.176917118742200758e-05
1.398835565799746159e-04
3.916229056954989235e-06
-1.894879647094486553e-06
7.462824983206495233e-05
2.828699453701529355e-06
-2.420344911408337798e-05
-9.168071071345984806e-05
9.147403781416171267e-05
-8.955162197958148657e-06
-4.983479797604495332e-06
1.325065441325860398e-05
-1.189919686522452164e-05
9.274460635615433817e-05
3.991260718736455579e-05
0.000000000000000000e+00
3.571875375239619396e-04
5.650163352684719162e-06
0.000000000000000000e+00
3.870264291297405897e-04
-2.259577386087100671e-05
-1.098085037962714983e-05
3.289211160772964498e-07
1.685642692369334283e-04
