3.623023112442873284e-02
5.192167603258478481e-01
1.189435096797221425e-01
0.000000000000000000e+00
1.053205792473306188e-02
1.867496449694061589e-02
0.000000000000000000e+00
1.411762134196599926e-02
1.983208163789768885e-01
5.553022268622583718e-03
5.672938985422101323e-03
6.717191109780602755e-04
5.459751775599786319e-03
7.012932769906650952e-03
1.319708085271435261e-03
3.157543754983945222e-03
8.705675617976489644e-02
1.286215786063563300e-02
1.065890312327012063e-02
1.511015525899139875e-03
5.259257390293529087e-03
-9.355246962537222891e-03
1.596630465896651391e-02
4.977112804556474944e-03
1.330017077665009585e-03
5.866523840941173691e-03
8.962145685186067093e-03
3.141322722469585410e-02
6.781742909616735558e-03
7.911714246163430164e-03
2.279883097073103979e-02
6.566368695768039915e-03
7.329519205344358079e-01
3.959500681363710591e-03
6.498534020213793568e-03
0.000000000000000000e+00
5.196224322502995818e-03
8.156019895996954178e-03
4.314313364572368130e-03
9.773451343616646261e-03
-7.168505614829009248e-03
4.006970635864118280e-02
-2.512494032064453188e-03
2.457805509661392489e-03
