1.315997105116533186e-02
2.339000891814929303e-02
1.337389679254532782e+00
2.427271993973817085e-02
4.643065881363724447e-04
1.541590309046917686e-04
-6.384963184095463501e-07
3.028613180056094478e-05
7.150474783213438094e-03
4.469666420536810635e-07
1.849421954575788116e-04
8.552494192571498681e-05
3.770199680549109465e-06
-1.869635907438530918e-04
-2.012298391431125832e-03
-6.385084490786082501e-06
-3.354577478254820375e-03
9.176607365665537545e-05
9.656903189965888878e-05
2.009116922518335349e-04
1.786715509319858206e-05
4.141760815963587252e-04
7.866232291749616212e-06
-4.446397524699256256e-05
-4.325245425571325707e-03
6.013584879460687035e-06
-3.739308957522169679e-05
1.264202064124105463e-04
-1.924767873759651192e-04
-4.477871602267905897e-05
1.367008646575203765e-04
2.449129815161506726e-05
2.957887391124310430e-04
9.255779419702718220e-05
1.986046074428686134e-04
0.000000000000000000e+00
7.167477376127958212e-04
8.755352139667345606e-05
-5.617157228456903930e-05
4.308920812248694804e-02
-2.541313942455270089e-04
4.952410057947590925e-04
2.407152587456717950e-04
1.932426610983843326e-04
9.931104375954014941e-04
5.804669929375153806e-04
-2.311200356867419353e-06
2.062217257961302189e-02
-6.682647614533188118e-04
3.065414233146176050e-06
5.808315257531315376e-03
6.711622316330304874e-05
2.824180969371129917e-05
-9.734314739965628906e-04
1.425833711066859630e-04
-6.088244291987029119e-06
-3.816798933078957567e-03
1.424411275331068545e-05
-3.428218625443705744e-03
-1.441154432363633874e-03
-2.245532465429504190e-04
8.456050395325339633e-04
-1.908039402166291309e-04
7.510756084072589545e-04
5.239875511862039474e-04
-4.466376851213945396e-05
3.305735869207608200e-04
6.597116937543308704e-03
-3.355602671828809553e-04
6.581519633363323569e-05
2.105495775890364808e-05
1.059974487622739048e-04
1.023414126990436880e-03
3.718481390641829474e-04
-4.826366056439971712e-05
0.000000000000000000e+00
-7.297793373770862903e-04
-3.910001067073398673e-03
-6.233691512528653428e-06
1.443204127434298209e-04
8.822968803301030338e-03
4.737594643104451556e-04
9.161576320395603003e-05
5.021407937713513910e-03
3.655960244957808523e-05
-1.601741286552623269e-03
0.000000000000000000e+00
8.415327686082552539e-04
9.604065642219902213e-05
2.479192781216591708e-07
1.109689784167411418e-03
-4.117169209228480845e-04
2.276414093242233329e-06
3.569354292117428705e-06
-1.518824503846290670e-05
9.277968360559274701e-05
-3.334369529167857758e-03
-5.320417163715933023e-06
1.846389664491354719e-04
2.400672417936326188e-04
-3.480398380516132464e-05
-1.555429358604968736e-03
-1.177386667518357869e-05
-4.070083173836081328e-03
-5.302102938378887124e-03
8.382619170709630359e-05
3.846193877419245985e-05
-2.556818730104604251e-04
-5.161937462858794167e-04
-6.035796582653703832e-05
-9.238190829708632927e-05
4.271032677335048067e-05
2.380279469405666257e-04
-1.118386143552788981e-04
4.366485537173595997e-04
0.000000000000000000e+00
9.086930028966877949e-04
2.930656675462576036e-02
2.666282989132925105e-05
2.335492529689141283e-02
6.610996375833251733e-04
3.511685188634464940e-05
1.358357565255374698e-05
3.067984252767811835e-04
4.338862834697643439e-04
-3.558312985077212833e-04
-7.548983772642052221e-05
-1.277068873542804408e-03
2.898026654256550573e-03
-6.613308206053029531e-06
-5.552885287194442163e-05
-5.709296443327997565e-04
-1.155325118077736060e-05
-2.034610479645141811e-03
3.584211903638149783e-04
1.668110581928653884e-05
-5.485662231271190040e-06
2.647906466480698471e-03
9.203067629638775901e-05
5.337586999375106147e-05
1.674740607440735110e-04
7.881124436461827711e-05
-6.067661836691347863e-06
5.467544003466236809e-04
6.163635026164756550e-04
1.468207935088431791e-06
3.227679215640784751e-04
2.451700835028880612e-05
6.342370192836825670e-04
7.440894417251538856e-03
1.901960776155379487e-06
2.182547116124636602e-02
6.994635389153326388e-01
8.074083775087965943e-04
0.000000000000000000e+00
0.000000000000000000e+00
-4.643901753228855673e-04
6.793556351983495159e-04
-1.260570952823673397e-03
1.226131262442864411e-04
-3.241756005907258937e-05
-1.268937487164389921e-05
2.314986553144882055e-04
6.417334571217810915e-04
3.752703833310647836e-04
-1.218759474243806014e-04
-3.437739318497742136e-05
-5.034763939051630334e-04
8.882885241952761732e-03
-2.576486940547943196e-05
-3.322571632201250382e-05
1.016275519074098235e-03
-1.822804341942892633e-05
9.661895799606412538e-05
-1.048214302198472066e-02
7.736215823498741523e-06
-4.653936299551612515e-06
-2.892699856862357557e-05
5.659381032209939147e-04
2.139275962643368554e-04
-8.379561276520656671e-06
-5.547110341421006139e-05
-4.045742636205051923e-05
-1.360063735191411769e-03
1.260622847247742484e-04
9.051106552081892849e-05
1.113661053624500242e-04
-1.139728177922405550e-04
1.685326015750258422e-04
9.390995344923158466e-04
-1.459968817974462488e-04
4.361064685347656338e-04
4.638163356613711269e-04
8.225519372891954006e-04
3.258291875109989972e-04
0.000000000000000000e+00
-1.439320928605362536e-04
3.396227069444535335e-04
0.000000000000000000e+00
3.144833390106960389e-04
5.743126684250773320e-04
-2.828519147517471953e-05
1.742914065170501512e-03
1.675356785155734804e-05
