3.180835039454394525e-02
9.230944146793416127e-01
3.604994556500575320e-01
0.000000000000000000e+00
3.389790970118670282e-02
3.358385062256267605e-03
0.000000000000000000e+00
3.587886165625819683e-03
3.341127193555097023e-03
-1.791693846059518036e-02
-5.847954032428326343e-03
-4.957303728843709054e-03
-7.083719695168988820e-03
5.071499461188899987e-05
5.461307546276643159e-03
-6.995097109089669352e-05
2.957002189917671674e-03
-7.677566772694607335e-03
4.637517993551591722e-02
2.097372866288230945e-03
-1.230450549776971984e-02
-1.023368988388233605e-02
-4.419595501675120663e-02
-3.260424366760143245e-04
-5.205334156446061664e-03
3.565901456218319859e-02
2.223130454931757929e-05
2.664344971313640544e-03
-6.731308212475132190e-03
2.199093334256334038e-03
9.531044550928975852e-04
1.850699315004056180e-03
5.324973339244013504e-01
-8.842581830278698624e-03
2.336187264275794376e-03
0.000000000000000000e+00
-9.386684566298816867e-02
-4.045881310703166624e-03
5.232241802402603885e-03
-8.136741897954925112e-03
2.169830834775280781e-03
4.503547186827244059e-02
-1.749122781463826248e-03
-4.558916201735629600e-03
