9.425851567426302841e-03
1.540045559024930295e-02
1.087767270565967781e+00
1.685637727366900152e-01
2.682783716539590411e-05
5.159568311907669963e-06
9.894396736095007977e-06
8.023144394559977583e-05
2.126509467347174366e-03
1.281413848164270149e-06
3.280655089857124613e-04
5.459086633062308451e-03
7.093510879352394196e-07
1.117584188852512565e-04
1.788927649214085632e-05
1.749243159335260253e-04
3.174249814462311450e-05
-1.445255596205600628e-05
-9.031569407785452195e-05
-8.442515529497966731e-05
5.280418084506373490e-05
-7.411788102809068759e-05
1.311573728245048683e-05
2.486750070440635341e-05
4.054939738173206072e-05
-1.213178464050113160e-05
5.318647854943107109e-04
7.307743115869680395e-05
3.163049333530473014e-04
3.791739736276111827e-03
2.099839352034541863e-04
2.677837488819171958e-03
1.594000250662571880e-02
1.524704455238297786e-04
9.885562259038434556e-05
0.000000000000000000e+00
2.614822852373688142e-05
2.074731345835430783e-04
4.978841934533055451e-04
1.522770348798996201e-04
2.999145461114683048e-04
3.431852430564164176e-03
6.091041022290744501e-04
2.680479201438338600e-03
4.016028616321702161e-04
3.332608679931459367e-04
3.423074991430278667e-06
4.369666648268063223e-05
1.323217256236808260e-03
-9.852783575089082619e-07
-8.966501174834107924e-06
2.366144153605735266e-04
1.955769935727917111e-06
4.007589370589389349e-04
2.293781023760136707e-04
2.387179516469014164e-04
3.772102886919019289e-04
-1.596895135931020214e-03
4.780229370127416335e-04
5.094063951400032994e-04
1.072412149061137908e-04
6.646619093787127790e-05
-2.221756640189790753e-06
5.902181344828634637e-05
2.198093360454844714e-04
-1.560098147268540416e-06
4.013434829140442254e-04
3.421813547297928877e-03
4.041937285916086600e-03
-4.605679493920877967e-05
2.216261957017629026e-05
3.173122883326325288e-03
1.325995120787003094e-02
1.640083683806052009e-03
3.811077389971921029e-04
0.000000000000000000e+00
4.194770709931017194e-05
3.852401494114217838e-04
6.816675605139469471e-04
-1.664580413241208536e-04
3.228585752454105279e-04
4.281638268102083873e-03
4.870395594370968912e-04
1.566564569546121310e-03
1.973133533312113887e-05
5.439477538857021981e-05
0.000000000000000000e+00
3.605788195376158464e-04
8.202061603544604776e-05
5.410839537386043834e-07
1.025282621958408495e-04
2.581505857843409695e-04
8.694304787966919105e-08
1.239840439946811798e-05
1.485265585110454977e-04
6.704165694204326396e-04
-4.463692076450698379e-06
-1.036058259353674570e-04
1.494497866502427332e-04
5.359902115710616375e-04
5.918135845749257452e-04
-3.583004611210638402e-04
1.106244321947465644e-05
-1.113276465801356848e-05
-2.331896236876277947e-04
1.349614652135973821e-05
-2.484246591636374155e-05
2.223276875508532204e-04
6.980519101615678462e-04
7.947103286744787052e-04
-2.596398442705390717e-05
7.009081403751885563e-03
2.622955241568230775e-02
5.973054725298595482e-04
6.478832794668912795e-06
0.000000000000000000e+00
1.601388196928566041e-04
-3.111979943417608887e-05
9.504365968571626844e-04
8.004948810587848862e-05
1.280758234117492433e-03
2.457143088924277838e-03
6.593313326913966823e-05
6.429108155068082725e-03
-1.253764784869086206e-05
-2.931134042328439114e-05
-7.016983904299204130e-08
3.912238612741628877e-04
4.420409499109009040e-04
1.136819002785690256e-07
-1.503578460916680585e-05
2.439920328748771888e-05
2.396454005163898723e-07
6.845808740640891072e-06
2.261621707220070276e-04
-1.610324368752783842e-04
1.324255681573867859e-04
2.094031018888090903e-04
7.219169021899229932e-04
2.472418731828500066e-05
3.070763430435293319e-04
6.949028292316436191e-05
1.032112805650076194e-05
-1.720223438304024774e-05
3.819242529186824686e-05
3.683809874188703928e-06
-2.972107265459822468e-05
1.473940874564020839e-04
6.523788565578477264e-03
5.986431484738430776e-04
2.090626450929870426e-04
4.772285829863332049e-04
4.627546118166360190e-01
7.230978142960660382e-02
0.000000000000000000e+00
0.000000000000000000e+00
2.865745733826659974e-04
2.437305644944487562e-05
1.007044828269787516e-03
2.286486714918378792e-04
2.826678040383094116e-04
3.707543095727924062e-03
1.897803638499044045e-04
1.422192254041587754e-03
-6.249694020507382279e-05
5.049908737213263830e-04
1.244627157248601264e-06
-9.274018454904127078e-06
7.832877661989441588e-04
6.578607845142414060e-08
6.205195338142566457e-05
1.781890710551644220e-04
1.547303172329724367e-07
2.693927520953505960e-04
8.469296735354199914e-04
-1.626496035160851438e-05
4.517720300588242013e-05
1.320659322219993247e-06
1.130648763057351430e-04
-5.589139909279043682e-04
5.808031151420071101e-04
2.550121095686493439e-05
-8.752988755778013169e-06
-1.179994962361800430e-04
1.735821802058594096e-04
1.892487293589558279e-05
2.489396273027318435e-05
1.519071010715948133e-04
7.934204852899640271e-07
-3.791671279001670167e-05
-8.492623935851817746e-06
-4.047645536056077156e-05
2.761794835458649560e-04
1.504528214413936135e-04
-6.743017697935135000e-05
0.000000000000000000e+00
3.775642283346517967e-04
4.136170782661189758e-04
0.000000000000000000e+00
2.570511496508665170e-04
-4.118464458543913301e-04
6.426126017143947607e-04
3.516656797661443898e-04
7.529604433032706661e-05
