4.610678415118670340e-03
2.129558707500735226e-02
8.654353686139991675e-01
3.625754757231594572e-02
2.317656387606022606e-04
3.380259136411748583e-04
5.668243435360172265e-08
8.666659487495860525e-05
1.542418822106676182e-03
2.433242285437842156e-08
1.250126033712217755e-03
8.858135269646775665e-04
-3.639860755540643365e-07
1.829731227716753898e-07
-2.721788356891704282e-03
4.537352277766970926e-06
2.064490809422873387e-05
1.100812366401360333e-05
1.104054994516157073e-03
5.077019844483091770e-05
4.420110139405020394e-04
4.392606558262605323e-05
-6.169669590179911702e-07
4.536678797891546605e-04
-2.580484849120286421e-04
3.159532918176980937e-06
2.764726158923128899e-04
4.324121136507485814e-05
1.690833333058009758e-04
7.905960488858720665e-05
1.259072042960888505e-03
1.680151315387360712e-03
3.591227750642175115e-02
1.185369994631132150e-03
1.847881894303515793e-03
0.000000000000000000e+00
1.602827668847769081e-03
7.772313943052851183e-04
-5.853279893224261614e-05
1.291508404966982713e-03
6.125555216938197850e-03
8.434356157384451666e-04
7.229760912066988347e-04
5.061567192760296980e-04
2.802604309792326113e-04
8.651408398407204876e-05
4.092842621853757792e-07
7.507278924462715839e-04
5.069638690388049256e-04
7.683048280471283388e-07
1.841465971858339548e-05
-3.046517663818803959e-04
1.108653196180142644e-06
-7.615084084454659674e-04
-1.685291373671837832e-03
2.113239213831707812e-03
9.824775287074298525e-06
2.562293060406339862e-04
6.190905800168936826e-05
6.620123875622497051e-06
-8.115581628278596867e-04
6.056617829028073221e-04
2.240686286381077168e-06
-1.097783092423299011e-03
2.302045846926688896e-03
6.259792250321953228e-06
-1.026949652966776226e-03
1.427454477133231238e-03
-6.417360737749122418e-04
2.024800588954933644e-03
-1.038779635011977087e-05
-7.987914733513863837e-04
6.834235617974476762e-02
2.758948131497277801e-04
2.036558079530514931e-03
0.000000000000000000e+00
1.507245770179525346e-03
4.116424208703594809e-03
6.898310709882412347e-04
1.040026566166751874e-04
8.012760114515978796e-05
1.370434675025400463e-05
5.163163309793716713e-05
8.434421722366043661e-05
1.084432359581333270e-04
1.841001695952323102e-04
0.000000000000000000e+00
2.665607755733360589e-05
7.109799713269637235e-05
9.117146569629734451e-07
6.132013969362729803e-04
-2.157270641479414107e-04
-8.799916743444195755e-08
1.193157978059744605e-04
9.654195578174077643e-05
5.417391223847545099e-05
-4.001646588166115476e-08
-1.979387894152380813e-04
5.658615419837032196e-04
3.076389220242336804e-05
1.785113996741749396e-05
-7.953206939028974578e-04
2.055468874385309796e-05
2.974688684784683890e-03
-2.953056952696024085e-04
-1.053014733439313309e-03
-1.585107811430397362e-05
9.396082667264179028e-06
2.322225952417304176e-05
8.158209011043981301e-03
2.729880332452694347e-05
1.263052074935193056e-04
5.697808231753700992e-02
1.171587049208714770e-03
1.318891598271928079e-03
0.000000000000000000e+00
8.436776995423592943e-04
9.900196477158710597e-05
1.827801154679805360e-04
5.634666122150170601e-04
5.417096322668919946e-03
6.550194748827416755e-05
5.802381065647122107e-05
5.615744170609949116e-04
7.031073415339298153e-05
1.756955242027495037e-04
8.554196043434695959e-07
8.444946308743262180e-05
-9.702228071216308916e-05
4.440063000969256115e-08
-2.107240468989639032e-03
-9.147524031002459040e-04
1.144677405003532035e-06
9.886920587930762556e-05
3.364872630309267976e-04
4.600976917516300982e-06
6.351228177569575358e-04
8.217340698957188006e-06
4.276573401801690157e-05
1.306466253975087865e-04
2.552184010298515606e-04
8.067167247415666384e-04
2.404710403610306903e-06
1.966422973747050594e-05
6.242154595305452478e-05
4.178175496790300503e-06
1.139715823988899756e-04
-9.972419118235247004e-06
1.380312571263179523e-04
2.663445910017658846e-03
1.377457205457381131e-05
8.975244176563368099e-05
6.666413447737143949e-01
2.042496399680719329e-04
0.000000000000000000e+00
0.000000000000000000e+00
1.431194854936812641e-04
1.214907295952712601e-04
1.422502529979907584e-03
7.718577073965172106e-05
-9.785298388381343524e-05
8.873540134089660239e-04
5.180242588304295953e-04
7.599701552450192086e-04
-1.559073244461916976e-04
3.656693562878321566e-03
1.932183724721407205e-07
8.448818646426363760e-06
3.431565424452849984e-05
6.514155781308280428e-07
1.305315775701372961e-03
-5.900913471694968710e-04
1.143301275785546607e-06
2.209419341555237187e-05
-6.936508378455681807e-04
1.980546621253391132e-06
5.382699432695166923e-07
3.777701986895642960e-06
4.410507897826376755e-03
6.502268746565824094e-05
1.812265734588702635e-05
1.381214676526336057e-04
-1.443852690284908036e-04
2.113347612301863412e-04
1.683444455411242712e-04
-3.542343969331618156e-06
1.031571427573929584e-04
-6.093643815933506327e-06
2.953531719470288938e-06
2.860560490412685438e-05
7.475183315709769136e-05
4.383270946395345646e-05
-5.385788702148748699e-05
9.450871318096150343e-04
-3.436261178048220289e-04
0.000000000000000000e+00
7.388187321288134930e-05
5.784713768182348165e-04
0.000000000000000000e+00
3.384368587613373336e-04
-9.266941471586243040e-05
9.748170501195178308e-05
3.661646650952772732e-05
7.458819380521398133e-05
