6.814409511847855337e-03
1.801092554545418237e-02
1.306897231256141323e+00
5.380563287457839489e-02
7.887796317897303186e-05
7.577330756449655695e-04
-3.587143409585399032e-06
1.444149379515446887e-03
4.218109499369573911e-02
1.204361047858111995e-05
-3.350805105790355311e-03
6.048427367066159794e-05
8.768850510746754899e-07
3.911896744264693922e-03
8.487176018837565110e-04
2.903446001906395896e-04
3.425132166845109021e-04
1.987050355226542108e-04
-2.264106130402162263e-03
3.768669856798763764e-04
-2.642942704092747118e-04
-1.913625768658425987e-04
1.922696562515202465e-05
-3.520931031956031718e-03
7.079619786437193194e-05
7.905494726519653531e-06
-1.808843750061361845e-03
-1.111783962729462425e-03
-3.852980700998117399e-03
-8.129670337627015620e-04
-4.773581187714093124e-04
-1.101983300253424726e-03
6.299045737583338668e-03
-7.082627401271627231e-03
-3.362332502153660661e-03
0.000000000000000000e+00
7.968654300057664624e-04
-1.903075932831203290e-03
5.606007247778895833e-06
2.367914883668239232e-06
7.443935891916867451e-05
1.035935797010297422e-04
-1.907397815750755486e-03
-2.768562366665487312e-05
1.632510542013626206e-02
8.642239231870870071e-04
7.175923404674951392e-06
2.960681649743538649e-04
1.758689294625940527e-03
5.614086352549266775e-06
1.242522618471849282e-03
-1.249296076655670527e-03
1.360458412813514428e-06
1.264546537944388814e-04
1.358422036556709454e-04
-3.918515912067888247e-03
-4.477464469943015840e-06
2.704736167801720988e-04
-6.889949818626265635e-06
2.911738543994735195e-04
1.200061185192757927e-03
-1.915157209170274431e-03
8.812062369853249381e-05
8.297300655238777590e-04
-4.987174810125945962e-03
3.475455875253293489e-06
2.805656315774637029e-04
3.945303324858643289e-03
6.004424426904113148e-04
-2.585971772040748028e-05
7.862165068078426908e-05
1.161280386441291721e-03
2.690497308609667362e-02
8.226391332029440182e-04
-4.480975079428572982e-03
0.000000000000000000e+00
-2.054017122688260154e-03
-1.475234061831513397e-04
1.724779668032564882e-03
-7.333884252891387234e-06
-2.235118871288429150e-05
8.173749909143138441e-05
5.888696705302528525e-04
-1.099113820533773907e-04
1.137428123313729243e-03
5.704422681208261574e-05
-1.444607396668592035e-12
6.161858599714290473e-03
1.332030048409353293e-04
7.161138632675682934e-07
-4.211092812110813106e-03
3.625650957023533185e-05
-3.908411816411216932e-08
3.219919853821492228e-05
-3.508901220462775240e-03
1.381327884915073480e-05
1.196793406825028863e-05
3.504694981145917371e-04
-5.676591417469885846e-03
2.770094684363400074e-05
-3.055315939362450092e-03
5.530707563594586956e-03
1.204747276430569587e-04
-5.718482623399097527e-03
5.162803601639343043e-04
7.565173279081941711e-07
1.024032977810692377e-05
-7.028806962164273024e-03
5.874921073569794452e-05
4.304368429217664136e-05
2.773768864534250094e-04
-7.048321439717675219e-06
1.268627200171061186e-03
7.574621207547445345e-05
-3.660123882729981928e-03
0.000000000000000000e+00
-9.053092983279350300e-04
-5.185020822160435472e-04
8.550246834759578146e-04
-1.064305952806302851e-06
1.758497338696818238e-04
5.007567250212563301e-05
2.050248962744601490e-06
4.252217152423594664e-05
-3.655960354527939320e-06
1.360777588135982514e-05
7.663052949968829882e-08
2.112035516381653266e-04
3.260547175166328524e-04
1.985097420072653052e-07
1.709624457418475738e-05
3.877487331803486153e-04
3.335421132399929645e-07
1.078670666464084113e-03
9.635321570835797761e-04
3.654462132993548606e-04
-2.742898892511491486e-03
6.040347436794934587e-04
1.692830042332826900e-03
-3.040710775501572643e-04
3.934851916925937582e-03
-2.165672549941895838e-03
1.829409238910765516e-07
1.245144158715942085e-04
-1.987331027140497048e-03
3.026902138196045358e-07
-3.677611745778423293e-03
-1.074055428679443426e-04
1.169064479186358385e-03
6.714373011299883110e-05
3.207160526473480937e-04
2.656281189846879998e-04
6.143867401823572827e-01
8.278155448280996023e-05
0.000000000000000000e+00
0.000000000000000000e+00
-6.336665342876727884e-03
-5.543755205124652544e-03
1.855956201028074960e-04
2.007669863199890023e-05
-1.570437314315572153e-04
-9.164536441523078036e-06
9.435038063044132606e-04
2.215967912459260170e-03
8.786872134660672086e-05
3.723075276607409022e-03
-1.136277158912216972e-06
3.925794997155692410e-05
1.484429944742515772e-06
4.803166268866713815e-07
-5.839432776876663130e-03
-4.523614097367930145e-03
-1.573527091380810731e-06
6.782076949407578326e-05
2.004331996500334002e-04
-4.296254591011165058e-05
7.298286342543628628e-04
1.947102792628256304e-04
1.203353507109280101e-04
4.079635048099902067e-04
6.678084314115650955e-05
3.119665708377628022e-03
2.597795824242614014e-04
4.298998948063884751e-05
2.338638150511644252e-04
1.512235739285161475e-04
3.696409362775080702e-04
2.773441717141075119e-04
9.182421024000649848e-04
1.203165974729107071e-03
4.731059877410329854e-04
-8.735139835824856647e-05
3.118700395915071364e-05
-3.379268681349730484e-03
1.920423795447323488e-05
0.000000000000000000e+00
-3.959088184190699515e-03
2.931706453605335477e-05
0.000000000000000000e+00
-2.798622738098210765e-03
-2.126344517464695723e-03
-1.778904109342634572e-05
2.767970025889798723e-05
-1.555399694432864788e-03
