2.498952687922057492e-01
1.036550829131261064e+00
2.780751509993089621e-01
0.000000000000000000e+00
3.657502693048726994e-01
3.871821394861382076e-02
0.000000000000000000e+00
3.329999554504858741e-04
4.048293924996512229e-03
-2.050934503168216558e-02
-3.072534343679593060e-03
-3.912844994756473765e-03
-1.095144214368560381e-02
-1.016736636375196534e-03
5.181801960855188585e-03
1.481864052067412719e-03
-1.978355413016951586e-02
-1.176271737061074241e-02
9.054610710172032772e-04
5.890148308520716525e-02
-7.033283450420669061e-03
-1.555847632762266848e-02
3.734019862172462123e-02
1.580200840213041857e-03
-1.068252166479279237e-02
1.813576200056220972e-02
1.631613579574864249e-04
2.926791033485099010e-03
-2.479217165310173242e-03
1.305008049107218371e-03
-1.153565974404458004e-03
1.276390850245689903e-03
8.134714370932428773e-01
-1.639173003269808401e-02
3.203247241561579979e-03
0.000000000000000000e+00
-1.204374612246790141e-02
-1.290391914690490298e-02
4.955303998962793874e-03
-1.556403981216796309e-02
3.434889595425764681e-03
-2.775432433995199139e-03
-2.360997787353843135e-04
2.709091794709979958e-03
