1.114863653056375192e-01
5.237496035886094470e-01
3.317781771100425381e-02
0.000000000000000000e+00
1.609625999621255577e-01
5.899202974761771391e-03
7.757071762704015327e-09
4.989435965977402632e-02
4.590808141592110257e-04
1.023090800942079957e-03
1.597141155283636049e-03
-1.683472179568018881e-02
-5.351302142504773228e-03
1.841668094788517828e-03
-2.095227963635019550e-02
-3.634434705082364211e-03
6.495831147811536969e-03
3.519870201704473900e-02
-6.054324208907635799e-03
1.098942109412977697e-03
2.206990038869534581e-03
-3.400314751506379896e-03
1.364010360945352995e-01
6.806336045894015871e-04
1.656640377930762662e-03
1.669840058664399593e-02
-9.479402131432331652e-03
-8.808667565900899984e-03
4.618512204368485641e-05
-3.061999163113116040e-04
-3.872962042976713364e-05
-2.269014187417687730e-04
3.077592542500701689e-01
1.552490620584764036e-03
5.700081170346704695e-04
0.000000000000000000e+00
-9.054274481535766299e-04
-4.685688478553329261e-03
2.177902439331225268e-03
6.161329388359412015e-04
-2.753917222917845356e-04
-5.977852967301281904e-04
5.860205323634144939e-06
-4.117977028905114075e-04
