8.864627120799539739e-02
6.918561684484860752e-01
5.535491194466779508e-01
0.000000000000000000e+00
5.616363313820298825e-02
1.059052453814152486e-02
-8.223106907253216161e-08
4.391084894527959586e-04
7.316302921967113987e-03
9.123618601284408380e-02
2.614545831429800787e-04
9.258546949497393347e-03
9.129997890723136680e-03
-6.043348218566150891e-04
9.322112273528925658e-03
-5.104123395056096250e-04
4.546501122875653330e-04
1.382864626317870159e-04
5.312340608560450327e-04
4.111675216319055190e-04
4.801940352623098457e-03
7.363610855025392969e-03
-1.966149125036252554e-01
1.768364445460320511e-04
-9.815674477724838348e-04
1.177795109520251710e-01
-7.013875700405680918e-05
4.707863361123772183e-02
9.112166174223279840e-05
-1.314552812574672777e-03
6.710355640975847798e-04
1.095748785558070537e-03
6.746756560380798851e-01
3.230231444960966476e-04
9.640074819134832008e-04
0.000000000000000000e+00
4.020901491870110082e-03
3.340314256378978247e-02
-1.012578294623696839e-03
9.426145414125468650e-03
-9.156352863703457693e-04
1.825443778639209314e-04
2.794304406163039458e-03
3.352024946832466053e-03
