-8.969061348041985904e-02
-6.196636608870799423e-02
-5.736735044205767270e-02
-1.206258810935058323e-02
-1.016940833336144046e-02
1.099353745486897349e+00
-3.547802937483364883e-03
-2.404571848774818971e-03
-1.557502617965484445e-03
5.915803964026562084e-02
5.941395776975650495e-02
1.428401516525348025e-01
-1.661037060225297596e-02
-1.185828892581453076e-03
1.182150588317464057e-04
5.764828686859828355e-02
5.843719134288273553e-02
8.723864519552125552e-02
-2.399074220415197550e-02
-1.688512931158410446e-03
3.517154140618011793e-04
4.596444177831726652e-03
5.367241033043106124e-02
6.022755476898546123e-02
-2.242262060163621035e-02
-9.258231179536072220e-03
8.293517897516904797e-03
1.221657796402059182e-02
3.284955833592108077e-01
2.804471230206103893e+00
-3.723291655873765989e-03
-1.500400123277985734e-03
1.536748175069497895e-02
1.092889281894982439e-01
2.165647337490346491e-01
2.174617778815898794e-01
-2.692856785091651273e-01
-1.606805158742161121e-03
7.566817959027416496e-05
1.569772296032515002e-03
8.747112921090338666e-02
8.769634127938200074e-02
-2.051967797603818644e-01
1.332955725469320285e-03
1.779771575927437122e-03
3.011101216311741491e-03
5.808880932949189030e-02
5.880281636751495677e-02
-1.566251709380949153e-01
-1.617808503738500658e-03
-9.955736940807091706e-04
3.142379170687700785e-04
3.424501041260490097e-02
3.533318701390691235e-02
-1.253584110521968054e-01
-1.156135114168810318e-01
-1.927130160249160284e-03
1.145665898779141267e-02
2.110913359403404632e-02
2.478303787219165777e+00
1.192800509322457627e-03
4.024489921724170097e-03
6.747009477368831609e-02
1.129130907739969158e-01
1.150260280623813802e-01
2.774302960882184532e-01
-1.925446711079752404e-01
-1.899978280451519730e-03
1.181521979328130356e-03
1.361906666361885343e-03
5.511248615143555379e-02
5.749458024096799902e-02
-1.937012924295481442e-01
-1.835177227262913546e-01
-1.101730731239947136e-02
7.834750960064529313e-03
1.093543982574732287e-02
1.870506677132431905e+00
-6.242238514290743279e-02
-6.714722467397557515e-03
-4.852845511600999140e-03
5.428915178014123710e-03
8.295776084294478880e-03
5.389839730312626642e-01
-2.269960789342251664e-02
5.176918557866731080e-03
6.396443388662503143e-03
1.672338979137421786e-02
2.038065101770715828e-02
2.648307310204779386e-01
-6.103533367024123468e-02
-1.454798308125544379e-03
7.950252445491738651e-05
1.445569998595967048e-04
1.217696206144187540e-02
1.279208328161048416e-02
-5.629825982345022101e-02
-1.775297449738250447e-03
-2.940217970255464691e-04
1.564664318208855431e-06
1.011998159639870311e-02
1.174999131516390669e-02
-3.272555118062296653e-02
2.358149635175860181e-04
1.082069786117995092e-03
5.773194334177534498e-02
1.933034082396153652e-01
1.941504848752620138e-01
-2.348968045411271577e-01
-4.385418594062412412e-04
1.389119508139066705e-03
2.261593683880444572e-03
9.067275384531295335e-02
9.386753607503406371e-02
-6.662082530927637691e-02
-1.162557375919144598e-03
-6.442495053197785926e-04
5.134217310727995365e-04
4.662260895050864690e-02
4.729617699076703319e-02
-6.927316735037811202e-02
-2.115117737046444402e-03
-3.742116722211634439e-04
1.462860516857292931e-03
2.742829869770540413e-02
2.847787633174976574e-02
-6.441405498457597467e-02
-2.538406102235424983e-03
-1.296173607768728864e-03
1.513468359612427094e-03
2.342656900582278795e-02
2.432476782831152415e-02
-5.769439353464694831e-02
-2.244816244307445974e-03
-1.141052006013311415e-03
-7.725488175269849822e-04
1.995355183929495985e-02
2.050136820153295597e-02
-4.330559669017927660e-02
-3.775999770927584293e-04
-8.009780208876639274e-05
2.887006885532329009e-04
1.087450628961200358e-02
1.124291831402895667e-02
-3.656537001308118207e+00
-2.497007738457312165e+00
-2.853442602723541555e-01
1.859963730508251700e-02
9.547356472513923720e-02
1.428288532838671632e+00
1.454194433471908798e+00
3.121667637641852178e+00
1.675928157584644751e+01
-9.449345002666810212e-01
-1.439278732630808744e-01
-4.108141411117016695e-02
1.080266615411606956e-03
6.723247559681044816e-02
2.436793397691842111e-01
7.940721998699739048e-01
2.575543629793778599e+00
3.726534764541920897e+00
-6.790740134638459380e-02
-2.371375154968457383e-02
6.021168053564882050e-03
1.121647512908158228e-02
4.142316901774874272e-02
1.060365735063813347e-01
2.696243765750938604e-01
8.415690738035022100e-01
1.022308354696361166e+00
-6.609918212886875533e-02
-7.749359838754854568e-04
-3.978306556859240173e-04
1.684161525944555260e-04
5.162274056846327674e-04
6.853824754461529389e-04
1.275299229520673872e-03
8.080095961424288431e-02
9.481483872137731472e-01
-2.479493240142597796e-02
-7.734032381796259598e-03
-3.421889891261260114e-03
1.725766559655957100e-03
1.177809895206559723e-02
2.000246823810797672e-02
1.249672547991701604e-01
1.264283252898771304e-01
1.681322653450098292e-01
3.987851246099809455e-01
7.601201692054710968e-01
9.954725431594776408e-01
-2.084327618646514627e-02
-3.795706691546413269e-03
2.371885084593836068e-03
5.412675391795823687e-03
1.427186158413336695e-02
1.488288989459056119e-02
1.782062600023633439e-02
8.207277896350498314e-02
1.248555143351470914e-01
1.386619466896847619e-01
7.002765822750022240e-01
9.520771118808220024e-01
-2.133388446620296947e-02
-2.039349218169248315e-02
-5.283033398742326830e-03
9.999642135842742863e-04
4.333841047968124000e-03
7.158521937014720310e-03
1.705545243582234569e-02
7.092578016951428532e-02
1.138118443008899333e-01
1.339495561891597686e-01
6.935892239609730003e-01
9.713664400432111545e-01
-6.153428437854540495e-02
-1.946628907804839187e-02
-6.754734803197381954e-04
7.994291165358824447e-04
2.991509036857485648e-03
6.376712456165743725e-03
1.107691842117972808e-02
4.229600566573087778e-02
8.692730821811595066e-02
1.262325549002342451e-01
7.081423000205145923e-01
9.887354256582396861e-01
-7.664570319669689047e-02
-6.662424287985573013e-02
-4.298526464927261009e-02
-1.381829973322794280e-02
-1.271007066372588368e-02
1.204224513959777809e+00
-1.249732037490760284e-01
-3.210322260456699439e-03
1.823760975253094219e-03
5.125506887733707884e-02
5.619718511566203223e-02
9.134101550961400140e-02
-4.573849271546671230e-02
-1.054036025450995340e-02
1.623691591862819195e-02
2.138790970942116287e-01
2.452440730651102296e-01
5.067533660533579676e-01
-3.041122025954648977e-01
-2.182541723136977030e-03
-1.190673448236229115e-03
3.039317727565604699e-05
1.258021310531151626e-01
1.260299129454492129e-01
-1.582599904964513970e-01
-3.058044331852992348e-03
6.591276351635907971e-04
2.129815329014773939e-03
3.564759751601117438e-02
3.565605389044814583e-02
-3.707125529527948160e-01
-4.387556384766821971e-02
-3.198314077937242095e-02
-1.911747215598558203e-02
-4.361894508011276983e-03
2.147405925597164256e+00
-1.059166366716474267e-01
-4.805356785756234594e-03
4.007353135159666402e-03
6.440161514974067358e-02
6.507585515803791798e-02
1.069687084873134353e+00
-2.845418383738975224e-03
-2.132362293306214445e-03
1.830233378067732883e-02
6.110173486022208583e-02
1.183587240873255619e-01
1.190156507791539364e-01
-3.003951474627620730e-02
-7.132774383151466863e-03
-6.489549373145265393e-03
2.570378955678478961e-02
1.059358372610115645e-01
1.059441689594433494e-01
-5.340072931584179984e-03
-6.967233612382014649e-04
2.593594526613163080e-03
1.603730393542908070e-02
2.014572108829878680e-02
2.171231550928144072e-01
-1.696665259973793860e-02
-1.368512938017725500e-02
5.390968744811304100e-03
7.262341650154861654e-03
3.252243842833266868e-02
3.688430994195002199e-02
-4.151818485579088225e-02
-9.325310946726568734e-04
2.743289754156713525e-03
3.956813869631406813e-03
2.861713615371150321e-02
3.035614590129706580e-02
-5.786331971164586363e-02
-4.366107860971982224e-04
1.675179025590264881e-04
1.628054023708302989e-03
1.841523068651662598e-02
1.947736958562570897e-02
-5.579675575237726115e-02
-3.545207832077295826e-03
-1.012522314442853774e-03
-2.412492350039249778e-04
9.779931601904930799e-03
1.052522060333000581e-02
-6.094857593082630975e-01
-5.808831701820532656e-01
-2.962938691672412084e-02
1.196029346683724626e-03
4.140081943656208630e-01
6.743973200208197127e+00
-1.141480124688957210e-01
8.286975875198887564e-03
8.943929660626709355e-03
7.085854710295341752e-02
1.659999127928920015e-01
1.672443070815590183e-01
-8.417576797766287977e-02
-6.595427583689861262e-03
4.178132804173728676e-03
1.350510179749622730e-02
1.449545338938893202e-01
1.489739641241276114e-01
-1.392760481188613508e-01
2.706214553154548397e-03
3.201254008301027132e-03
1.179385229879011121e-02
1.221991387823705283e-01
1.276886197435793679e-01
-2.214475302601364159e-01
-1.855075433550332220e-03
-1.664555365494660433e-03
8.656803026013959457e-04
7.549929612342146101e-02
7.694447263965877026e-02
-1.828872340466582980e-01
-8.094405727177705900e-05
6.571638355653136587e-04
7.443489659581456475e-04
4.431229910158391433e-02
4.492440068332220759e-02
-2.966362247908704841e-02
1.631867079165016943e-03
6.861617084409472878e-03
3.284174531657412660e-02
6.151220258188550005e-02
6.614526061955265657e-02
-7.414606786475300138e-02
-8.429878457191994356e-04
-7.128002795343743592e-04
9.741242314451684092e-04
3.975330742448210386e-02
4.141797108957934875e-02
-7.289254674547988866e-02
-5.362856856362951952e-04
-2.221564160850147962e-05
1.902803217311590384e-03
2.833314972528349490e-02
2.873116350629660587e-02
-4.292283447708150623e-02
-8.412967234189844962e-04
-4.050758840194231686e-04
-1.206222732120631330e-04
1.149003518356491067e-02
1.177431315916712372e-02
-2.206626123483498958e+00
-4.253242485267845208e-01
-3.215708133832775317e-01
-8.228660984153313152e-02
2.289866962372766324e-03
5.520716264756666547e-01
1.496740545217909002e+00
3.564962979466985260e+00
1.658218281613076073e+01
-7.075454999771637610e-01
-9.080790357473167429e-02
-4.289738870925907666e-02
1.574480628674379545e-05
3.051596601654760210e-02
3.301439525247318318e-01
8.396581203971138496e-01
2.649196472167898442e+00
3.389793679088398903e+00
-7.250234364373550622e-02
-3.268879644133877022e-02
3.455404919350979487e-03
5.175484780373787452e-03
3.293174849586340269e-02
9.669697838624069508e-02
2.657830632524232350e-01
8.560713362968489504e-01
1.029171098790637728e+00
-3.121774766862997486e-01
-1.348595824269310794e-02
-1.476754480575659390e-03
3.876242467608204123e-03
1.003205699071130219e-02
2.144786534676007550e-02
4.705059959033214279e-02
1.040512685424864747e-01
1.270041010021836003e+00
-7.556851800170248656e-02
-9.202596728271617010e-04
-4.268927633803570876e-04
-2.704388527195178415e-04
-6.032047730197831470e-07
2.445558561722238622e-04
8.704908605653149944e-04
6.136447304409588244e-02
9.462545558287358549e-01
-1.258613964741446545e-02
1.240802561613997546e-04
1.582490719666315021e-03
3.664512361191739689e-03
1.303434550874637936e-02
1.383130377930250933e-02
7.059496954822594428e-02
1.139749224420137652e-01
1.305325253073738312e-01
1.586266439929152339e-01
7.159995619769807806e-01
1.003411003835169346e+00
-5.397010732340953160e-02
-1.423480735554186888e-02
-8.717136583851967102e-04
8.542505356336216327e-04
3.010629010078536005e-03
7.707943443437906272e-03
1.240383786831360940e-02
4.751217452699415394e-02
9.979709432478137132e-02
1.361853925350417771e-01
6.890286771888310957e-01
9.705438781417217164e-01
-5.329660663161460421e-02
-1.593477955317283701e-02
2.166292791956903052e-04
6.935445114797933464e-04
3.667598527279561371e-03
1.183268264854604040e-02
1.643071401011738514e-02
4.463731860644688104e-02
9.641304909202752516e-02
1.372312579334182825e-01
6.862380025547550888e-01
9.662715452478521927e-01
-4.871183032238970978e-01
-2.401173858903032921e-02
1.306272710518636138e-01
1.179231343281032629e+00
1.269392453792711484e+00
5.158419953381648604e+00
-7.114747801035973922e-03
-3.280272636109682598e-03
-1.814634923064996699e-03
1.210205844523823057e-03
2.210770379649485556e-02
5.781426173978586602e-01
-2.477430621371021907e-02
-1.081677096209668343e-03
4.551562596121772053e-04
1.261424316438920779e-03
4.962909920117304641e-02
5.520379480136219236e-02
-1.495720910154876515e+00
-1.173830663524664697e+00
-6.099297432140579067e-01
1.122701757255049060e-01
1.180638051894502549e-01
1.144764961321693164e+01
-5.712670582251470064e-01
-5.185924596319605451e-01
-7.795518549033830791e-02
3.084283033768786542e-02
4.224963018164913375e-01
5.961058638489263650e+00
-1.759933939034777350e-01
-9.868427659969203347e-04
1.548829392299111429e-03
2.514510986077966859e-03
1.782511220272277042e-01
1.794579182402022410e-01
-2.090256740699768245e-01
-1.040164076984012587e-03
6.467072713112309579e-03
1.404478256797181412e-02
1.392101812784223014e-01
1.393140519251203913e-01
-1.702750610165522649e-01
-7.249716369085508483e-03
-2.402261006001403520e-03
-1.233816148084779241e-03
4.636354654229766364e-02
4.639297509809368891e-02
-1.643417376906338712e-01
-1.112975295659327651e-02
-2.942435438723280117e-03
-1.956394839561580168e-03
4.648565597955446604e-02
5.125796630629123052e-02
-1.131952102135763867e-02
-3.476232848493896778e-03
1.018775093977281054e-02
1.500650816961631925e-02
2.912971868972916503e-02
1.273457993328404037e+00
-7.099062071834960630e-02
-9.333561018621636118e-03
-5.913567222079765817e-03
-4.903980960097226172e-03
1.130605482641150739e-01
1.150513584420341656e-01
-1.890603092920890571e-01
-3.310366671536002503e-03
1.298983204398355962e-03
2.294106958754073278e-03
5.525799527304873365e-02
5.540115768575729766e-02
-1.701385817303731063e-01
-1.413307138742880831e-03
1.233637497804057626e-04
1.164824624489718685e-03
3.960297379865883316e-02
4.068147823652010220e-02
-6.163951834292039633e-01
-5.320699505760927428e-01
3.001609558421185486e-01
1.382529894284254990e+00
1.442675435806044515e+00
8.450286396394526278e+00
-4.622501294689043694e-01
-4.500243546413629225e-01
-1.962460279520122919e-01
3.041885915239778138e-02
5.275040066981012687e-02
3.471805518212734754e+00
-3.216747680786313790e-02
-7.943851591282538593e-04
1.369530569868826486e-04
4.349708905822147198e-03
2.629881905266227490e-02
2.660843629885332670e-02
-5.217706727606605255e-02
-4.851921547170089111e-04
4.761118763635906193e-04
3.203257740269891546e-03
2.192508986117815140e-02
2.317566413697177627e-02
-7.308323497524393808e-02
-6.300846363935283523e-02
-2.714599845637717668e-02
-9.790843576760351746e-03
1.472148746659737717e-01
3.353909277528437372e+00
-1.129993887562241173e-01
1.319557068475851747e-02
1.391774825224048606e-02
9.861361279974145688e-02
1.610789501767460608e-01
1.652559255019045437e-01
-8.127153999090816483e-02
1.374454440970784841e-03
2.133007443044759865e-03
1.062526115468120924e-02
1.424119522199646659e-01
1.431555833620803964e-01
-1.762441094450379886e-01
-3.686578200493603741e-03
-3.127166652308333017e-04
1.773112464789901310e-03
4.215357621087865297e-02
4.375027763626040955e-02
-2.262860721918289950e-02
-1.157674437802867773e-02
6.917472808581476978e-03
3.129676587567994939e-02
4.769866351637078172e-02
7.757222124942462216e-01
-9.845929041026787662e-03
-5.419712018188687676e-03
2.609714488693893122e-02
3.732778127460434359e-02
6.229745843384509874e-02
4.374107430563265453e-01
-2.146376106756526375e-02
-7.633047575898839476e-03
-3.655563857508023484e-04
9.265637330838211172e-04
6.037594069162072891e-02
6.226068653351046062e-02
-4.380765402175125500e-02
-4.753064633442761339e-04
6.462647526140905875e-05
6.927571560419507177e-05
1.131049103482234183e-02
1.185508439307431452e-02
-4.186284499133011927e+00
-2.355006354583685457e+00
-2.892834367014991415e-01
1.244508020328893849e-02
1.235144111523451826e-01
1.353618827915862965e+00
1.832357169248121309e+00
3.388893781876165079e+00
1.675811180054318683e+01
-1.812736513810485617e+00
-4.579780547709739746e-01
-1.334532158148966641e-01
1.063954376319120598e-04
3.375583172544904809e-01
6.238681350473982423e-01
9.265506023624283660e-01
2.138794725478432746e+00
8.036648713516628462e+00
-1.864812731217917185e-02
2.399041831419906207e-03
4.180370988903839985e-03
7.208623500216490565e-03
1.124084553191202068e-02
4.133071892820137927e-02
9.973344282478355249e-02
1.739944663682062020e-01
9.299163653405353447e-01
-3.549847932693253605e-01
-1.524286382933148776e-02
-5.533268844300831546e-03
1.874887154280191481e-03
2.668798739124378372e-02
3.960668739804096283e-02
5.703957655055558185e-02
9.617892962807939039e-02
1.294379059681588506e+00
-4.084141061165050601e+00
-1.553954111608201405e+00
-8.555353753434795649e-01
-9.077099851543746212e-02
2.296668433712234503e-02
7.116350773313051548e-02
2.905719363740217887e-01
4.472128651878630734e-01
5.992811598259528694e-01
9.637464566712488079e-01
4.542761369538000693e+00
1.291356659362461379e+01
-3.015791297919250685e-02
-1.995363522661441902e-03
-1.581814364727950062e-03
-1.822478303630734042e-04
5.969794920191746207e-03
9.420466746083090009e-03
1.142302113047952289e-01
1.291539012610475323e-01
1.500757763697903868e-01
4.162955593195047932e-01
7.639062376236576135e-01
9.772224199672059353e-01
-5.630935238450509445e-02
-9.793474510286503953e-04
-6.292634749581402231e-04
-2.468590312508095463e-04
4.403464377731453050e-05
1.772158402645628017e-03
2.150494283269681339e-03
5.045126443236823410e-02
9.146093060815030373e-02
1.322049502202609639e-01
6.914981387503011945e-01
9.743322066814630311e-01
-1.465233746326278341e+00
-1.243192756119869458e+00
-9.516066836863368295e-02
-1.097817281194601868e-02
2.383188846048718279e-01
1.131308056830514985e+01
-2.973658410021363108e-01
-2.466381980629525628e-03
-2.226666120092021806e-03
4.836895911191144148e-03
1.078457550786290770e-01
1.079687462957056449e-01
-1.823212220594368216e-01
-8.579882035515358496e-03
1.241161658053625653e-03
1.315533995695286444e-03
5.034982491884227446e-02
5.069834589302772004e-02
-1.578960439204951383e-01
-1.687544032233819153e-03
1.297297880398653926e-03
1.493520808891648892e-03
3.785150328431122896e-02
4.006976595546035691e-02
-4.039488932809651156e-01
-3.228844515679148985e-01
5.217464194936599631e-02
8.836816775284817016e-02
2.564246673080363692e-01
5.226317092641961537e+00
-2.620319041001223370e-01
-2.362255749015738926e-01
-2.078998367826371818e-01
7.106995890222067569e-03
1.581538962915424174e-02
3.538252231080619925e+00
-2.282579386825340714e-02
5.371514628361995225e-03
5.735021297880098928e-03
4.990942241290353965e-02
5.201588572322583814e-02
6.112664900498805398e-01
5.742137750246721108e-04
1.150054963999077272e-02
4.821521961656104194e-02
9.744677711338520232e-02
1.025199368300618308e-01
2.279122502793090588e-01
-1.298673965916122101e-02
1.512179349612133294e-03
1.726257829537629698e-03
9.024009378917428187e-03
1.238953693728779976e-01
1.240210369722155315e-01
-1.560788964563910863e-01
-1.118616353688420273e-02
-2.138742781395586157e-03
-5.665896731885805560e-04
9.505173295698718383e-02
9.653210937020674509e-02
-1.791557806226982130e-01
-3.713480681922301518e-04
-2.021250428181145531e-04
2.306431859948332441e-04
4.610104402012937114e-02
4.668471085891768430e-02
-4.741271488943379908e-01
-1.527384100629912145e-01
2.066408608120321455e-01
6.630178030128873745e-01
1.402928984438500226e+00
6.018182937632570173e+00
-8.715346295748563343e-03
4.787212940568601194e-04
3.534301745633943587e-03
2.313507156772720216e-02
2.418705928160243615e-02
1.805792074370610734e-01
-6.097435167040683723e-02
-6.098092954327678783e-04
-1.429848559899686566e-04
2.646123580404516340e-03
1.939926329109967901e-02
1.947099140865880124e-02
-8.726079264438249550e-02
-2.221267009977900483e-02
7.606762030333450580e-03
8.354768471647353381e-03
1.667683927826611179e-01
1.677580040413527984e-01
-2.266954281385769598e-01
-1.660651612774455277e-03
-1.108568041841853646e-03
1.439403273489506252e-02
9.760760093468585918e-02
1.002151277296139537e-01
-2.232854685033639486e-01
2.271877544101081302e-03
2.302128407753262218e-03
1.018611122305637662e-02
8.145344632870980817e-02
8.195750681441088537e-02
-2.147282038241838942e-01
9.091275268604953608e-04
1.164513759345259247e-03
1.419593112261460788e-03
7.025038560737700832e-02
7.159982782217357011e-02
-1.149106444009515568e-03
1.621070062941057377e-04
1.845221717769882780e-03
6.098319005858258979e-02
6.261634156434434106e-02
2.532214767731852390e-01
-2.954188556131844695e-02
-6.487490330045336817e-04
-1.194312084687107478e-04
3.691748961253321637e-03
6.073261358714879266e-02
6.145521514172285621e-02
-7.158533331725673576e-02
-8.740558954106331102e-04
-6.546592733362548155e-04
6.172207275084058697e-04
2.844020876108585907e-02
2.930108405724298273e-02
-5.523285588437973348e-02
-6.118978737620489605e-04
-3.736749937076518091e-04
2.455321264179799456e-04
1.657730125187724043e-02
1.675412306722112374e-02
-5.061666335858411303e-02
-1.045768752703825355e-04
5.490457914624127106e-04
4.383102793010027268e-03
1.188173817552966131e-02
1.255496290535236710e-02
-1.938405460413531456e+00
-8.735258916678851904e-01
-3.108702670755032482e-01
-3.244282021694466778e-03
7.629942472478346005e-02
6.076693184243526780e-01
1.680964398564898765e+00
2.544023283820213255e+00
1.541880818865050529e+01
-1.704237210517104556e-02
-2.447336949381323165e-03
1.676096975166439101e-03
5.154338426597047246e-03
1.038142036558800663e-02
4.294990532768966363e-02
1.064693687528543015e-01
1.826189515322771684e-01
9.233614464225462504e-01
-2.400075473207702315e-01
-1.045541515633258145e-02
-1.285208090058193031e-03
6.139927141750961548e-03
1.072358984148225058e-02
3.073604002023461179e-02
7.190654451323813534e-02
1.250831808384877397e-01
1.162123191181798409e+00
-1.904187551490400809e-02
-1.256476718273739218e-02
1.135890559131678967e-03
6.455600682885597602e-03
8.181989498583935178e-03
1.677560960627486053e-02
2.198653962779026361e-02
1.041353646134002275e-01
9.456856076515753884e-01
-6.849488614757022475e-02
-9.640086809317216510e-03
-1.546240909133078656e-03
9.446084663635861967e-04
1.968960114200557499e-03
6.662513051765836525e-03
8.526487682271752244e-03
6.311785640272318809e-02
9.373443358386963631e-01
-8.319131821635937507e-02
-3.189442808213692471e-02
-2.433498056959526590e-02
-1.906958823238545653e-02
6.097091362208026388e-03
2.897499511163656449e-02
9.648602757502601490e-02
1.238461053742514612e-01
4.573275427805369442e-01
6.392698799155993594e-01
8.433357098201562652e-01
2.968407267441229624e+00
-2.451026390956570836e-02
-4.491303715107659161e-03
-2.301442214249948409e-03
2.834825855202241507e-03
7.849737126995517261e-03
1.327738193096319672e-02
1.152539345247504537e-01
1.308770641119708367e-01
1.521596137639356916e-01
4.286671072565195750e-01
7.783832777726142904e-01
9.720832300134700787e-01
-3.285763268597102077e-02
-7.829026256826663449e-03
-1.239907675143335497e-03
-4.610357747440105292e-04
1.022506908615716803e-03
4.300287209200344407e-03
4.659859558738009555e-03
7.593492058744916173e-02
1.154751766743685737e-01
1.365620139549588719e-01
6.962332503927544103e-01
9.764196033870975455e-01
-5.290261943062703198e-02
-8.116388349471356789e-04
-7.932045434831669350e-06
1.596876156540819047e-04
1.071022829480496041e-03
1.595680001396863890e-03
2.106421642852580878e-03
5.845368317266742136e-02
9.785590778756314556e-02
1.333095102066399473e-01
6.928213561410700994e-01
9.758692759221836432e-01
-9.439684331478863377e-02
-8.430089272067806117e-02
-6.953751700842279726e-02
-3.527987829749849868e-02
-2.967502136528818446e-02
1.213891516679340921e+00
-1.122509826189153730e-02
-3.415356284704208593e-03
1.855871615512453762e-03
2.540890190494806203e-03
5.151188606199241793e-02
5.563650043359544273e-02
-2.245287972796793929e-01
-7.839562124818417327e-03
4.181227905550137514e-03
4.681244310196485889e-03
1.750078477984026992e-01
1.765707419130148614e-01
-2.968569410962446642e-01
-2.983354730603515748e-03
-1.996971266922803467e-03
-8.877003071409428347e-04
1.279201358240597275e-01
1.323721905745204319e-01
-1.490313123668485229e-01
-9.189436622077877537e-03
-2.442454990516824964e-03
1.027927275890704040e-03
3.542111704776654268e-02
4.023952648978511293e-02
-5.462588493556690405e-01
-5.042989874404696371e-01
-5.443345793757492501e-02
6.017175027451904246e-02
9.300314705841183915e-02
6.226831819399778922e+00
1.956230891749387774e-06
1.060761457332632610e-03
2.425473248081538510e-02
2.649138598934376587e-02
3.593816867749099336e-02
1.205383795349795673e+00
7.563805258108435067e-04
1.630042351632967918e-03
1.742721816707492460e-03
1.068192690920059945e-01
1.246152966599101408e-01
1.255822057949330939e-01
-1.920480537573374946e-01
1.865972794954859348e-04
5.749893190318267067e-04
1.778636705664006501e-03
5.546473687851132678e-02
5.701036961230134675e-02
-1.693643347528874521e-01
-1.051284294997761881e-03
2.805372374164449845e-04
6.462746138319319655e-04
3.911292280838645635e-02
4.021402282191676586e-02
-3.367962623511169817e-01
-2.282216201040210835e-01
1.308066812695218850e-01
6.487422056575378182e-01
1.472010588596988079e+00
6.475675531486082548e+00
-5.293828369019385610e-02
-4.934586603842099767e-02
-1.063613728456084227e-02
-8.148284389439939060e-03
4.817555224766097502e-03
8.076506594071826139e-01
-4.568647043177107188e-03
-3.379417580480198642e-03
2.664881200814630136e-03
2.956803650541323970e-03
3.007729129906252727e-02
3.095195020423899615e-02
-9.324112834879830225e-02
-8.789987026609255572e-02
-1.475550187277872849e-02
-4.397038623519269884e-03
2.128983863914565844e-01
3.113365186442408117e+00
-4.527845530375179672e-02
-1.743627873146254281e-03
-7.214872721849133197e-04
6.941313858634490241e-02
1.941962633832691743e-01
1.952486145948007512e-01
-2.138518019632519307e-01
-4.739019769630009593e-03
-2.020991822954537609e-03
3.480180318824299679e-03
1.293087536222641276e-01
1.327686039957477193e-01
-1.940722543010787171e-01
-8.867600462139841374e-04
4.658018261929655580e-04
1.067249868997933223e-03
5.095683895378932265e-02
5.211670690564553649e-02
-3.897762631239739400e-02
-1.332122717050744642e-02
1.777818140747604997e-02
2.155037930535307761e-02
2.623073337411301748e-02
8.436863715032949518e-01
-7.089234698956167757e-02
-6.470018742299049608e-04
2.523417248656567580e-06
3.150156556759556303e-03
3.405226447741630663e-02
3.466616636786719330e-02
-5.561926220875978988e-02
-5.001420771213946348e-04
-4.008346735233613012e-04
-4.053914520341789229e-06
1.658026964133442124e-02
1.704532388859068132e-02
-4.372146777167719434e-02
-3.716803341247080367e-04
-1.527045700402736988e-04
2.876594214519089671e-04
1.094999172807684974e-02
1.160934000614679586e-02
-1.925880861616909856e+00
-4.532129858242990306e-01
-2.317615176561329537e-01
-1.637585541349295681e-02
1.851997135898570956e-01
5.229555713013611662e-01
8.420110534679288161e-01
2.134433673987468971e+00
1.531746387823134370e+01
-2.595576171229513895e-01
-1.071055919674755164e-01
-4.623379956931938928e-02
1.562535518164764881e-03
3.691261468346207497e-02
2.002512680413421897e-01
7.518220240545165911e-01
2.322203884569903565e+00
2.790563949086354079e+00
-6.451252699763722342e-02
-3.297357838458817025e-03
-6.893351416052545533e-04
-2.439050649959695338e-04
6.171226774527027725e-04
2.010865219096630296e-03
4.301627224407633676e-03
8.016104154788498970e-02
9.449832547831877871e-01
-7.169517807347414173e-02
-2.131471692395095485e-03
-9.769895944086448569e-04
2.346965454321781053e-04
4.647049279644932529e-04
9.920052870457662930e-04
3.482986690435410648e-03
6.991763121833736994e-02
9.424964763043962579e-01
-1.836647789775457618e+00
-1.717300360648123192e+00
-8.039787502565114430e-01
-5.448631689520515575e-01
-2.109467287139787928e-02
6.821482857097005414e-02
1.430016859182652311e-01
3.376930589170186181e-01
6.738017733684795729e-01
7.094040430913972628e-01
4.117783440981078513e+00
1.146701396057683198e+01
-1.439389902998648441e-01
-7.288896794836512150e-02
-4.152604653445109151e-02
-2.177190298004939850e-02
-1.629136154202739939e-02
3.053177703165627088e-03
4.025559138492543210e-02
1.011793583911576311e-01
5.466011135080348637e-01
8.226643115274273610e-01
8.344583719916528475e-01
2.797069203412070326e+00
-1.417963680369783430e-01
-5.539670996712757478e-02
-3.299184052942312484e-02
-4.059100199891002569e-03
-1.073222770381354607e-04
4.738450398676979924e-02
8.751579425712621707e-02
1.195544819133570191e-01
2.513934338598247109e-01
6.430400681932457729e-01
8.041900385570767140e-01
1.031955311466555836e+00
-1.020102790052468400e-01
-8.249670112586868220e-02
-2.190930718176578584e-02
8.474629288469787136e-04
1.773639908453308878e-02
4.790534319984580958e-02
9.594406159192424288e-02
1.442216716051936687e-01
1.808857622697293555e-01
4.314607392131636909e-01
7.997096046936188474e-01
1.050650942557358025e+00
-9.796278976733824306e-02
-6.920085668002920465e-02
-1.132592053501565998e-02
-5.828924322356932031e-04
1.897364317489300123e-02
3.568030302297729717e-02
9.557683175397969910e-02
1.231675753752563135e-01
1.595175110250697803e-01
2.790201175256571409e-01
7.676408492951584117e-01
1.031687018317293036e+00
-1.656492416387599781e-02
-4.805845934225574934e-03
3.157381174303076216e-03
6.120091121419320157e-03
9.577175487416714900e-03
1.194331618525820357e-02
3.029069920107363423e-02
8.963955458182606972e-02
1.252371158078520175e-01
1.371465554277895849e-01
6.969409395738971336e-01
9.684818291684316183e-01
-5.598061706236179269e-02
-1.389684258363832470e-03
-3.559283849894553931e-04
4.083902721792320722e-05
3.387894522610124248e-04
9.106236861684338657e-04
1.567073672523143502e-03
5.057178129466918109e-02
8.983057148340012343e-02
1.322887454826427445e-01
6.920619832149813577e-01
9.737389775561796634e-01
