1.220790402794986302e-04
6.477659584362997422e-04
5.845574712729698780e-02
1.548557863248284372e-03
3.871069683430354395e-04
4.698418218289301344e-04
2.186613724843766617e-03
5.971700534411515937e-01
2.998883168924632242e-04
3.577933164747715950e-04
3.619639401286604981e-04
2.593837309773710034e-03
5.389080994790833579e-01
4.444153479630159648e-04
7.893483201239445430e-04
1.373503611906471203e-02
8.792601416933351274e-03
5.681538498797154002e-01
1.014089302748777226e-02
9.221335649004040172e-05
2.248031584536025213e-03
7.181422735436562149e-03
5.096080133732280304e-01
1.181454134678343966e-03
1.220945014275705157e-03
3.380696624889661700e-04
4.725552777251048947e-04
9.725035339543840890e-03
2.422828354546142037e-04
6.515168114919107380e-05
8.759624564335492802e-02
8.686550956814004243e-02
2.636458457043187487e+00
8.485778168088653484e-02
3.976534512748194157e-04
2.414060613382947376e-02
3.675124585960424378e-02
8.334042746075888131e-01
