1.464509399869666636e-04
7.017691021865494604e-04
5.547810154513412029e-02
1.924658123892597939e-04
5.574343747579905799e-04
1.170250493391378384e-03
7.688297251287647127e-03
7.075987274122420567e-01
1.502129365206843334e-03
4.265633494689889324e-03
3.464660466897856363e-04
4.251921055421424805e-04
5.392819985366803515e-01
5.555510747837608294e-04
8.028371442632859260e-04
1.366407896575097883e-02
2.713877663546717094e-03
5.659128923579894721e-01
1.097299716223795567e-02
3.603247097696188122e-04
3.189728849552282697e-02
2.906688877491964140e-02
6.048882989684566391e-01
2.437277168848814984e-02
4.563255242463894884e-03
5.765698405631668969e-05
2.681412228200056170e-04
9.491599649650659526e-03
1.540550829743817071e-04
5.367740341715087563e-05
1.085922895353102907e-01
1.250673827343029010e-01
5.567668886918337279e+00
1.316542227619122429e-01
3.659351972185645712e-03
1.834771189072312292e-01
1.673207415892264960e-01
2.993508529701946586e+00
