4.237627584183291146e-06
2.136924119990914455e-05
2.621400189252790625e-05
6.509088864438750187e-05
1.251701690970773195e-04
5.368652550577386137e+03
8.813565356405682932e-06
2.122144746069708484e-05
3.746301075261101771e-05
1.212828666083354349e-04
1.418312901536298329e-04
1.935181569694767632e+03
2.102261160275292892e-05
3.129254227426932986e-05
3.267681279219554442e-05
3.753786102433193469e-05
7.625065524132128097e-05
1.512345519941334487e+03
1.164980980686491808e-05
2.128674187277629056e-05
4.157122093227391213e-05
4.324122831204676689e-05
6.125676990291983003e-05
7.930825785189870203e+02
3.346185973238661358e-06
4.200794373114119371e-06
7.268117296804110380e-06
3.707022954249464036e-05
3.951931981156234978e-05
2.300160921657636663e+03
3.532031856964436967e-06
6.257955337606745933e-06
1.045476444187141513e-05
3.828112647778621972e-05
4.350519627074555081e-05
4.540679091514269885e+02
2.197212486767251851e-06
2.481589820315219087e-06
4.731598878228607519e-06
1.325458003776370737e-05
1.628515523173258299e-05
7.127534934612896222e+02
6.990485268043789649e-07
6.430687870120162155e-06
6.821131631847479203e-06
9.033378824509813074e-06
1.164494392772266298e-05
6.221827937419111549e+02
4.160048294293476207e-07
2.784631254229019144e-06
3.643624025149629589e-06
6.936087219394611345e-06
1.195003689691466593e-05
5.435800449205360110e+02
7.638646780475538575e-06
7.833883696479769428e-06
1.723723573737126835e-05
1.962869974422792950e-05
4.425433768540510386e-05
2.023187539560052755e+03
3.610969879935546969e-06
5.522177078030354599e-06
1.806675770567714499e-05
3.238245502192357145e-05
3.250455639121712200e-05
6.769176125129864658e+02
7.263067276688085791e-06
7.372681106652723181e-06
9.499322253764458230e-06
1.008876265143558925e-05
1.009962456199071376e-05
5.639292523984680656e+02
8.322473731631872224e-06
1.057913786874317379e-05
1.657136541161421690e-05
2.644006250739881441e-05
3.613351541135428999e-05
1.612987420088208864e+03
7.355903504950798887e-06
1.010865571138411107e-05
1.022346568079541185e-05
1.294126852761435464e-05
1.757592883463019159e-05
8.658432479475669652e+02
4.162621077690881447e-06
7.201838106389742066e-06
8.815981462136579665e-06
8.838006013213999085e-06
1.277512688773861834e-05
6.069257148664120223e+02
1.235753524212792315e-06
2.160875207329886605e-06
2.951640516922306063e-06
4.516689413180469603e-06
7.292089324913268225e-06
2.913681056844166619e+02
1.441374395003106973e-06
2.480103734152052127e-06
3.513492759338820802e-06
3.893877960917422857e-06
4.804787507007338517e-06
2.798329394010467581e+02
1.487573264040528575e-06
6.104750337867925154e-06
1.183468885308962675e-05
1.365266619640043434e-05
2.962705860112861149e-05
3.362827252850575519e+02
6.256337454698301003e-06
1.144739781156295469e-05
1.455299807041674977e-05
1.687775884236848389e-05
1.806675762195506679e-05
6.729331021854651453e+02
9.940726456989354605e-06
1.316829931249325590e-05
1.346557214629006797e-05
2.356036191150021720e-05
3.355071098358862204e-05
9.595942592776467563e+02
1.902416751980140871e-06
1.998962258893186012e-06
1.316829934405756091e-05
2.325788313660097278e-05
2.512637782795637033e-05
9.863427352387908513e+02
3.569989205082896820e-06
3.605247283043127011e-06
8.449952121266992252e-06
1.524372463556484302e-05
2.548938030008795968e-05
9.457714795011141860e+02
2.032011174471799753e-06
4.809813108430271349e-06
9.843896364917599092e-06
1.036030621433095317e-05
1.159512113290310246e-05
8.950486407086602867e+02
3.431955652536793139e-06
5.049812288764904653e-06
5.561455007554953943e-06
9.801641936217515488e-06
1.055036905879488454e-05
7.771338946546474062e+02
8.732516013734860751e-05
1.033351138556457628e-04
2.322245204771067036e-04
2.335611331952990510e-04
2.628904379631316884e-04
4.327920156331742114e-04
4.483310582204670027e+03
4.749223337074390656e+03
1.510727874595084177e+04
5.437170426555822984e-05
8.290088995090274865e-05
9.100616964668765073e-05
1.738401185056638349e-04
2.215654097344524863e-04
4.061899557991600841e-04
6.546862291334163046e+02
3.559199806529620673e+03
7.295878610056995967e+03
1.645269142819377051e-05
2.100777928719906862e-05
2.908373908534476031e-05
3.636450810630150572e-05
4.745311288011300676e-05
6.436483233617660757e-05
1.112707923184149649e+03
3.667090353362707901e+03
3.823920477676878363e+03
1.779312901484767791e-05
1.915273695120695336e-05
2.105774826101469141e-05
2.985869212593322047e-05
3.321580436989867037e-05
5.708049855302296414e-05
1.015902944031142056e+03
1.108438711833394336e+03
3.618772556385109965e+03
2.017967512370494123e-05
3.003842399234226912e-05
3.268853628596720903e-05
3.288860774135976762e-05
3.529877756824354384e-05
4.666138975629764978e-05
1.170220944659743054e+03
1.557205903437898542e+03
1.638043805304894022e+03
2.548804869006413810e+03
3.422953219547492154e+03
3.472693092593466645e+03
5.222164275073491815e-06
1.506110008558039278e-05
1.884434492883755514e-05
1.956031292839787090e-05
2.938464672062133246e-05
3.233915891227610260e-05
4.903649407285394091e+02
1.127042089134471553e+03
1.383857198045902578e+03
1.485039743793319076e+03
3.367016815031537135e+03
3.446975144906333753e+03
1.948455712870797988e-05
2.466788531037686363e-05
3.151142197902703535e-05
3.169420248379220995e-05
3.251965755021098158e-05
3.889979804084563398e-05
5.031626524846448092e+02
1.122178555628902132e+03
1.271304565282673593e+03
1.457293356462672136e+03
3.374683569118300056e+03
3.435242942259750635e+03
2.061845630699244705e-05
2.979270358104468816e-05
3.062665793217532191e-05
3.106617628361208085e-05
3.593708538627754848e-05
5.229801247123456857e-05
9.172188392101384125e+02
1.000380640929066658e+03
1.105529483362623296e+03
1.506297811480088058e+03
3.378648078498451468e+03
3.466103797816208498e+03
1.735128979154593065e-05
1.809969967510944289e-05
1.813094031843990767e-05
3.762956602080901438e-05
1.445340616454171600e-04
5.618887020708110867e+03
2.442522009128934527e-06
3.498092646841220163e-05
3.988750189906947779e-05
4.909108130900368696e-05
8.558078413401155101e-05
1.547495824171405502e+03
6.495217955537612761e-06
1.390461323095964996e-05
2.555025377547723669e-05
3.256838649296231952e-05
3.935980659051112514e-05
9.777572553387527705e+02
2.796569188723552140e-06
9.429845442533243028e-06
1.450637110389851776e-05
1.750472956739624253e-05
1.862278754773118050e-05
7.574424649044780153e+02
1.242666797732911269e-06
2.816427208330400724e-06
6.224342544991629961e-06
6.499826324507923514e-06
1.512608592242765960e-05
5.464095659023014377e+02
1.189293299644230359e-05
1.380117509392832636e-05
3.937342965845516040e-05
4.014885085240690475e-05
4.425433768540510386e-05
1.883284555829437977e+03
4.376637407834260125e-06
2.570326758434533128e-05
3.613351541135428999e-05
9.793721240211023080e-05
1.008755937436033002e-04
1.329190557669911186e+03
2.147074545279037261e-06
3.575167340801846483e-06
6.284040401880223734e-06
8.179922868659878572e-05
8.326648013225483504e-05
3.176769043255603151e+02
3.305314801263181760e-06
8.760390247726865124e-06
8.977670026598183074e-06
1.462785310764068513e-05
1.834747047911486725e-05
2.227436478405561786e+02
2.813947374831723646e-06
3.190688790745397037e-06
4.370288815604311510e-06
8.581845461484889298e-06
1.428302607108443955e-05
5.495464661471058889e+02
1.333709830645016345e-06
3.171838802256047684e-06
3.766201191439405350e-06
7.091637079186339981e-06
1.223814440460660806e-05
1.536205913769456970e+02
6.971519353443083023e-07
2.258344361822824668e-06
3.707861626463175435e-06
4.169000259768432110e-06
4.297130417390657123e-06
2.403092721086655104e+02
1.960518271440043367e-06
3.635673939666217875e-06
4.066271096244517772e-06
4.224976087295977417e-06
7.862157151529492976e-06
2.836958755596296555e+02
1.640391049727007141e-06
2.218881964298242688e-06
2.428860295567821470e-06
2.764098729753809643e-06
6.436420912727965055e-06
2.785837774432808942e+02
1.414930412068290243e-05
1.961557478943700526e-05
2.109623533587602994e-05
2.321158315059537343e-05
1.251701690970773195e-04
3.616731464327445792e+03
9.382212951137806973e-06
1.159506074941724417e-05
1.336931249566163962e-05
1.651310527982183002e-05
1.819405730718864634e-05
3.742813436979398034e+02
6.872251608146155583e-06
1.757408272895302306e-05
2.042340170524391894e-05
2.150412895950706716e-05
2.234556695064819932e-05
1.175817841562203085e+02
1.114605683712702013e-05
1.637615841363652136e-05
1.805373060906029944e-05
1.942699006191284480e-05
2.083766931286382373e-05
5.015470009675190113e+02
1.966376452235861463e-06
8.232967592346557558e-06
8.386721864260194339e-06
1.804544957228508407e-05
1.813493197732971441e-05
6.539318762461584811e+02
2.536434507460957765e-06
5.710013259224829959e-06
6.183819264789162370e-06
6.490833245345097284e-06
1.397700350817815029e-05
5.938973018620114317e+02
5.005411934476273768e-06
6.932840926195334636e-06
1.352079421262346365e-05
3.782322697558697345e-05
4.745980239236149186e-05
6.774071905633200004e+02
1.018542549189054605e-05
1.219074032766469839e-05
1.355006824263768862e-05
3.298050492642531629e-05
3.931968464211836926e-05
1.015324022346179618e+03
3.826643956807657479e-06
5.283897211482698322e-06
9.033378809881315212e-06
2.267829892701401354e-05
2.393082746754014218e-05
1.005105656789819932e+03
2.499774581518424177e-06
6.940884963897888477e-06
8.663814773015957331e-06
8.818788549092062344e-06
9.311393773279783958e-06
7.711252145338223727e+02
1.019463358415875206e-04
1.167294121461238970e-04
1.532037124005095725e-04
2.727660083456379526e-04
3.210338087414788704e-04
3.235030178947231340e-04
3.610040514798320146e+03
4.557694685993455096e+03
1.601998310577861230e+04
5.888451630066546331e-05
5.970611999298860908e-05
7.815158084227697680e-05
1.004884922468261631e-04
1.014575041395780259e-04
1.146099716317146880e-04
3.462544723011918450e+03
5.116936692328982645e+03
8.858314272523724867e+03
6.246894329084676543e-06
3.733551804435142216e-05
4.872564659150069045e-05
4.940163916015311176e-05
5.589594407791406304e-05
8.385687081015223622e-05
1.114270780021973451e+03
3.675646027788566244e+03
3.896755531100915505e+03
1.371173733415440188e-05
3.785598826729403188e-05
5.305717920055771014e-05
6.673591426437594802e-05
8.434677044223176298e-05
8.566160888051483333e-05
4.591732002795872631e+02
1.189369882484352502e+03
4.182405154616752043e+03
1.399539462722521925e-05
2.125323096992393345e-05
3.079148028911453394e-05
3.595954737739284838e-05
4.007282680053146667e-05
4.574415792937280720e-05
9.578298326584402957e+02
1.093514485971617887e+03
3.615952695333067823e+03
1.575392906279011469e-06
1.191661416852011562e-05
2.251774285744317306e-05
2.597150603936289163e-05
4.298600107578360495e-05
4.540061833838289588e-05
1.061952071590503692e+03
1.322605093154542146e+03
1.549026396260333740e+03
1.593115878798049835e+03
3.408232224018002398e+03
3.463526781576181293e+03
7.871845803208742784e-06
1.785849035301690280e-05
2.270611601865122481e-05
3.602228471572117526e-05
4.620605235998170455e-05
4.881996590409888614e-05
9.887780556485173520e+02
9.956569721923888210e+02
1.118667949690752039e+03
1.535171448854136997e+03
3.383758916050742300e+03
3.431027959397775703e+03
6.814588599013448961e-06
9.189441921250312190e-06
1.925738608022729278e-05
1.939901362068737397e-05
5.130052924476099911e-05
5.444339876915915965e-05
9.157412081800023316e+02
1.005300821365046772e+03
1.189963505235051798e+03
1.545228647708903736e+03
3.373079545005021373e+03
3.427939871239028435e+03
3.085325462060681609e-05
8.518812837299628621e-05
1.007838082678999574e-04
1.635158793360778928e-04
3.042940522380496444e-04
1.162933592625267011e+04
1.996394840217931392e-06
3.362768714186276973e-06
1.227393456178510450e-05
4.777469123475836335e-05
9.793789656084395210e-05
3.893265847557119287e+03
1.176239841161991852e-05
2.739262215571300704e-05
3.203235371021214209e-05
4.115725419681538365e-05
6.489893157878610464e-05
8.059299930605744748e+02
2.223552052462097456e-05
3.627157979117896726e-05
9.769893808802744973e-05
1.142642085686755164e-04
1.371517809672802269e-04
4.647194936782693730e+03
6.625375610045392028e-06
1.073821744529524903e-05
1.718918724628709695e-05
2.834267183142502982e-05
8.079699672582446525e-05
3.353469982073328993e+03
7.801204957749337051e-06
1.572243379769361083e-05
1.659537656328035029e-05
1.786975268637617251e-05
2.896116726117453828e-05
5.762101569838728210e+02
3.488035301371151989e-06
6.152693390036077179e-06
1.228944797648337120e-05
1.881245863960275233e-05
1.974063822396604425e-05
6.279608122277470557e+02
5.502264621315878192e-06
7.815255746744112234e-06
7.880012431714751635e-06
1.009962454372890025e-05
1.335765518669632534e-05
5.667718194598404580e+02
4.562361114379937379e-06
5.232146981632248596e-06
1.011344645776112251e-05
1.463574646356042579e-05
1.780527109075463136e-05
5.568095348695077291e+02
2.241657909229260646e-06
2.690912019240325711e-06
3.208221178244361808e-06
1.366307988114356263e-05
1.806675770567714499e-05
1.450277746954399845e+03
3.560131950835246990e-06
1.216155844985971398e-05
1.734266920958986739e-05
1.876861048058409113e-05
2.143264174392163189e-05
3.424201854090200641e+02
2.579758578740087140e-06
4.581775618255594074e-06
5.053827651337282842e-06
9.404416350442761408e-06
1.277512684094029365e-05
5.588034173258304236e+02
1.696202561447617983e-06
4.260713578393653953e-06
5.668085315166397273e-06
6.387563442924570975e-06
7.578105818410271477e-06
5.301030163723842179e+02
6.527835813613713267e-06
3.842314439264951745e-05
5.127427710115666756e-05
6.402742326315643238e-05
9.078423267097960030e-05
3.428365080792956178e+03
1.904603853220757290e-05
1.939093034739076276e-05
2.063742605184098908e-05
3.675652459941567752e-05
7.226703082270857998e-05
2.197500807912679647e+03
3.550248557162517429e-06
4.838214521420152223e-06
6.775034132129782467e-06
6.891933348932570022e-06
7.173354243923464053e-06
2.115240957350609108e+02
2.009238961256952051e-06
4.465630121476989201e-06
4.970496259054211989e-06
5.975018456859831193e-06
7.631465125696115527e-06
2.693960237850297403e+02
1.630338079012479594e-06
1.825899036865625382e-06
8.255321515541083572e-06
1.864098165183576100e-05
6.258508454853865973e-05
2.551852786454209308e+03
6.661925826710785995e-06
9.455269264188221964e-06
1.677423911160785578e-05
2.407951761950810889e-05
2.558804810055192248e-05
4.353099767583826178e+02
7.867402362586656863e-06
1.433796563801824155e-05
1.488885144832180977e-05
1.607904643752514044e-05
1.832241401199089070e-05
3.924377672996270690e+02
4.895931470558423430e-06
5.007833094986522039e-06
7.473570126250937064e-06
8.955168495609659585e-06
9.033378827649748963e-06
5.829312753141504118e+02
5.784827827183665871e-06
6.511840220356044218e-06
2.260737256541995053e-05
4.542454689093875544e-05
1.022010151019089468e-04
3.237115801130558793e+03
3.172881260335723982e-06
7.526519611949855916e-06
9.796750023198539048e-06
2.685631524142276385e-05
8.079699672582446525e-05
2.442053476206041523e+03
3.493863703600483956e-06
8.697792121755317573e-06
1.281579812856029044e-05
4.168830036065680875e-05
4.610976104316531082e-05
4.792901170882507245e+02
2.190202017319242293e-06
4.766853830339673409e-06
7.397097744981010000e-06
8.142577645958532856e-06
2.043463806176283351e-05
7.786485525895988076e+02
1.204489003891661753e-04
1.615361692760027945e-04
2.271659709684731158e-04
3.078006452731762012e-04
3.834501099060316190e-04
4.785855258003510800e-04
4.106479676489424492e+03
4.507960311637007180e+03
1.521859566355944480e+04
7.693171354835024757e-05
1.002583581536564867e-04
1.471632667835321556e-04
1.995817096158271440e-04
2.434334407461877681e-04
3.193832592582624970e-04
1.667679893915789762e+03
2.409280663346257370e+03
9.930387890378715383e+03
1.057396486683926495e-05
1.566504011565155371e-05
1.609562213803833941e-05
2.381520408773486923e-05
3.517782521779834297e-05
4.050012201612491428e-05
1.312143244297095862e+03
1.539055339765459621e+03
3.617418071603126464e+03
2.521752154617550563e-05
3.633125836925935878e-05
4.669382748246455651e-05
6.089050435128001324e-05
7.594340121463954280e-05
1.421089695239653174e-04
8.492459729369435308e+02
1.316834739402588184e+03
4.247798296202996426e+03
1.119867287605853876e-04
1.939823804808663097e-04
2.379979357163672555e-04
3.003367561797901228e-04
3.150292304746686828e-04
6.538553233822587494e-04
1.333518131688639187e+03
3.027921181287998479e+03
3.144882875281903125e+03
3.390705506545627486e+03
3.402566482416500094e+03
1.249980748354333991e+04
1.766639388439230607e-05
2.172506712058905795e-05
2.534705450112082669e-05
3.717703883134330575e-05
3.883142478321813680e-05
4.325499161066381624e-05
1.166644515395542385e+03
1.583412753021520530e+03
1.628473369955562930e+03
2.498894250248145909e+03
3.426583031371168545e+03
3.458546841089067129e+03
2.174008473918885641e-05
2.369643307174982579e-05
2.912544607476175358e-05
3.082285588223296281e-05
3.613176147135689300e-05
4.493231783158746061e-05
9.840879819058898192e+02
1.000210914434652977e+03
1.041721336691774241e+03
1.438248503888923096e+03
3.399162735976026397e+03
3.446487618058622047e+03
2.091511828629344475e-05
2.518621811064351485e-05
6.855858945271225708e-05
7.638777927171501328e-05
1.027355270269491661e-04
4.619799911796641936e+03
7.703618883141929074e-06
1.195632025385160933e-05
1.454831792627589909e-05
1.499064515838657886e-05
2.118515120738572163e-05
7.489938739486186705e+02
2.887585277018885398e-06
4.417314641526414143e-06
5.680796234852038479e-06
6.336752215367732607e-06
8.639452664569698541e-06
5.864774764614353444e+02
3.193781735294213237e-06
4.414756902105788703e-06
5.050046481200862303e-06
6.845160885337489696e-06
8.005247411873541013e-06
5.457809220100701850e+02
9.631414282845242054e-06
2.005876853635483260e-05
2.145852591157520748e-05
4.976330154752957926e-05
6.258508454853865973e-05
2.938033539630285304e+03
7.208420307890649598e-06
1.656902693631795963e-05
1.923866519904754205e-05
2.332399858055638221e-05
4.579658768600953676e-05
2.417426429643192478e+03
5.722008294327128606e-06
8.551264580548493247e-06
9.524351862983095133e-06
1.231705947285547589e-05
2.555025377547723669e-05
1.004787365379539438e+03
3.335850334660294102e-06
5.102497068065362795e-06
1.060815331532608787e-05
1.564627113713466493e-05
1.608071523851540224e-05
6.135397512122725630e+02
2.703137929161242729e-06
3.411724787606933525e-06
4.529888521153278025e-06
1.438785217244100904e-05
2.020834042626927689e-05
1.220839691138010892e+02
6.960435994416477004e-06
6.968716699319707919e-06
1.177706741534115304e-05
1.659537660117338224e-05
1.743022040844242386e-05
5.077278244337235833e+02
2.296446591692085496e-06
2.884763565233359450e-06
3.744661803238157658e-06
4.253064401169369239e-06
1.009962458011037141e-05
5.439691672776376663e+02
2.815394178376068088e-05
3.123300258407380099e-05
3.585620374385645236e-05
3.760850817579705261e-05
7.050315217897314374e-05
2.893237206409849477e+03
2.630300199115403602e-06
3.588083283976032283e-06
4.684382039658398876e-06
1.106358442135127596e-05
1.203427734435273681e-05
5.011701775800073051e+02
2.020188312188826624e-06
2.585660060496125871e-06
2.607299408229064791e-06
4.516689418742614789e-06
4.661076953236872635e-06
2.912225125575073434e+02
4.443775450128352819e-06
8.807323314886277696e-06
9.402442779493618013e-06
1.117124414879860927e-05
1.894130207477689854e-05
4.119462727150599903e+02
1.165324026274974382e-05
1.354377904287108342e-05
1.916269026561534072e-05
2.047740353801348110e-05
2.116422486772045176e-05
6.615708249679571509e+02
3.200297516166112451e-06
6.943990828137668374e-06
9.666399972753512680e-06
1.419426123510741551e-05
2.049494008445023379e-05
6.566192890370817850e+02
3.322512348463705175e-149
7.889715343656782039e-06
1.362566907954681483e-05
1.543254112741486726e-05
1.562680929904660713e-05
6.436601800934107587e+02
4.981437682916845792e-06
6.223657183046981977e-06
6.984994725318329661e-06
2.056832444761292779e-05
6.258508454853865973e-05
1.841938586278874254e+03
3.200400231466688454e-06
6.626870077898719542e-06
1.097190011135588684e-05
1.993834027412013082e-05
3.476623552860027725e-05
6.312948941966443499e+02
5.077953984995178445e-06
6.377771901894286144e-06
9.554953544554334820e-06
2.169396828276334363e-05
3.462449547999684054e-05
9.981526763351592990e+02
1.412009786811223697e-06
2.817341298904115130e-06
5.906063251908435081e-06
8.717856300947565042e-06
1.647542292493882124e-05
8.766586334662925992e+02
2.404770998844457835e-06
2.611819272073151198e-06
4.725414125134944201e-06
6.387563435120909795e-06
1.241550310845202317e-05
8.384578630504040575e+02
8.340951045167141063e-05
1.234298407943521241e-04
1.560512533090266548e-04
1.577398630367777871e-04
2.905996524133910527e-04
4.401714504020632452e-04
3.595501768289333086e+03
3.927272586591207528e+03
1.473967562704500233e+04
1.049930992079610084e-05
1.227524430130010154e-05
1.403100973348222057e-05
2.422202318070752254e-05
3.147212020330034972e-05
3.675519022263412227e-05
1.365572920976133901e+03
1.625495659922558389e+03
3.608979725284897995e+03
1.855781366805333982e-05
4.866743902686943105e-05
6.603808061072689514e-05
7.256058574483251677e-05
7.525854563064475478e-05
8.421752579261284190e-05
1.172294031607271336e+03
1.377655856912810577e+03
4.022452225872332747e+03
1.395133306212598050e-05
1.419735745497284428e-05
1.940585013273003561e-05
2.531547493107107107e-05
2.650999967123518172e-05
5.541004051529170994e-05
6.345499258278538264e+02
1.243569705251377172e+03
3.618984611704884628e+03
2.577304288141499743e-05
2.727942064793013801e-05
3.113160278748215091e-05
3.600720981110748921e-05
4.338378036161533451e-05
4.666642743381583673e-05
9.561226525986056686e+02
1.052997202541112529e+03
3.613502095938754792e+03
2.117989334724448841e-05
2.568930619467971944e-05
3.692233912123968538e-05
3.893904451497085277e-05
3.914268115694069224e-05
3.997575464876080838e-05
8.892332462019336390e+02
1.326072135952319513e+03
1.432382987367207761e+03
3.423839377167838848e+03
3.470475814877906032e+03
5.731503557487011676e+03
1.687701920275687172e-05
2.276165225040357765e-05
2.598840725814824509e-05
2.679898923942561120e-05
3.393128034504321820e-05
4.225601178456267503e-05
1.175906206472340955e+03
1.580129974532431106e+03
1.628005409254758433e+03
2.514217980450887353e+03
3.418814190664634225e+03
3.454389836912031569e+03
1.040107046662980081e-05
1.645603604432820702e-05
2.694831825960973353e-05
2.760345268183793396e-05
3.209730164307646449e-05
7.271364583654814741e-05
7.575822745699782672e+02
1.137298176855157635e+03
1.293775273830802007e+03
1.474785538922915066e+03
3.398800600383841811e+03
3.437671635151751616e+03
1.250290601312630857e-05
1.435156346702472625e-05
2.125502656464856466e-05
2.138080873800730022e-05
2.776446884735477643e-05
4.248829820107166152e-05
9.573933732289922318e+02
1.026962022239411226e+03
1.125356508307147124e+03
1.442396780978527431e+03
3.399758721734040591e+03
3.445246112628327410e+03
1.751581415826108010e-05
3.764596982294829072e-05
5.065346762359019097e-05
5.090259298344118724e-05
1.445340616454171600e-04
5.641394958719262831e+03
1.368950501071837217e-05
2.477517537820870958e-05
3.095790988459890095e-05
3.385268426395598984e-05
6.785713517500035466e-05
5.424898833486831791e+02
2.879865450542069300e-06
5.454256362642080954e-06
1.137101424991806044e-05
1.470898064594543965e-05
1.613522338219529659e-05
6.508317798561596419e+02
7.563493177627019325e-06
1.097071416192623462e-05
1.713470240601362460e-05
1.791831878328157841e-05
2.200833047577797219e-05
7.483527005591669194e+02
6.121590430842476105e-06
7.857699882001914672e-06
9.101527904207281264e-06
1.009962456281410601e-05
1.401294316021731730e-05
5.302387820038562722e+02
2.423678210235852306e-05
2.902592646596603511e-05
3.661544318527631356e-05
4.418008928967017448e-05
8.850867537081020771e-05
3.206951849765531279e+03
5.571341113676300836e-07
2.814940005949718008e-06
7.966198935462945975e-06
1.560267878728264891e-05
2.200684923362469539e-05
1.410982234636150679e+03
8.120393958903665254e-06
9.911702776432772233e-06
1.247748013989114264e-05
1.574861176066698145e-05
1.668191673213091278e-05
4.200332515899277723e+02
3.096863130050230566e-06
7.338402632914811814e-06
8.991326901105717190e-06
9.349982271438363277e-06
1.642478388756409298e-05
5.632015307068292032e+02
1.395211461681025041e-06
2.197623307637475183e-06
3.700708539169808238e-06
5.105331336313267742e-06
1.151534376027931506e-05
5.288954752768759136e+02
1.225228216383226596e-05
1.820455177417099131e-05
2.694568359340147274e-05
3.929116023417800435e-05
6.970639536776011001e-05
3.001192751387708995e+03
5.370847244121691697e-07
4.318814600133333649e-06
5.161278009279439758e-06
9.147758750743132050e-06
2.555025377547723669e-05
1.059895686901062845e+03
1.827156143626041306e-06
2.609664017903224263e-06
3.471780338341568986e-06
6.780897926394360804e-06
8.819949916318567664e-06
7.971593650061736014e+01
5.402848036874959139e-06
7.413267495689637458e-06
8.875806518013123011e-06
1.968793904916235640e-05
7.226703082270857998e-05
2.457919564421240921e+03
2.774863718744987282e-06
1.279110606990003531e-05
1.779052368583786256e-05
2.158418550866723359e-05
3.369789202493899403e-05
3.696356630774936320e+02
1.200642896110200083e-05
1.293615152026342240e-05
1.436867662209517545e-05
1.746741774390105960e-05
1.806675765245439557e-05
6.387150770447760806e+02
3.237379476472534059e-06
6.853721084512875861e-06
7.823135601002643142e-06
8.419853678201706868e-06
1.055961174786856032e-05
6.114248419372469243e+02
6.513332056527688177e-06
2.496100437296022592e-05
2.879193035244787501e-05
3.070903936035959670e-05
1.142642085686755164e-04
3.515931831769563814e+03
2.636906468188370246e-06
9.311393785114336868e-06
1.152169944508025949e-05
1.188496370330525021e-05
2.872584372761263798e-05
1.024272891146319125e+03
5.306744334766346749e-06
7.193788701332512991e-06
8.449952131007772889e-06
1.166976027079022132e-05
2.581212578787064844e-05
8.810671745005870434e+02
4.073254706236143733e-06
5.880500324101940176e-06
7.105728797748623560e-06
1.447920361887819741e-05
1.608732275425123957e-05
7.783384283914369917e+02
2.822212586435986721e-05
1.249693793812741197e-04
1.331336416736807031e-04
1.939492777375479489e-04
2.518600693882493960e-04
4.614424238466288599e-04
2.449337644351165636e+03
4.252141707141734514e+03
1.460951449241931005e+04
1.298107257708959666e-05
2.123940579950568360e-05
2.547048881388498711e-05
6.515873727164007599e-05
1.251492763646528327e-04
1.611041108322100489e-04
9.611037377706564939e+02
3.642101882935485719e+03
5.871629054628675476e+03
1.938566344504245924e-05
3.919127852431673350e-05
4.126449021773167278e-05
4.264242236479337723e-05
4.829453037364593018e-05
5.603485246069273934e-05
1.006532864534754594e+03
1.110043080486206463e+03
3.611349962860385403e+03
1.789728408052605193e-05
3.738037451244014149e-05
4.050093257678623635e-05
5.563815844140203217e-05
5.667780936941500136e-05
6.191363046717189274e-05
1.024816230274489953e+03
1.050431654461854578e+03
3.614938188760336743e+03
1.168194262359957113e-04
1.226928109047782320e-04
1.311065331076465706e-04
1.385858684357746428e-04
1.983587893861128324e-04
3.071858409561056629e-04
1.335446882582574517e+03
3.150197406526587201e+03
3.353562171775458410e+03
3.539138103845592923e+03
4.112598707715752425e+03
1.165792498636134951e+04
4.630905958616896603e-05
5.256932432241705097e-05
6.391969925079578427e-05
6.404438653435678053e-05
6.667839878414881093e-05
7.275918410551112238e-05
8.014070759855151209e+02
1.399708393690643561e+03
1.492020038493958054e+03
2.865574662235054348e+03
3.497908433320307722e+03
5.632964335055747142e+03
4.151098265979020910e-05
5.240861466967651646e-05
5.525323160766639619e-05
6.316803477848342667e-05
6.570510929395165104e-05
6.859206751430956916e-05
1.038039885485010473e+03
1.504577233590681089e+03
1.682049112778918243e+03
3.039058655382617872e+03
3.332632937731016227e+03
3.482056567242459550e+03
2.098798020597890214e-05
2.716803331322624652e-05
2.929986792205304961e-05
4.848987444839855459e-05
4.974099844101298083e-05
6.929248724172713543e-05
9.160895770131329527e+02
1.550337050960827810e+03
1.948795925584779752e+03
2.515512525088638540e+03
3.346936819354357795e+03
3.556395089747401471e+03
1.445223535325991641e-05
2.076894116176813694e-05
4.342199996595337379e-05
4.813790846441727610e-05
7.326426230476667460e-05
8.918206174166585804e-05
9.821588049690594744e+02
1.557967735155207492e+03
1.890486745256263930e+03
2.026144867407658239e+03
3.366578290232007930e+03
3.549659674128343340e+03
9.711738707293843806e-06
1.297179212478247788e-05
2.220186000069787949e-05
3.031393914773039081e-05
4.096407296200289057e-05
4.905530684551048429e-05
6.894139055963402143e+02
1.181875656706802602e+03
1.384070344439667679e+03
1.499191793019073657e+03
3.383331502830961199e+03
3.434237805259518609e+03
2.120373224877174955e-05
2.971400369390716993e-05
3.328629591546799143e-05
3.688252286044033855e-05
3.838839839691256581e-05
3.859705265962043517e-05
9.787464738859735007e+02
1.001851778842059048e+03
1.043727821587952121e+03
1.431075034783894353e+03
3.396041297116209080e+03
3.444920239803851928e+03
