6.256976302068867366e-06
1.688515328785500965e-05
2.489516610059036201e-05
5.790745624660455606e-05
1.445340616454171600e-04
5.365002768751169242e+03
2.429741814264440788e-06
3.613351541135428999e-05
5.629340080299262666e-05
1.481347109356992149e-04
1.506540862183216917e-04
1.858669562858167637e+03
1.918939586284408702e-05
2.728346637864267140e-05
5.535464395135060906e-05
7.172590312239421990e-05
7.720239653580688644e-05
1.385406650118894277e+03
5.140481463212930898e-06
1.745879739878959111e-05
1.806675770567714499e-05
2.373742991692995031e-05
3.514076428884708710e-05
1.022705750819735840e+03
9.605803745340552065e-06
1.359124368724302325e-05
1.762820543272652246e-05
2.074811146323417941e-05
5.110050755095447338e-05
2.138995510967978134e+03
7.453611407994501879e-06
9.832311005358854695e-06
1.277512688773861834e-05
6.659911234491248380e-05
7.272267060726813400e-05
4.096095923741172555e+02
1.761879573080242962e-06
4.070161333624252095e-06
9.100117645684773485e-06
1.106358437603905702e-05
1.683929333963291101e-05
7.112187813207304998e+02
6.690727527856887078e-06
7.019015510582241752e-06
1.033841285903990048e-05
1.106358438544671654e-05
1.756037971341885444e-05
6.246450580667033137e+02
2.580841685451532768e-06
4.860362022306201315e-06
6.129265870031921269e-06
6.439443583432125654e-06
1.009962458011245003e-05
5.435778699326698415e+02
8.315975647359437526e-06
1.236858209489057647e-05
1.935727187722310815e-05
1.999856952271542311e-05
5.110050755095447338e-05
2.098233885350325181e+03
6.337540721303280681e-06
7.252197551424809793e-06
1.249011096352692154e-05
1.336736427860437106e-05
1.806675770567714499e-05
7.487926554223718085e+02
7.625879444293385623e-06
8.431153121346464792e-06
1.091069239505267194e-05
1.392137164898591150e-05
1.751788581856103866e-05
5.607888577126374230e+02
3.459517366884370767e-06
1.440385009622555777e-05
1.617501751087227233e-05
1.788900754617235702e-05
4.039849836291223263e-05
1.674761708786984627e+03
1.961730631326363532e-06
7.076343789877157504e-06
7.988948499951888566e-06
8.438847071949185716e-06
2.212716884270255193e-05
9.731178640948328393e+02
1.875366818079618968e-06
4.193071767803379731e-06
4.339793939785085695e-06
5.489088461618226540e-06
1.564627113713466493e-05
7.296479647223444545e+02
2.664880532734759784e-06
3.238816550516854335e-06
4.530050518304345200e-06
4.825554308240329365e-06
6.387563428124670066e-06
2.899437183618983340e+02
2.620906595709266497e-06
3.710097898956448065e-06
4.368244233467301937e-06
7.840976707214232708e-06
9.817634804533271055e-06
2.824646399601482472e+02
3.163438188625031648e-06
1.277512688773861834e-05
1.402821761575143665e-05
2.365220564745624428e-05
2.576193188452067690e-05
5.247087426406362738e+02
1.085615234885372437e-05
1.321513301514331111e-05
1.529099916172019615e-05
1.689990433291377217e-05
1.872200741433004264e-05
6.686946545264846691e+02
6.310197771175990384e-06
1.082374626043211122e-05
1.197498938465341746e-05
1.519443554113798656e-05
3.718322288400566455e-05
9.825581866109663451e+02
3.030496636605076833e-06
3.193781719875108798e-06
8.833685063540866472e-06
1.235778162956687578e-05
2.977546347555429026e-05
9.837381291790817386e+02
5.088082533740434374e-06
6.352257705848195432e-06
8.142577614481033484e-06
2.091459492801415039e-05
2.285794773320387445e-05
9.357822787183119999e+02
6.029524430522951297e-07
4.754061906832677883e-06
5.876404292914569508e-06
7.968761215793585448e-06
1.059257559704751973e-05
8.616400308046034979e+02
2.642197436709225662e-06
3.387692495702080378e-06
6.756266716963737967e-06
7.254345199695032356e-06
1.490544739384886499e-05
7.767202199671785365e+02
4.808662320021226050e-05
1.744714767557238924e-04
1.991216045471029907e-04
2.421987854104541227e-04
4.318592465308717667e-04
4.489155368502007219e-04
2.290738529269301580e+03
4.195608682120497178e+03
1.538857594734937084e+04
2.396370529400799148e-05
3.627746966845588587e-05
9.237442485262522824e-05
1.033771373889903717e-04
1.789986113439627946e-04
2.552557415723950385e-04
4.989284400924685769e+02
4.039901684888702675e+03
5.398710565966267495e+03
1.287460265805876593e-05
1.385219212190648007e-05
2.401121176097801310e-05
5.373623994938514476e-05
5.507098031314648179e-05
8.339948246604646286e-05
9.739835126090856647e+02
3.441413760007566452e+03
3.717922326964993317e+03
1.341346364748298786e-05
3.029854006759107512e-05
3.567399383127189196e-05
3.613351541135428999e-05
3.828019474093380029e-05
5.715705909421962502e-05
1.005518953514738655e+03
1.110234857086432157e+03
3.617686644945600165e+03
4.713963059980322931e-06
1.146554760528017686e-05
1.915306733654684504e-05
2.672747852308944629e-05
3.000288154947535681e-05
3.135313146588733290e-05
1.121068212960505207e+03
1.594412280070441511e+03
1.633322062347963310e+03
2.655297673471649887e+03
3.410998892520628033e+03
3.458670548647531177e+03
2.305571764388287929e-05
2.436039755670903325e-05
3.832507747895234782e-05
3.904407662461987838e-05
3.957588501375893956e-05
4.182438914058796934e-05
7.890225431350495455e+02
1.162467830706916402e+03
1.375769421447670311e+03
1.517592378613477194e+03
3.390951960567255355e+03
3.435084868981198724e+03
2.189598884588258733e-05
2.379976126908470030e-05
2.479647681971061530e-05
2.598079534990552935e-05
2.611733431117262814e-05
3.194558906210464997e-05
3.510741674936764412e+02
1.038184424150148288e+03
1.278535636920502384e+03
1.459969984709527353e+03
3.393564572091031550e+03
3.443269811584097624e+03
1.036295611019761105e-05
2.115950738523030193e-05
2.586183651517325030e-05
3.051976911351721492e-05
3.650973611183007942e-05
5.293273944787635745e-05
8.814528996517037740e+02
9.131405833418534712e+02
9.476275644347773550e+02
1.445071116880791806e+03
3.364217494267270467e+03
3.429469147338596485e+03
2.288386594563942094e-05
2.406507862425726228e-05
9.434730023203756466e-05
1.022010151019089468e-04
1.084648934275944085e-04
5.363927973008264416e+03
1.112250932606193163e-05
2.685813062657592089e-05
2.793594436303192948e-05
3.569332514320241328e-05
3.613351541135428999e-05
1.162841299561709093e+03
1.175039630195799533e-05
1.217541568488054418e-05
2.320044536342023015e-05
4.849805855699859414e-05
6.291232019505782903e-05
9.229694951625540398e+02
1.098903046426042168e-05
1.344623682821814008e-05
1.488500106919531919e-05
2.118515070647100258e-05
2.491547598251474960e-05
7.553354354886208739e+02
1.624615228510864893e-06
3.802978196368887029e-06
4.516689444692942119e-06
5.068901906419520813e-06
6.485519948510109432e-06
5.489835393849460843e+02
0.000000000000000000e+00
1.697433123989864582e-05
1.877375723163607273e-05
2.621020322476860876e-05
2.654144415524238259e-05
1.982229210980629432e+03
1.059651896016080948e-05
2.330091030411085212e-05
3.613351541135428999e-05
4.242215940245032006e-05
5.160708167063436235e-05
1.417854376135614757e+03
4.281065115160382466e-06
6.999293831598459499e-06
7.376446975171605539e-06
1.463708935826376325e-05
2.046412838430817507e-05
2.280898391923298618e+02
5.741373470790934273e-06
1.074251515360532053e-05
1.268377421368108221e-05
1.552000992597039224e-05
2.030408918473546756e-05
2.856157483219109849e+02
9.844596966522778095e-07
2.258324546367343302e-06
3.696261822088884968e-06
5.667459634229180279e-06
1.689990435612547681e-05
5.944897715792469626e+02
1.053760116143831625e-06
2.219012355696103834e-06
3.597907691190727623e-06
4.491460127237975597e-06
7.778550384649648817e-06
7.164636346985496118e+01
2.524906141100849330e-06
3.001905816978665184e-06
4.938378673891121062e-06
1.033316528066228221e-05
1.084647550955156184e-05
2.098584915991782793e+02
1.937326960893786236e-06
3.392465003448116767e-06
3.946689832945411812e-06
5.292322068190100593e-06
6.833392746532089397e-06
2.869438137841937078e+02
2.748141501080292035e-06
2.945182997872500507e-06
4.710991447092937595e-06
5.947271033302393368e-06
5.949917854399945408e-06
2.888352763309379156e+02
1.479132056869797317e-05
1.924910085404129962e-05
1.974231657091208807e-05
2.961375323323761242e-05
1.142642085686755164e-04
3.678482037784401200e+03
9.033378852838572497e-06
1.413017311349310957e-05
1.649510061655859320e-05
2.043577981507910802e-05
2.768382105720214908e-05
5.008036422235725240e+02
1.151513941837257054e-05
1.321277440232620006e-05
1.327186283694273349e-05
2.372869955327338231e-05
2.719550983875105080e-05
3.964372194291864844e+02
7.478429951667895814e-06
1.075428155102434731e-05
1.410335817326745842e-05
2.019516412353965462e-05
2.895324211455624667e-05
5.094580293585472077e+02
1.156542139216586508e-05
1.242774703170520032e-05
1.290417887291610135e-05
1.602339670363474381e-05
1.815367403613276287e-05
6.601556293848793757e+02
2.046704030259268564e-06
1.047632184699105038e-05
1.119968108949276143e-05
1.189982850224128689e-05
1.291099461345182386e-05
5.942589695200055075e+02
3.958551686735027202e-06
4.414356521027031968e-06
8.488634932263923192e-06
4.247274271883812142e-05
4.618270111356348624e-05
6.814774360078029076e+02
3.708865963185062363e-06
5.690517400600311304e-06
1.059257560158074350e-05
1.354415656125002563e-05
2.026224949879902178e-05
9.999881002372119383e+02
4.051634627710916473e-07
7.520575692741437543e-06
7.858698637351807365e-06
9.005530197587110472e-06
1.156569368429329070e-05
1.001717958912002132e+03
4.298844097331958576e-06
4.516689422993764731e-06
4.903557949081522449e-06
1.540139438703273667e-05
2.019850916222213505e-05
7.821696608425505701e+02
8.130701787283962454e-06
1.200164004224140145e-04
1.497233018757083392e-04
1.734810575131146742e-04
2.084931478751781103e-04
3.942685000350907806e-04
3.499362847069359304e+03
4.560650060045694772e+03
1.471124134015138225e+04
3.495942116105774501e-05
5.939542268584525138e-05
7.262603072602261622e-05
7.969245394535360563e-05
1.793181620999880616e-04
2.439211188004626564e-04
8.869522841032712677e+02
3.822333202628087292e+03
5.159086029966967544e+03
2.175707536692685672e-05
2.213351205287692646e-05
2.942967559312269392e-05
3.705401774776225909e-05
4.013500881473476410e-05
9.788118286184828334e-05
1.021900293802589317e+03
3.421097304529374924e+03
3.716077608599777705e+03
1.228249436207821102e-05
4.143433280255603822e-05
4.418495773208253323e-05
4.854343734863546917e-05
5.351089024535029182e-05
6.238298326736340434e-05
8.357676429616708447e+02
1.365171808803744398e+03
3.883665730335378157e+03
6.330584805272792724e-06
1.277512688773861834e-05
1.648519170942637822e-05
2.927658695022465905e-05
4.083598317198267432e-05
5.639183012538050003e-05
9.675913482792162768e+02
1.078825189952397523e+03
3.620032000993886868e+03
1.517712584329418361e-05
1.835267453139983481e-05
2.222773040468775050e-05
2.275994260676126086e-05
2.861683382934588333e-05
4.290086210630572882e-05
1.082664844410615615e+03
1.436152716124328890e+03
1.547114136337264881e+03
1.623444703276547216e+03
3.406279230263362024e+03
3.458203838428496510e+03
1.772661192993533211e-05
2.017561782856629096e-05
2.098876225550531073e-05
4.254159503697855729e-05
5.374933647191475276e-05
6.162683725523390244e-05
9.693312282260079655e+02
9.734076985217968740e+02
1.042034437943008015e+03
1.444225077725016035e+03
3.395781351504754639e+03
3.443893310744022983e+03
4.381109179961453354e-06
2.844989571998385625e-05
2.983236857712273917e-05
4.109281322069842856e-05
4.461217142090309260e-05
4.555982109534416428e-05
9.330247284680034454e+02
9.638212389667709203e+02
9.742184405134797771e+02
1.427241399132325114e+03
3.389795152562307067e+03
3.434249271095347922e+03
4.066891430563852823e-05
5.900500765910874799e-05
1.146299062233950480e-04
1.666490734342289631e-04
2.821735447830603892e-04
9.260635814080864293e+03
1.202213180696659591e-05
1.714988357768664466e-05
2.091922440320187260e-05
3.851691886384489078e-05
8.850867537081020771e-05
3.772860784720801803e+03
9.474704526354545763e-06
1.211461633822444827e-05
2.437407294440795079e-05
3.008724440215324142e-05
7.280089575630960220e-05
3.859079295469120439e+02
3.065403086030911499e-05
4.871401711909866130e-05
5.110050755095447338e-05
6.375181043537232848e-05
8.488419767606192995e-05
4.179625877439055330e+03
6.080317640111353998e-06
1.630431964284452298e-05
2.037973450150762218e-05
2.369645265468058550e-05
8.079699672582446525e-05
3.039461975783352955e+03
7.963502606622489168e-06
1.932678360533094668e-05
1.939608871741007167e-05
2.096240853272863920e-05
2.789780308554185462e-05
5.587043014765080216e+02
6.631575972345942484e-06
1.730819197000227347e-05
1.806610458306178758e-05
2.212205846791288015e-05
2.454751902291387803e-05
6.072546593440703191e+02
5.724454702690735252e-06
6.119538729386833818e-06
6.785232806382154642e-06
1.531683905864999324e-05
1.605676650607700757e-05
5.619528877389981290e+02
6.151708434933463981e-06
7.141513029520878548e-06
7.299768617253348352e-06
9.583695460014092382e-06
1.509524177962700338e-05
5.451663093674083029e+02
1.287174511943969800e-05
1.595765976213907271e-05
2.105600966770045061e-05
3.144467300177442574e-05
4.039849836291223263e-05
1.546391138210643476e+03
3.660607276035603626e-06
5.689795144003818738e-06
8.826296422033460799e-06
9.435396337511240352e-06
2.554776559907802173e-05
2.596777045786766394e+02
3.613797813182640667e-06
5.298453703126735240e-06
1.195003688613528229e-05
1.219154868341058966e-05
1.505720615312527808e-05
5.599839691577234362e+02
3.956859033588715125e-06
7.460875418979587235e-06
1.195003695888204459e-05
1.499499657516015569e-05
1.577774933971444273e-05
5.272995697147982810e+02
2.732003059019252504e-05
3.686090776017165370e-05
6.836374379051664068e-05
8.130513158254097346e-05
9.286986159783097185e-05
3.287970859727096922e+03
5.949703668846729859e-06
1.408878000805758893e-05
1.933813905663771225e-05
2.457900346121770803e-05
5.110050755095447338e-05
2.448488280986071004e+03
3.246914585227858703e-06
4.438242794913999518e-06
6.088962391323852997e-06
6.960685862182986936e-06
1.050942380855439798e-05
2.119604911148143174e+02
2.647443944638340554e-06
6.308254779784907940e-06
7.502849533394674559e-06
9.173439551201837918e-06
9.615937438732598990e-06
2.698265422709646373e+02
4.887731352075565537e-06
5.480878273162521664e-06
9.216665342805040496e-06
1.125934319861300720e-05
5.110050755095447338e-05
2.632168013070355755e+03
5.337284623603198777e-06
6.387563443869309172e-06
2.202096948655055131e-05
2.264823549952896993e-05
2.611653328594283586e-05
5.739335769005721204e+02
5.644983928183701424e-06
7.217325778065642975e-06
1.340172875802789139e-05
2.176391780408076364e-05
2.727148105370610307e-05
8.449568573892571521e+01
3.871011842639156077e-06
7.314284218811654639e-06
1.277512687320692618e-05
1.368597136519148039e-05
1.549514578287792291e-05
5.834286164183769188e+02
5.299029274281944760e-06
1.491027278159259827e-05
1.554638686927285350e-05
5.207762639140118763e-05
1.022010151019089468e-04
3.132851294653022251e+03
5.559006516497946080e-06
1.402707362040035218e-05
1.491668860631421133e-05
2.712917753067336645e-05
8.474060507161945471e-05
2.419326420498691277e+03
7.757857289297665428e-06
1.137163314832702255e-05
1.168030726107018407e-05
2.066741271972435693e-05
4.815549535655952505e-05
9.509281243809801936e+02
1.399972384147002489e-06
3.236322861467894290e-06
5.281061917104851622e-06
7.490082041076565053e-06
2.228052948868040271e-05
7.637531279040382515e+02
9.536030346212732935e-05
2.092528004492041742e-04
2.555025377547723601e-04
2.619373740220726546e-04
3.599994706922525966e-04
4.173128571100989648e-04
3.872633969414094736e+03
4.129978413025565715e+03
1.508803021687107321e+04
7.447842644582434611e-05
7.604235809102273720e-05
8.595584625118376522e-05
1.476524503197008422e-04
2.070503068989501191e-04
2.240049980861892772e-04
1.905945544136177205e+03
4.222027011031006623e+03
1.002047165755603237e+04
6.904427616482603514e-06
1.075300574179590919e-05
2.119543917011053184e-05
2.383867930491155105e-05
3.493851931147610155e-05
3.855933862673369697e-05
1.386568148472723124e+03
1.565085978737220557e+03
3.589784869201260790e+03
3.987143094888181974e-06
1.248324735449819748e-05
2.360931296885370066e-05
2.442710630622011854e-05
3.315038781582399600e-05
4.746572914131023680e-05
1.020006370714677473e+03
1.297145764362517184e+03
3.589249693823609050e+03
9.985671752354044841e-05
1.270005790446098923e-04
1.672176449109248424e-04
2.266251367742931643e-04
2.857828394514003146e-04
3.646623339766878031e-04
1.358418408473309455e+03
2.502894977440989805e+03
2.990300052082523962e+03
3.304724575859676861e+03
3.545119362003322749e+03
1.244554305491116429e+04
5.655988418563306401e-06
1.879184332825338468e-05
3.495524668833449361e-05
3.934599859597654934e-05
4.073798923559128265e-05
5.557903671457454088e-05
1.167000481128314959e+03
1.594878110668996442e+03
1.650159882354585307e+03
2.563455001802750303e+03
3.420799212761869057e+03
3.460327778621956895e+03
1.579237484325102340e-05
2.258665461254342181e-05
2.410187384457922484e-05
2.482985668511377046e-05
2.527949580493340785e-05
2.566484160385866243e-05
9.754642726494820408e+02
9.846248521005262546e+02
1.042652508951407299e+03
1.441502068763878924e+03
3.395146519490361698e+03
3.442508809535528144e+03
2.424398803200861018e-05
2.650281004251085613e-05
4.889713416302533068e-05
5.078218566258189601e-05
7.436017387124053849e-05
4.399265095652244781e+03
9.089456320386025859e-06
1.172633821784777908e-05
1.309285103560586909e-05
2.019924911586038393e-05
2.027830820356979705e-05
7.429632960340459249e+02
2.656539201752722291e-06
3.093660389810333032e-06
6.432750491104102607e-06
7.075810234199509867e-06
7.397227484539617000e-06
5.828102468819308797e+02
1.054321429130198628e-06
2.173558146828268455e-06
3.641708744285117391e-06
8.047156922100213335e-06
9.033378762599238141e-06
5.423218964046097881e+02
1.064413300189751700e-05
2.422751504871579120e-05
2.612981732012570926e-05
3.000061626929278964e-05
5.105826576137166805e-05
2.989770689284612672e+03
1.034240405257367694e-05
1.183713733075361138e-05
1.327506613393657622e-05
3.151853037866969955e-05
5.110050755095447338e-05
2.499446277662447301e+03
1.571337945751564285e-06
7.504718596093302822e-06
1.378109355964932879e-05
1.489816286967782946e-05
2.856605214216887911e-05
1.109650467412511716e+03
4.781596959440840596e-06
7.785727219075784468e-06
7.848454716869768965e-06
8.585833162413572138e-06
1.503288033186080698e-05
6.719789230711119217e+02
1.194007315674158483e-06
5.408304955004308681e-06
8.539732118551169836e-06
1.120767984823522108e-05
2.841863445879969774e-05
1.649672207503484174e+02
8.297954599139351485e-06
8.436739778026409775e-06
1.531683785108809039e-05
1.700229820955472400e-05
1.740522768625383341e-05
4.638493367592736263e+02
4.805635207370409746e-06
5.591680712094346436e-06
6.387563436904817933e-06
9.939402361348865408e-06
1.037364357899539287e-05
5.460658541351946269e+02
8.437714704134644032e-06
2.579627989660154730e-05
6.062556056724030751e-05
7.453776335074862724e-05
9.498733478553442243e-05
2.981705844913784404e+03
1.004114539594747318e-06
2.355657853445920554e-06
6.349938610749666565e-06
6.729540774302185358e-06
1.106358442135127596e-05
5.199783876141127621e+02
2.830376999890519338e-06
4.624100077790096745e-06
5.763893936474541754e-06
6.010625119659863077e-06
6.184731705637734042e-06
2.901387574914588754e+02
7.241079349741338860e-06
1.497864363695998092e-05
2.023188545807932186e-05
2.169758275244406434e-05
2.464291135755212699e-05
2.097340421026782735e+02
3.147034808932942160e-06
7.933181835757834431e-06
1.127268148424182859e-05
1.696989788269093714e-05
2.223724557097772782e-05
6.554965769397551867e+02
2.049119172086156891e-06
5.855389644882648145e-06
7.092215421757251242e-06
1.536451643777153885e-05
1.962114848839107149e-05
6.514893393156492039e+02
2.527556425740397387e-06
4.959762222230263264e-06
7.960482947952028960e-06
1.378949971791740910e-05
1.498016410627260334e-05
6.392179560272585377e+02
8.785869547733679387e-06
1.573690912977454432e-05
5.397567205903430922e-05
7.040112622420123588e-05
7.226703082270857998e-05
2.090940574500844832e+03
2.683525398329745934e-06
9.898518154997623300e-06
1.070257987573261296e-05
1.233075697844634673e-05
2.265506869170759457e-05
5.873296684520834106e+02
4.544817192451632660e-06
1.067099911917277086e-05
1.106358438935111999e-05
1.212511067122191715e-05
1.729841771966673082e-05
9.995306191535320295e+02
3.815422411867354127e-06
4.729797773923774433e-06
6.756273263799628013e-06
1.118773046905436081e-05
2.776661365029376840e-05
8.872964773084659100e+02
1.312304287913278023e-06
2.166380404221864382e-06
7.681009660394967777e-06
8.449952131414424937e-06
2.875523409489854081e-05
8.980772122578040353e+02
5.110050755095447338e-05
9.812709053012697827e-05
1.273911819261379732e-04
1.674020772372218884e-04
2.174582946353820819e-04
2.555509765940655489e-04
3.702844500639201215e+03
4.284634992243106353e+03
1.529751631183205427e+04
1.830277408194221384e-05
2.784382636725428581e-05
3.157697269776342378e-05
3.295932851757334782e-05
6.201191037825928203e-05
6.225604947116741893e-05
1.434275179147639392e+03
1.818768019230479240e+03
3.605429249261168479e+03
1.668244642715394199e-05
2.612645286826274728e-05
3.260235017097359498e-05
6.574447196603237678e-05
6.713450525748313467e-05
1.376862878201739538e-04
3.309794456839830445e+02
1.390258086882180578e+03
3.926332366087934588e+03
1.081459810786099013e-05
1.141936730363870008e-05
1.631779063937891118e-05
2.033755221343228081e-05
2.052915117470337025e-05
6.021074807702213636e-05
5.592719161216447219e+02
1.233855276027479022e+03
3.588333168325848874e+03
2.067926546451945950e-05
2.181471483763965815e-05
2.856674949786033803e-05
4.124692651883232975e-05
5.259243704469954411e-05
7.017485632199312821e-05
9.696321712397225383e+02
9.861812236696878244e+02
3.642225356123895835e+03
3.613351541135428999e-05
3.870256990594156079e-05
4.816369069726809672e-05
6.791213924095783068e-05
7.963733665104358653e-05
1.654508577164121464e-04
6.952047287379590443e+02
8.852942227404269033e+02
1.408560987925193558e+03
3.449395917106668549e+03
3.545752701820985749e+03
5.821452278049655433e+03
1.031204917935766083e-05
1.725946058100997861e-05
1.728613490575373339e-05
2.527572303177745967e-05
3.469322756752924131e-05
5.117257506889231707e-05
1.160022450573808555e+03
1.588034334226574629e+03
1.628418632693869313e+03
2.545968169534560730e+03
3.424388866478528598e+03
3.471707335771444377e+03
7.321341149647451422e-06
1.830621609116137014e-05
2.271827926229145491e-05
3.418228486485793154e-05
4.055227198091322188e-05
4.750095464943253300e-05
4.118620842724346289e+02
1.168092373246506440e+03
1.340414244260999567e+03
1.482261338388994318e+03
3.399035390229144014e+03
3.438956309933045304e+03
1.093858026687822405e-05
1.524644418434173928e-05
2.419784506640283321e-05
2.679197802600984761e-05
3.538981525159574698e-05
3.731061554712553920e-05
9.660143646164674465e+02
1.023578132932130302e+03
1.134616524556418653e+03
1.443298054391291544e+03
3.398333929585694932e+03
3.440886188483518254e+03
1.378215105459670555e-05
3.986991021233565231e-05
4.854725132375247348e-05
5.871146851461805975e-05
1.022010151019089468e-04
5.482918423212263406e+03
2.828090790625722635e-06
5.152362778388059966e-06
2.007311713718134207e-05
4.896324571823447474e-05
5.688487670079210156e-05
4.990031486698379126e+02
7.609510497011639940e-06
8.017343173293618147e-06
1.431968487759815728e-05
1.968779263822110394e-05
2.451014642501541719e-05
6.568431530453170808e+02
8.637039500672200252e-07
1.084412161181283210e-05
1.381404325147547907e-05
1.515652909237721568e-05
1.916269030593480697e-05
7.440390461845850041e+02
3.247746495824255006e-06
4.841020307203167605e-06
5.279301547370994719e-06
1.277533112147317550e-05
1.307870829234074255e-05
5.338989465362808460e+02
9.551983429791809904e-06
2.335937520446850215e-05
2.763135502089822184e-05
4.881659628352938337e-05
6.590366363442583708e-05
3.364045221969935938e+03
4.357609865083533650e-06
8.856494026503639825e-06
9.421277560955956121e-06
1.061175772764218762e-05
4.039849836291223263e-05
1.461626713564844977e+03
4.516689426419286249e-06
9.524938599493028236e-06
1.180585290530792831e-05
1.642503956194088770e-05
1.923354405438473135e-05
3.966200006936764453e+02
6.129926401119117304e-06
7.266943023690896547e-06
9.279329193144789854e-06
1.221023380320436312e-05
1.506573194538816022e-05
5.626606201596589472e+02
5.232972191019271846e-06
6.617969582012136268e-06
7.549112214038948173e-06
9.511387305481305412e-06
1.335467194043606831e-05
5.256366222746780750e+02
1.237140364434229949e-05
2.904208586771713603e-05
3.075338462081490825e-05
6.709322277636854952e-05
7.856918602317779102e-05
3.095881621566290960e+03
2.119522941166180126e-06
4.292212252423104963e-06
6.145674109594327738e-06
1.543177662549879951e-05
2.856605214216887911e-05
1.030657059065862086e+03
1.308584386801022922e-06
4.685431043185362275e-06
5.415843578176386344e-06
9.483673711314328389e-06
1.601154916736409635e-05
6.722109937755814713e+01
1.446979490724325620e-05
1.897858050533847074e-05
2.056205330286451681e-05
2.488424090919294539e-05
5.110050755095447338e-05
2.564235908531962195e+03
9.033378852838572497e-06
1.951463452806607640e-05
2.187063675547606375e-05
2.283253011585734008e-05
2.833478589838847773e-05
5.295173361288343585e+02
1.165353420982554563e-05
1.680495798989294976e-05
1.749306292089863464e-05
2.084692620089660767e-05
2.547688192227529189e-05
6.101578575190270612e+02
6.660800949076174291e-06
7.241472301250949857e-06
9.103443342912275496e-06
1.117343453361939480e-05
1.357567714860143575e-05
6.111188452196008711e+02
4.605548252865750161e-06
2.052552022066079360e-05
2.393040045944171975e-05
3.439487661989496311e-05
1.022010151019089468e-04
3.381033851293683711e+03
3.039531094515707756e-06
9.555437692231983648e-06
1.363125266846088172e-05
1.813133040369318785e-05
2.624539741406366346e-05
1.002667697595003574e+03
4.254235148521407104e-06
4.391328174049732397e-06
6.134830155073815874e-06
9.348712997581840894e-06
2.468527151805335293e-05
8.772733567549778400e+02
8.695221542635778051e-07
2.258344714585905645e-06
2.725219019594165060e-06
1.170051819420070760e-05
1.711042645166157173e-05
7.713226009097832048e+02
5.110050755095447338e-05
1.225278179597156809e-04
1.567624936615244610e-04
1.996049160171383980e-04
2.840197671251650327e-04
3.056421150303174233e-04
4.347175262566396668e+03
4.654486664904590725e+03
1.420057986654105298e+04
2.788754514433637593e-05
5.508149325273599531e-05
1.059021062888750438e-04
1.122613975745543615e-04
1.639975066905325306e-04
2.184999705614556499e-04
7.820323775272561306e+02
3.721747048298140726e+03
5.261115985220892071e+03
8.916004907712315710e-06
1.566631602596381956e-05
2.109685988623237073e-05
5.239690303380668541e-05
6.786652273284730029e-05
6.847140915906901415e-05
9.790067785416439392e+02
1.117272627259161709e+03
3.617049035502435345e+03
1.286503823434205145e-05
2.047182234384773564e-05
2.492037933409780952e-05
4.017949704970756158e-05
4.097090402728890989e-05
5.253753531888396286e-05
1.031267543149823268e+03
1.042511946293389201e+03
3.621989174400362572e+03
5.974916218524567511e-05
7.034715230107794072e-05
1.400177900907737959e-04
1.513127460099016573e-04
1.573336166099090531e-04
2.478320030913217626e-04
9.259142934276607093e+02
1.380254271406801536e+03
3.295016848653984198e+03
3.702927215244240870e+03
4.806678954957381393e+03
1.081786046857717156e+04
2.209769802809160517e-05
2.567942173869803055e-05
3.651056849762292016e-05
3.823564197115107954e-05
4.039849836291223263e-05
7.614116498465766476e-05
6.704004100397780803e+02
1.398021055365256643e+03
1.441420917831005681e+03
3.206273589392694703e+03
3.487117974791310644e+03
5.618379288453335903e+03
5.969729119372274429e-06
3.162471028801007022e-05
3.453563796935872453e-05
3.564861786415360003e-05
5.892313127358850098e-05
9.031591009887726055e-05
1.052554516414965519e+03
1.374773357146126273e+03
1.621902456478795330e+03
3.073926570015692960e+03
3.256295049696105707e+03
3.510077529142393814e+03
1.845378694050003900e-05
3.278115528628120591e-05
4.151650154433009487e-05
4.360719498751151343e-05
6.878826600354574804e-05
8.084964610630227411e-05
9.588256257035958470e+02
1.483245861042292290e+03
1.665236091377270668e+03
2.674499945703746107e+03
3.163452485753482051e+03
3.552618289454996102e+03
2.950440343068790839e-05
4.303310174881917456e-05
4.405440932596463863e-05
4.567495920862406594e-05
4.684346433827468400e-05
7.193326035349034404e-05
1.003108379093459916e+03
1.529523417206174599e+03
1.656719428734089888e+03
2.105137497094311129e+03
3.234573937984055192e+03
3.490313932826644304e+03
8.903060074028604462e-06
1.580398097386782858e-05
1.726499436086167535e-05
3.132754182383390066e-05
5.133940115936471690e-05
6.196439380008873473e-05
7.166718152506431352e+02
1.160190518299930545e+03
1.407366853864569975e+03
1.523800152455618445e+03
3.385467234007163825e+03
3.445560055274222123e+03
1.402845025409906367e-05
1.468870036633992229e-05
1.474735593395768823e-05
1.997475566606333908e-05
3.229036920712225633e-05
3.347627147721980988e-05
9.792728195566086242e+02
9.866302901071933320e+02
1.049920325791517143e+03
1.435869464265630995e+03
3.397856508939719788e+03
3.444621608396897045e+03
