1.916931728735897609e-05
2.808367273803956336e-05
3.366539182909272841e-05
3.819849488454871465e-05
1.251701690970773195e-04
5.099196612687676861e+03
5.228689560423999966e-06
8.252682960920671248e-06
1.002304370477851194e-05
3.185967956296583721e-05
8.850867537081020771e-05
3.737003368863800461e+03
1.428302613500634674e-05
4.402017070724282454e-05
4.593785773176081803e-05
2.570583473414843551e-04
2.631353688835383602e-04
6.572559070402222687e+02
1.534605579038179020e-05
2.767729745315201709e-05
3.692093378248168217e-05
7.059277015010128969e-05
2.044020302038178935e-04
7.298437801964540085e+03
3.988875407118916611e-05
4.162998233195453320e-05
1.615939934516489305e-04
2.624549318708153944e-04
2.654220222501775246e-04
5.417658961452391850e+03
6.107113178287890926e-06
7.100937749145215001e-06
1.802175214734744204e-05
1.863187540164236807e-05
5.713210428433775821e-05
2.155730370164285432e+03
2.026080734349867721e-05
4.003969174956936299e-05
6.020919819357574014e-05
6.730613749033497644e-05
1.454304120588571368e-04
6.945750435880340774e+03
3.691591104727395332e-06
5.372412171087455950e-06
7.226703082270857998e-05
8.509510308902147482e-05
8.670321075138747856e-05
2.726798169671465530e+03
7.870269340243932796e-06
1.189258879458627563e-05
2.056233996098179393e-05
3.419985822721209145e-04
3.468981962680720509e-04
6.738800630982086659e+02
1.260405918532307511e-05
4.662699459594344320e-05
6.627149204344623293e-05
1.034682106273799234e-04
2.285284171373510329e-04
7.251209265742576463e+03
1.731527499809650182e-05
1.998266582798517379e-05
4.425433768540510386e-05
5.025615575683706936e-05
6.963594644523895985e-05
1.827280983244472054e+03
4.282590366079958507e-06
1.644537018077829279e-05
2.109135285251337042e-05
2.732158571392754218e-05
5.711217128441167383e-05
6.800093521269014900e+02
1.573500461817088099e-05
1.576769686995625806e-05
2.550407021893595327e-05
3.628576985939224145e-05
6.258508454853865973e-05
2.955838779688426257e+03
6.100145311356623725e-06
1.733928965820838675e-05
2.609217414711223457e-05
2.642128417066026615e-05
4.912224097118602712e-05
2.069182794571763225e+03
6.186820875163989197e-06
1.724995935914848538e-05
1.883403580922383798e-05
1.912450537862340550e-05
4.425433768540510386e-05
1.726717142590857293e+03
1.885203143358453752e-05
3.832004182734308147e-05
3.929737297768913897e-05
8.073335130621044152e-05
8.417332396060158545e-05
3.572574298810529854e+03
1.668945848478938876e-05
1.935896821601089577e-05
2.085555330173168460e-05
2.412343795110003655e-05
2.831113140408748143e-05
5.233139947415394317e+02
7.214324048319334489e-06
1.402436913332760490e-05
2.069807117315769341e-05
2.815358365306498860e-05
3.125587265906898073e-05
7.694414673596279499e+02
2.851463706986562979e-06
7.129116180705906136e-06
1.276288906984499273e-05
1.593256601502454934e-05
1.693155865970719700e-05
7.614713657062004586e+02
2.356942090496361564e-06
6.302600371944708749e-06
8.498157169069306107e-06
1.362582986641134013e-05
1.805386842383653606e-05
6.331211960854843710e+02
2.013005696815539449e-05
3.554349456341822182e-05
3.989235923898542543e-05
5.445014740588646968e-05
6.569414713185888638e-05
3.504880833986261678e+03
4.868075306339334129e-06
7.592228738624185969e-06
1.735745386333517970e-05
2.604900044318396961e-05
5.110050755095447338e-05
1.750170102281685786e+03
5.389045588298459869e-06
1.535824721388831461e-05
1.795376016141090136e-05
2.118515124081933856e-05
2.589574942755749922e-05
7.226518973467458409e+02
1.659243289094894947e-06
4.612119654136383949e-06
7.157591392958726091e-06
1.195003693610580806e-05
1.912486362545324746e-05
7.235372964158901823e+02
4.942815573578031358e-06
7.636767002283422129e-06
7.843236796970543689e-06
1.052972267480852010e-05
1.059257561924997275e-05
5.498552635616089219e+02
4.352275997047816589e-06
8.161395624609312852e-06
1.619256211165640572e-05
3.040043112947553116e-05
3.192099799713768866e-05
2.299217201162573929e+03
3.820741577014818897e-06
6.435677964721059839e-06
1.162487097715450340e-05
1.706684241357065904e-05
5.110050755095447338e-05
2.351207818521892477e+03
5.276564541546243531e-06
1.057323062040956283e-05
1.523890149083400221e-05
2.410084802433231502e-05
3.285814628076877799e-05
3.822821156404726821e+02
2.114633929472981704e-06
4.524770556042846939e-06
1.317310454032524464e-05
1.428302604006827498e-05
2.230743406003312361e-05
7.123114009878563593e+02
2.508234628392183256e-06
3.164657127942157683e-06
5.014796219920507743e-06
5.898749442980038664e-06
9.307240566517350355e-06
5.560808144172867742e+02
7.020611204456697029e-06
3.072393560844718626e-05
5.867582829477088237e-05
6.030583472782236461e-05
8.850867537081020771e-05
3.545021762272790056e+03
9.394986484066799069e-06
1.494386070200413536e-05
1.883824467015915490e-05
2.007764499482310618e-05
2.434617780246688931e-05
7.530031458184513440e+02
5.027158359219043727e-06
7.548500120806239239e-06
9.052073310665139473e-06
1.324652432320940049e-05
1.355006822239257458e-05
7.482360224206188377e+02
5.431056121019187777e-06
7.941661365943671842e-06
8.899562221397788227e-06
9.033378838964765744e-06
1.097452584748291971e-05
6.984295660410908795e+02
7.131129089037782502e-07
2.087515713291823663e-06
4.127734854984048894e-06
7.784352797111352792e-06
9.033378848863275775e-06
5.828526341473857428e+02
7.983590039295730613e-06
1.017498576706686788e-05
2.029629647212242917e-05
2.638217895201235344e-05
4.191430357638198790e-05
1.746429793453545699e+03
9.631230525460221677e-06
1.497636818128468012e-05
1.805815388592673585e-05
1.871224212198571932e-05
2.168718379355937933e-05
6.778372942515098885e+02
2.113411265655972020e-06
2.773015190269841622e-06
1.149932390247865138e-05
1.672871267701011162e-05
1.780380109881294249e-05
5.732753173739766908e+02
9.033378818308420593e-06
1.082179627436727446e-05
1.621686869901652791e-05
1.694141723228569400e-05
2.335722549321805826e-05
6.253464249927720857e+02
4.889067474055436486e-06
8.116568573334377861e-06
1.006001574571926319e-05
1.049564736536670821e-05
2.143344976836214106e-05
6.375405559995951990e+02
1.848874927974722562e-05
1.867485656293704237e-05
2.560151017242314427e-05
2.888431463165463955e-05
7.498176913933207765e-05
3.333263262879692320e+03
3.813931762170537635e-06
3.948635218278300554e-06
9.081718177870898935e-06
3.214583462249275908e-05
3.281489921056520830e-05
5.385278951329423762e+02
7.214697263649874655e-06
1.371306394667374220e-05
1.475180497037961727e-05
2.103193756897511966e-05
2.244075824981199712e-05
3.416728138588403567e+02
5.861381177427928795e-06
1.195003691369598273e-05
1.365492864447528252e-05
1.726871588178096676e-05
1.822593055640408442e-05
4.937128088891614652e+02
3.912322016426816550e-06
5.211326285142053284e-06
6.457149850893848212e-06
7.586346503823170680e-06
1.277512682809810018e-05
5.496929861899053549e+02
4.738449002059675068e-06
1.797900389105274471e-05
3.539728349385371100e-05
4.391303397717658631e-05
7.226703082270857998e-05
3.276499934554044557e+03
4.217428309305470303e-06
5.342318331276564916e-06
7.048095792846173523e-06
1.335106293018515796e-05
4.425433768540510386e-05
1.690488323734547066e+03
1.269060300026692377e-06
5.123690796948997747e-06
8.257287011983645083e-06
7.206680127169189814e-05
7.481982509028891443e-05
1.630160418530249444e+02
2.104413641971925793e-06
3.119778779783393634e-06
3.419498779403074556e-06
1.129410804490086185e-05
1.428302601600233931e-05
5.628895473275382528e+02
3.300821496115984499e-06
3.312157879447878851e-06
5.394041430988881410e-06
6.344578288019712372e-06
7.823135549785671127e-06
5.345933176743905051e+02
7.457928029338492282e-06
8.479039743347797984e-06
1.463388627306278743e-05
2.635717622098362163e-05
4.425433768540510386e-05
2.302238065586397170e+03
1.159301915220971077e-05
1.241569838460609744e-05
1.444037659482996212e-05
1.932736758054086478e-05
5.713210428433775821e-05
2.302238065586551329e+03
4.122148791704715694e-06
8.194782848913081524e-06
1.172342598265678159e-05
7.876258380427827879e-05
8.094800522578235653e-05
8.590257670708693922e+02
5.935531661155326085e-06
9.071145738581630380e-06
1.137038746099736123e-05
1.252835081268976440e-05
1.493852897683492320e-05
5.451739665450288612e+02
2.182951175013749591e-06
5.241688856117483847e-06
7.955415241289921389e-06
8.125087148356400021e-06
9.033378817020796682e-06
4.900916444751435961e+02
2.118136102633458992e-05
2.322931536674583425e-05
2.481908977489752507e-05
3.856532372136440613e-05
6.875697774648683257e-05
3.198903731825870182e+03
7.303338426987910908e-06
1.428302604610381672e-05
1.448827328456448893e-05
1.453683604455096802e-05
1.869800906722584474e-05
5.289525739310439576e+02
6.942547200734392104e-06
7.846362931790874936e-06
1.013944730300346016e-05
1.784166646326917585e-05
1.792557498032116973e-05
5.167083974393203789e+02
7.691602256758854175e-06
8.398530075097068360e-06
8.656665010313841353e-06
9.185715329026970387e-06
1.151534372870176247e-05
5.329355603240387609e+02
2.463681737669517655e-06
5.291325868955065098e-06
6.471637632725659200e-06
6.906425862314564811e-06
1.165096129348569887e-05
5.371975667372119005e+02
3.060478271634596470e-06
4.353158271886909590e-06
4.699346049047110825e-06
7.436659926256010617e-06
5.110050755095447338e-05
1.760888783566317215e+03
6.017413676353366299e-06
9.310469048382596740e-06
1.637606422246552489e-05
1.955764640483189894e-05
2.219056266288106934e-05
2.989456481950377338e+02
5.123711052294834835e-06
9.956249962836141203e-06
1.079753598496478709e-05
1.587130425970879831e-05
1.856952595535129767e-05
4.447081420312962337e+02
6.247582838034894279e-06
8.476705991212879612e-06
9.691889793615657471e-06
1.438580172187395607e-05
1.468961912265964009e-05
5.072120893520873892e+02
6.444089331710334750e-06
8.082247216382620512e-06
8.538135458748224142e-06
1.166007925051660738e-05
1.523455133580546732e-05
5.511209374206307530e+02
2.587171930518942370e-05
2.895208740146427707e-05
4.204198716098512980e-05
4.873271474236287023e-05
5.216410413439281067e-05
2.939023958196054082e+03
1.031168202448218526e-06
2.585706795265917369e-06
1.564627113713466493e-05
1.987958845255189134e-05
2.092577022526420771e-05
5.456674341033558449e+02
6.038431133193129475e-07
9.596957623610918162e-07
5.531792210675637982e-06
1.062761517422788648e-05
1.233707984670007862e-05
2.194227565048501845e+02
1.452106423237772676e-06
1.456932701428699588e-06
2.300192611584472216e-06
3.185045675908902886e-05
3.200153618252618142e-05
1.211730481677578979e+02
1.808318098755425611e-06
3.227297106086095272e-06
4.132708602840923210e-06
4.999290765076542129e-06
5.298184063211086375e-06
2.901796498337457137e+02
1.323962864381033363e-05
1.608980534249929351e-05
8.850867537081020771e-05
1.768279126195660788e-04
1.780548855546967922e-04
3.060102726844530480e+03
7.009780293175150933e-06
1.486963199769370371e-05
2.153521355152667810e-05
2.926993549017056163e-05
3.613351541135428999e-05
1.451356237270855445e+03
4.085495598160038314e-07
2.797638342426499800e-06
1.009962459072805816e-05
3.073868331896159074e-05
3.124971003581827287e-05
3.787483693837425562e+02
2.458908411554601168e-06
3.539293539660218669e-06
5.201368287421474834e-06
6.217330679453053964e-06
7.490082041903379324e-06
2.453547325356752538e+02
1.834653981104612615e-06
3.030571497710165224e-06
3.996428128435374874e-06
5.069740936200404800e-06
5.531792196717771679e-06
2.915748387820379435e+02
6.754361416582199501e-06
1.181391430453350358e-05
1.795841674381457056e-05
2.163105336388764966e-05
4.425433768540510386e-05
1.943228277947818697e+03
3.427937894697722492e-06
7.861230207775742632e-06
1.017809662580674800e-05
1.262856861851017046e-05
5.110050755095447338e-05
1.943228277948531058e+03
4.258007546123797771e-07
5.265104903396506811e-07
8.961785015678096318e-07
1.629262783238508387e-06
2.019924918145611631e-05
7.091995637940807455e+02
3.109905530015877650e-06
3.699956222757357522e-06
5.651818188337204822e-06
5.975018463763105667e-06
7.373633192579642570e-06
2.353024181277846765e+02
6.272324164379051958e-07
3.156038083225805131e-06
4.161413351568186655e-06
4.655262814489352242e-06
6.199949816608608420e-06
2.771594220411541869e+02
1.603587305905240239e-05
2.450345122379919241e-05
5.865217442393672682e-05
6.159311162919676281e-05
7.226703082270857998e-05
2.815280923735443594e+03
1.598822620022753152e-06
1.697986808940671475e-06
4.516689426419286249e-06
6.114423626562401804e-05
6.128268458236692327e-05
1.600474370326671476e+02
1.623916981576875077e-06
3.995323405844423856e-06
5.738243545828004622e-06
6.190878360930261292e-06
7.043653101467923894e-06
2.337435725558453328e+02
1.596890854380833400e-06
3.857789217755224630e-06
5.163194216839025257e-06
7.025340345855036160e-06
7.411063668434845534e-06
2.700506941155627487e+02
1.402444388657432231e-06
2.161597181263028319e-06
2.362468039637212336e-06
3.473316610312606575e-06
4.790672580516350217e-06
2.918581814398179404e+02
5.914312566273984998e-06
8.468435362930162716e-06
1.270027760118140877e-05
2.148217296928107476e-05
2.958347948509775923e-05
1.392646691087029922e+03
1.731920056154208282e-06
2.092761162622538339e-06
4.114042861140561161e-06
6.270046775193468484e-05
6.276538853377379792e-05
2.505582467903076918e+02
1.075131206756930453e-06
1.862170349852022236e-06
3.010549158685868873e-06
5.182158232057166989e-05
5.196103648573180715e-05
9.802868398105323422e+01
2.379747946593260948e-06
2.463977919093883107e-06
3.848087789798899575e-06
6.387563423440922610e-06
7.401920829745683211e-06
1.883015526913913220e+02
5.326584021100237366e-07
3.193781711577801475e-06
4.107363188103687558e-06
4.447156788109447577e-06
4.554478337525942086e-06
2.866059989783343553e+02
1.045154023591105017e-05
1.192132630524707583e-05
1.846327468616972060e-05
1.943740674129276023e-05
6.258508454853865973e-05
3.351067021388473222e+03
2.973891802083597210e-06
4.107746292367638844e-06
9.363410667977520752e-06
3.357352524592174006e-05
5.410212476717243525e-05
1.300545682527003635e+02
1.498803951099465795e-06
1.130874912608033043e-05
1.575422339058370587e-05
1.733095081658089017e-05
2.069807112819684237e-05
5.836201530166077873e+02
4.924625513551246443e-06
5.201889880382208202e-06
8.234898268474169671e-06
8.793692708604571877e-06
2.010312019296704676e-05
6.275682796626067557e+02
3.244258590656296727e-06
6.858192727515257152e-06
7.977860488785077695e-06
1.018921831721879714e-05
1.304858849120581690e-05
6.441315106505974200e+02
1.126243867613784281e-05
2.091470768913974190e-05
2.212930690045113576e-05
2.712755201900380383e-05
9.560029577296318875e-05
3.326525776428067275e+03
1.007779027088199503e-05
1.756208012217732768e-05
3.613351541135428999e-05
5.282876455471126516e-05
5.507968909891508840e-05
1.859736366266421555e+03
2.226588213033133293e-06
6.422835561141559829e-06
8.859408962212008475e-06
1.148533877855659024e-05
1.467423659374198404e-05
5.043630950178798003e+02
3.665145046830038498e-06
5.979102376734223618e-06
6.741632028905478745e-06
1.334527206802824246e-05
1.438289463117080978e-05
6.736677706944318516e+02
2.085552181047818035e-06
3.951985613935806905e-06
4.473137014603851706e-06
9.857969287375817054e-06
1.628515528044700294e-05
6.188431320379095268e+02
5.041016643819652624e-06
7.569636402742498106e-06
1.273239263950362412e-05
1.901276064427166322e-05
6.759961742450190723e-05
2.328437176811458812e+03
3.628994081643629764e-06
3.841840139721653672e-06
1.409224262420811851e-05
2.476866989366316885e-05
5.713210428433775821e-05
2.354675323942562500e+03
8.642941846787931482e-06
9.840930830081149472e-06
1.564627113713466493e-05
1.853330589193121400e-05
3.425548709294805799e-05
7.031046776133324556e+02
4.835857308798507569e-06
9.033378813050942994e-06
9.315593157693299712e-06
1.272677049450109344e-05
1.610349286172077708e-05
6.747917336661475929e+02
2.638412371307772066e-06
4.553092057829319754e-06
6.176216830881042704e-06
6.842845608888558105e-06
1.507555866939228978e-05
5.906319077159023436e+02
1.867987766686588256e-05
2.055539954883881695e-05
2.605722797503841855e-05
2.615111159268374355e-05
8.850867537081020771e-05
3.391233186769925851e+03
5.859744877213245669e-06
6.387563427516814659e-06
7.761170878880300949e-06
2.386203793402115480e-05
2.560005282989347047e-05
6.679381451911896193e+02
1.391694453103257389e-06
3.085197944177372800e-06
6.673723303128740204e-06
1.645887715104955216e-05
1.897704560950122700e-05
6.651895379365706731e+02
2.576089357932466415e-06
3.596350590669864686e-06
7.170336177641275123e-06
7.873933110506758793e-06
1.490934987040589182e-05
5.171809448253778783e+02
6.618854433977525618e-06
6.813464675487045577e-06
7.820656919118729918e-06
9.342514731890589168e-06
1.084957688627092314e-05
6.152422629942211643e+02
5.882230846372429868e-06
9.468487819260939538e-06
2.793291570211929722e-05
3.414752695653002363e-05
4.425433768540510386e-05
1.841315779975756641e+03
7.051009241538988960e-06
9.093688298338927075e-06
1.555893273951078340e-05
1.843366038530227385e-05
1.955069723277807513e-05
5.604010724375079917e+02
4.431263502865353622e-06
4.736775612773690223e-06
1.678696459201668554e-05
1.862278747094184335e-05
2.068338861328938386e-05
5.927380591989284540e+02
3.590213486651505508e-06
9.622181464817648167e-06
1.419196042587143992e-05
1.893487448879575396e-05
2.115191085325858917e-05
6.385096680500944331e+02
5.934854054027639649e-06
1.119134751451516723e-05
1.247832788967550568e-05
1.438447597061898199e-05
2.116963550632636220e-05
6.430131918013004224e+02
4.603615267345956064e-06
6.889014427210577846e-06
9.560029577296318875e-05
1.652871389720418193e-04
1.680706405951271640e-04
3.023290526266228881e+03
3.911567795785147153e-06
5.003551312227690326e-06
8.529141639539092594e-06
1.752289457323318402e-05
3.380593620129031853e-05
8.811903161985833322e+02
3.322127719484991790e-06
7.465495030975862322e-06
1.409422933823400386e-05
2.112720502346501181e-05
3.069316113971454012e-05
9.402069464562064240e+02
3.502366013239763241e-06
5.049812276672809682e-06
6.175651184410173125e-06
2.127426131855860239e-05
3.132772923106709917e-05
9.467452093264141695e+02
3.042424054692230149e-06
6.555641688782052808e-06
8.601800472680313546e-06
9.568063985421271028e-06
1.147838380770692046e-05
8.742257864113198593e+02
2.628645097064985346e-06
4.166637279334524938e-06
1.265686750142796727e-05
2.515723627691722421e-05
8.850867537081020771e-05
2.893364545816176815e+03
1.046364192543144683e-05
1.167986747681132706e-05
3.129254227426932986e-05
5.940798208402962757e-05
6.729498326515509770e-05
9.997293660982405754e+02
5.401404757946493956e-06
7.096858014797170796e-06
1.428302605584864956e-05
3.614360861877938675e-05
3.662839598733475568e-05
9.701743885774931186e+02
2.050937405097782096e-06
4.519360423304067454e-06
9.554585911997549218e-06
1.643521054115599955e-05
3.000012374314115504e-05
9.664787148464830580e+02
1.003484218261302820e-06
2.298183567313839761e-06
4.516689426327297623e-06
1.237067341720537798e-05
1.439404169136954554e-05
8.110531923893878457e+02
5.638360480953350709e-06
6.047293851139947983e-06
4.780014788648159437e-05
1.781730828139354000e-04
1.841074644334334475e-04
1.434793338872897948e+03
5.355842073987552408e-06
6.606327072793862694e-06
3.613351541135428999e-05
2.411866895563101411e-04
2.418785111234581777e-04
1.452592100663667225e+03
5.591924349139040360e-06
1.596890854877576423e-05
2.019793269662396789e-05
3.284863483184970097e-05
4.110382400068937305e-05
6.752222353729815723e+02
2.164278246965037175e-06
3.033088455718130591e-06
8.419799590068430777e-06
2.473679623383986985e-05
3.277591563192545416e-05
9.704295696322436697e+02
8.999901895779587950e-07
1.907082983371506238e-06
4.461087406472074966e-06
5.706529140412095667e-06
7.490082030803520770e-06
7.720359400182352374e+02
1.943555513678392284e-06
5.919432712796652802e-06
1.625574128425369262e-05
2.998828713011100303e-05
8.850867537081020771e-05
2.958737495455595763e+03
3.964076093309587445e-06
1.210153250832240177e-05
1.420681111158813504e-05
1.834342458231941360e-05
3.886572300287109526e-05
1.011404212842835364e+03
1.386476979885151771e-06
2.390524425711036096e-06
3.070202157612415772e-06
1.059257563280430578e-05
1.456019709294986019e-05
9.728132217331008178e+02
9.275990888429225032e-07
2.375619638748102090e-06
1.085676143624610399e-05
3.544606021838228848e-05
4.102901734911403757e-05
9.224867426138307565e+02
2.218436388164757310e-06
7.141513008077319611e-06
8.038225494025092412e-06
1.048392203927722257e-05
1.057638495988068752e-05
8.184604597418009462e+02
3.586191979399515251e-06
5.551797415357737996e-06
1.464291659745920958e-05
2.822527871724027823e-05
2.856605214216887911e-05
9.752209610261858188e+02
6.483346162153252603e-06
1.335040720426273987e-05
1.514096125775566427e-05
2.368834599129018113e-05
4.327617212032651981e-05
8.649435373324307648e+02
4.167972865528069015e-06
7.327215928250654930e-06
1.355006824809663470e-05
3.031372844400789205e-05
3.124107181720539567e-05
8.631851064646402847e+02
7.680754090764105370e-06
7.732171957988944930e-06
1.392137176977596752e-05
2.862528741411000973e-05
3.806847781990330213e-05
9.185356514124727028e+02
4.729151000742372385e-06
8.062405719581769523e-06
9.154788532320101702e-06
1.222711063850049573e-05
1.835692699807439687e-05
8.859012403639953845e+02
1.092115245452161365e-04
2.050893674180111236e-04
2.208958572651471125e-04
3.032593459188488542e-04
4.619332063840135951e-04
5.091362914087637498e-04
3.443485886718527809e+02
4.504564878314939051e+03
1.260360578951601747e+04
4.383005003847716510e-05
4.676246297857973995e-05
5.161204934132428656e-05
6.328454641242740235e-05
8.035768378052501621e-05
1.077176409249403708e-04
9.517914446967826052e+02
2.661989733134639209e+03
3.669806866998193073e+03
1.100277642583712209e-05
1.153572126813888546e-05
1.644913009631447336e-05
4.988647919164056741e-05
6.524373507511089989e-05
7.173863956589018062e-05
1.444031749588300499e+03
1.804690806448061039e+03
3.599686489505947975e+03
9.739186234870204914e-06
1.788219954567296346e-05
2.269841207893962402e-05
4.746764821637932058e-05
8.000596372051843065e-05
1.153957941429163871e-04
1.346716112825447453e+03
1.898340137026909588e+03
3.643281313903508362e+03
1.194319340079342157e-04
1.197639260359100480e-04
1.760455926517611076e-04
2.949387204084194568e-04
3.868101033776424565e-04
5.251940907129274989e-04
2.587011030190460019e+02
4.356451549765746677e+03
1.225544387747259680e+04
1.572972862386736481e-05
3.134310459197170863e-05
4.577109599601536928e-05
4.616340735787133722e-05
5.284880662881961228e-05
2.746670938857269156e-04
8.758311303578345814e+02
3.712564422110642226e+03
5.969738534004078247e+03
3.340989019467636246e-06
1.604711692790262981e-05
2.217039284046978546e-05
2.471919557591626280e-05
2.930826346273324938e-05
4.956137432780798990e-05
1.546110482648403831e+03
2.024508739357675495e+03
3.606417936520138937e+03
8.690155494129843324e-06
2.132786291205093771e-05
2.314749710104379356e-05
3.513319376408685136e-05
4.355210631376307638e-05
5.647765033271235930e-05
9.933305052530063222e+02
1.373230612477589375e+03
3.667858580306746717e+03
6.563853404597997548e-05
1.386398814792884587e-04
1.539092292444642113e-04
1.739002924418727456e-04
2.126874235603461985e-04
3.761456539727390104e-04
1.309221069453431028e+03
8.663137246044680069e+03
1.016542174168436031e+04
4.383059582729770953e-05
5.275535955764204115e-05
1.215142097459417139e-04
2.168490259129647233e-04
2.364521430384328561e-04
2.395847226306743630e-04
6.818026858488884727e+02
7.223903605689302822e+03
1.024746309998079232e+04
2.456298980736951315e-05
3.013237206636442132e-05
3.989484163661812682e-05
4.210852580746711688e-05
5.277140537955147376e-05
1.411163488040715860e-04
9.211428646925230623e+02
3.403165970704772917e+03
3.693412220826719476e+03
1.593937892610373551e-05
2.523147798130206997e-05
2.646001025582771929e-05
2.898577190465849622e-05
3.377796245211775765e-05
7.331798612430401633e-05
9.635004712999638059e+02
1.093176329858141116e+03
3.618436748224704843e+03
1.502166130443034721e-04
1.607111232470509520e-04
1.851169193653942331e-04
2.652492539229541228e-04
3.243627628137688793e-04
5.058262668927086900e-04
3.767004175031963200e+02
4.277651597074869642e+03
1.302662936054639613e+04
3.470376133592414399e-06
1.693407651315584139e-05
2.015080417133428519e-05
3.341718474713217254e-05
8.045498428414516855e-05
1.498535718769677949e-04
1.317362865183185932e+03
1.956987338998170117e+03
3.687559704501830765e+03
1.231979773734716993e-05
1.978495523273257986e-05
3.542073469755000002e-05
4.904996825538012742e-05
5.702435412694850382e-05
7.366077753577180700e-05
8.766079301851289074e+02
1.269022699453185169e+03
3.621148936458277149e+03
8.222794152132777742e-06
2.058061100265408714e-05
2.437693935768192575e-05
3.119693081470657330e-05
4.098365756537323618e-05
5.540990217127851700e-05
1.041204670660294823e+03
1.071676144236775826e+03
3.618475275914721351e+03
1.517216474180762990e-05
3.006884948996156308e-05
3.576862391623626203e-05
6.203991405887385885e-05
8.091523163102628342e-05
8.437116635492753673e-05
1.694045828803228687e+03
3.428096090434407870e+03
3.757176228662211543e+03
3.744239433544019911e-06
1.692071173505786035e-05
2.249342460572885223e-05
2.711291041471444597e-05
3.290544843583197664e-05
3.589310076370291346e-05
1.463134210143564815e+03
1.848280640097025980e+03
3.625711249425368806e+03
4.272171528863386185e-06
2.517278743924652773e-05
3.006508550168208701e-05
3.012084324501737746e-05
6.749751042608633379e-05
9.466128403035004165e-05
1.386207354617599549e+03
1.753046373773635196e+03
3.660872562050516535e+03
2.349358968612691423e-05
2.417940232248860742e-05
3.078539938390497342e-05
3.265524333254588349e-05
3.701764830204089767e-05
4.865275300724679466e-05
1.110274473369849147e+03
1.216550946321192441e+03
3.589104022347291448e+03
8.303875183096297839e-05
1.000272225548783854e-04
1.439278023031325868e-04
1.909209969359219666e-04
2.878518438502830992e-04
3.116360490351577795e-04
3.454285773213957782e+03
3.484311803460905139e+03
3.568783737275237399e+03
4.386293395169937867e+03
7.150707464207735029e+03
9.818157585166667559e+03
4.927375133830198950e-06
1.840474531867127404e-05
2.106680417535964939e-05
3.227840801435866641e-05
3.350634259289508686e-05
3.756172837952496350e-05
1.176802184537370067e+03
1.590054691434476126e+03
1.664843847233984889e+03
2.733676833417147009e+03
3.432183508027240805e+03
3.458583749892646665e+03
2.390890656792839524e-05
2.898243856963688677e-05
3.708359583643100666e-05
3.914061274093814252e-05
4.563181954923433461e-05
5.072522623484546615e-05
8.882691441578749618e+02
1.476413757839536174e+03
1.532072134000344477e+03
1.613823243299910018e+03
3.408192864266389734e+03
3.425118063757335676e+03
9.229982641860722442e-06
9.267292830518510178e-06
3.439547042367854579e-05
4.638458546483855110e-05
4.817780723849686186e-05
6.276600368538316364e-05
1.136675101449362728e+03
1.228506434645718628e+03
1.374331157363958255e+03
1.544494785353485440e+03
3.412604613134335978e+03
3.423716304936373490e+03
5.448602326237896135e-05
8.023285321948859183e-05
1.213226149450665495e-04
1.540952443961613567e-04
2.235278744880945438e-04
2.620264137736014838e-04
3.114661099660453146e+03
3.465629197180806841e+03
3.852178045920443310e+03
3.914058577398069701e+03
6.666286560885716426e+03
9.951672923047477525e+03
1.857978597862095915e-05
5.893425653610042921e-05
6.398268400089432049e-05
7.523955983360070378e-05
7.603458790752693906e-05
8.532330432942636085e-05
1.254322622587611022e+03
1.450694087221990912e+03
1.758541130391425213e+03
3.455904926376822459e+03
3.516928005712941285e+03
7.514194617752884369e+03
4.935414748730781836e-06
1.970693785155356264e-05
2.781164130336834524e-05
2.918834981989803715e-05
3.259003172006863378e-05
3.713795444772534951e-05
1.164979704628354511e+03
1.557983858048086176e+03
1.608482251555120911e+03
1.876211078728857501e+03
3.417203243886083783e+03
3.455844060484140755e+03
1.490049650440119284e-05
1.596441823669357394e-05
1.611554385573341837e-05
1.624316655361541929e-05
2.550376927783955610e-05
2.688668613220309954e-05
6.156726320540078632e+02
1.189709777133185298e+03
1.396576749709538262e+03
1.517761312124378719e+03
3.408969869375229337e+03
3.443419699948795369e+03
5.783108169468235282e-05
1.765303782715553201e-04
3.108419417965645236e-04
3.295229485703549208e-04
4.037197461350471137e-04
4.179086302481538340e-04
1.416986768317231281e+03
2.654134956194866390e+03
3.380059705786467475e+03
4.900054170640711163e+03
7.009827474421615079e+03
7.317623277904142014e+03
8.978258662928650425e-05
9.284847131581741803e-05
9.760278863817766230e-05
1.214893970443453472e-04
1.223273483178517577e-04
1.570335023506736990e-04
1.945089847396769983e+03
2.294720700236958237e+03
2.684140553289101263e+03
5.187806041850135443e+03
6.254365616646783565e+03
1.066350088223633793e+04
1.528156802477930715e-05
2.489664025501239867e-05
3.135530727710303427e-05
5.320327435259278022e-05
7.722120227980385344e-05
8.006658949057747477e-05
9.746622013317039546e+02
1.605120057386013741e+03
1.918221455570461330e+03
3.050550554188273509e+03
3.336482047409383995e+03
3.412222239171906494e+03
1.530119006047314591e-05
2.106102416354136344e-05
2.320193369835951784e-05
3.189343822936132217e-05
3.395158445741758995e-05
4.358413470258741724e-05
9.450480987964118640e+02
9.771229902575644246e+02
1.008184507437478260e+03
1.429538318303269762e+03
3.399236429870488791e+03
3.447332901475670496e+03
6.076577143279504958e-05
6.605755468567477346e-05
8.200475727780966986e-05
1.781929053714305540e-04
1.833251540476330725e-04
1.971110459348292406e-04
1.027739745399622279e+03
3.389463593488508195e+03
3.490216814375170088e+03
3.586435359027544109e+03
4.047063560435292402e+03
9.466479841249607489e+03
5.390333504270324073e-06
5.667274136585792024e-06
8.491665045402288652e-06
1.218946026556625349e-05
1.679976155823425645e-05
4.665365713787157241e-05
6.071695786677390743e+02
1.170222692253800460e+03
1.356660917921649116e+03
1.513451627033416571e+03
3.409976422894484131e+03
3.437826291716403830e+03
9.013984841283678929e-06
2.875089653981336733e-05
3.467580551233614310e-05
4.873787651547080478e-05
4.902275448445279140e-05
6.061861258046987165e-05
9.760211663090095726e+02
1.211410261059829736e+03
1.239876603221489631e+03
1.566196829647645473e+03
3.409004270138731954e+03
3.419647492338742722e+03
1.569290672969360169e-05
2.131228393713461612e-05
2.211593482104619578e-05
2.362021331510947704e-05
3.040646611164012626e-05
3.071463770819732206e-05
9.839531029040927024e+02
9.992895189149219277e+02
1.050298626672638875e+03
1.438207529868705706e+03
3.398150882148205710e+03
3.445103789574895472e+03
4.677679008374698785e-06
2.261686854757009952e-05
2.399996592056867655e-05
7.346066009511956056e-05
8.081991791707954470e-05
8.844675749079562027e-05
9.157695041374154243e+02
1.337854824443729058e+03
1.651605350443390307e+03
3.008555418709754576e+03
3.417510684285831758e+03
3.626180174560945488e+03
1.783004008432488764e-05
2.001495919313264822e-05
2.520476259460583874e-05
3.068356590670675351e-05
3.728266737138996888e-05
4.546239265096964658e-05
9.912779592712518024e+02
1.487166742111046915e+03
1.525302434482710169e+03
1.550586456096018082e+03
3.416285085159858681e+03
3.453602344387844369e+03
1.218015322594720298e-05
2.066761318068155413e-05
2.641997302062162759e-05
3.052980911936149593e-05
4.644616337102385785e-05
5.184532092058868311e-05
9.800254569342085915e+02
1.136114322329868173e+03
1.484888742180178951e+03
1.518966701596165876e+03
3.405845851385541209e+03
3.427125748907247726e+03
1.518213840016525130e-05
1.887288372380535099e-05
2.064974365025304558e-05
2.224306087516893327e-05
2.372356378916282599e-05
3.068022584477096253e-05
7.525213524997781178e+02
1.022991949077087156e+03
1.188390444518187905e+03
1.409546363846656732e+03
3.428091974008991656e+03
3.597616216642524705e+03
