1.609468420711335938e+14
5.801481818930199219e+13
4.533861230156136719e+13
2.377582798783471484e+13
6.895652701059420312e+13
1.361250490724020703e+13
2.136763814816214062e+13
1.865241901173726562e+13
1.629598693804393750e+13
6.065314214422648438e+13
2.029331586620047656e+13
1.690603638642661719e+13
4.835575280616208594e+13
2.595711647515446875e+13
1.819502725890970703e+13
8.734924984643270508e+12
8.389112173974264648e+12
1.008142170120601562e+13
2.017386348504432812e+13
2.876767910748730078e+13
2.956957082196735156e+13
2.835328487352918359e+13
2.683266435822790234e+13
2.329769805898639453e+13
7.296832844263840000e+14
3.450512651886409375e+14
2.579308909701640000e+14
1.721728263100490625e+14
4.140076526064811875e+14
3.387715753444618750e+14
3.346815334182136875e+14
3.409865077931857500e+14
1.684486210612245000e+14
4.639238366786739844e+13
2.931218829167336719e+13
2.270736953986036328e+13
1.638081333279546289e+13
5.645899218019362500e+13
3.984781167360750781e+13
9.523641223217193359e+12
6.677633438038599609e+12
1.647485450511994531e+13
4.605392536355762695e+12
7.204232122112621094e+12
8.504919305433292969e+12
8.351663528306445312e+12
1.084259986620903750e+14
1.122058247288287109e+13
3.524986966939179199e+12
1.503588011542075586e+13
1.960422535982691016e+13
1.780444825873150000e+13
2.030799348583448047e+13
3.043840211043607031e+13
3.013206442613358984e+13
2.311756389278823047e+13
7.251236457610696250e+14
5.227676923146599375e+14
2.604177584861911875e+14
1.748060074423429375e+14
1.698999028121555625e+14
3.716933902424536250e+14
3.433513301484643750e+14
3.434770104451805000e+14
3.486358822578051250e+14
1.167162217408551875e+14
2.416098057554765234e+13
1.393182692299091562e+14
1.005336809003322500e+14
1.727420690289163477e+13
1.882563900300368359e+13
1.699125371429318164e+13
1.669259461522280664e+13
4.347787777122753125e+13
1.026541693480679102e+13
1.675236867913592578e+13
1.589195909501042188e+13
1.027789642829276562e+14
6.587888175982267188e+13
6.341281742291129883e+12
8.076224148080785156e+12
7.650199747128781250e+13
1.305016026827581055e+13
1.176489396924450586e+13
1.747569776287669141e+13
9.704550007414796875e+13
7.321032500497367188e+13
1.436864180198521094e+13
2.334310624512310547e+13
7.144906261362517500e+14
4.199263316915530625e+14
1.939226629720564375e+14
1.922816904045300312e+14
8.034193167456180000e+14
4.125876346986425625e+14
3.390600700173181250e+14
1.384969903630790469e+14
2.245408945714917188e+13
1.758200910510720312e+13
1.636196708563200781e+13
8.807931238605573438e+13
7.247203029601935938e+13
3.012252227536638672e+13
1.839330972373108984e+13
3.659956666340897949e+12
1.522117423939874414e+13
1.630765236368427734e+13
8.673636430733467188e+13
1.502458177297584375e+13
8.730560195344726562e+12
1.234973889159932812e+13
1.983323433994850000e+13
1.968479129989486719e+13
1.929629011515834375e+13
5.521947991623110938e+13
1.892559189664800781e+13
2.992362140210212891e+13
2.628135023180488672e+13
2.513612913214074609e+13
6.674060255239135000e+14
1.978628520460104375e+14
1.970340539386986250e+14
1.647976927348760625e+14
1.685605897742109688e+14
4.878634759733581250e+14
4.128547122679084375e+14
3.447559123906235000e+14
3.416740703789495000e+14
1.691233884986756875e+14
1.626330934328868164e+13
1.951128744372648438e+13
2.243486787634251953e+13
1.589602986050412500e+13
9.614121617645445312e+13
4.229983787956328125e+13
1.259217873629586328e+13
1.688422004415156641e+13
1.585575817024981836e+13
8.997276248235992188e+13
3.177461413812364062e+13
2.389804765141759766e+12
7.368597402880454688e+13
1.108131020069590234e+13
1.914804153851656250e+13
1.832990644247300000e+13
1.054041265374951562e+14
3.070667892475401953e+13
2.641351457609714844e+13
2.333380917252705078e+13
6.388823202288866250e+14
3.140250810563220625e+14
1.717174981915889375e+14
1.705860963919325312e+14
8.138959519519527500e+14
4.703580179024320000e+14
4.220567954559465000e+14
4.147315015699641250e+14
4.009090592667446250e+14
3.469206206474976875e+14
3.386536617030324375e+14
