4.232763900713234761e+03
1.332317359845353394e+03
9.833052349487102219e+02
9.630525436040528575e+02
2.093089614707212149e+03
5.496322717328059753e+02
5.295531740359505193e+02
4.701973494856468960e+02
4.161533895682397883e+02
1.750306143561719864e+03
6.466277555354348578e+02
4.374925771069864595e+02
1.300519243295550723e+03
6.869908111077060084e+02
5.167020196117717887e+02
2.201697551618625823e+02
2.136775889634354257e+02
4.256392727635897586e+02
4.851925554359702915e+02
6.674221739720759388e+02
7.434424077545892260e+02
7.478112205530492247e+02
7.146159277743919347e+02
6.251286886119303290e+02
1.464444966281367670e+04
6.163053542881887552e+03
4.305859566492007616e+03
4.940043321416887011e+03
3.518864832953961923e+03
1.354972646962124827e+03
3.034748127856365045e+03
2.806774284954240102e+03
1.271957195623645703e+03
3.060489844128501318e+03
1.250450004740692975e+03
8.835769315632719554e+02
3.224501077989042642e+03
3.090755505274698862e+03
1.903143534803731654e+03
1.560548750579265516e+03
1.413100152043969274e+03
1.155130748678772306e+03
3.134629289231150779e+03
3.011228853571246873e+03
1.658106863577241484e+03
1.461734217001691832e+03
1.104728491725967160e+03
9.846464448027502385e+02
3.137208560501503143e+03
3.077081154158978279e+03
1.764119997787657212e+03
1.340612465192329864e+03
1.112694851402913855e+03
5.945438977048082734e+02
3.170738735552788967e+03
3.121898297914214254e+03
1.735737521376326413e+03
1.082676363772268132e+03
8.086813764375422124e+02
6.187274666822855806e+02
4.193215710576468155e+03
2.150679183034355049e+02
9.287715781811356237e+02
5.687172815057070920e+02
4.187515172917634345e+02
1.629856329587704522e+03
1.226913678276534711e+03
3.609999403919027259e+02
5.809968441788938520e+01
4.548250870252808795e+02
1.257956466042915054e+02
1.960115110765792963e+02
2.325212040924018027e+02
2.208913018470878455e+02
3.016722491831352727e+03
1.915167544114456177e+02
1.971274156243883624e+02
3.936059285400260706e+02
4.964292904437053835e+02
4.596613739370581584e+02
7.639448285648546744e+02
6.670342019334462975e+02
7.700612158921010177e+02
6.213155932059515862e+02
1.573913019256369626e+04
3.770695748832194113e+03
3.730274952097886398e+03
5.249770575918642862e+03
3.722628486935676392e+03
1.356668955525426327e+03
3.014876963511023860e+03
2.700404865051442812e+03
1.162249044455157673e+03
3.305524081982617190e+03
1.436598295948846953e+03
6.459413822626398769e+02
3.064578258113223455e+03
1.177939366957229595e+03
7.903230164731634204e+02
3.251964236723446447e+03
3.124815936408260768e+03
1.737042403034308563e+03
1.453496401163371729e+03
1.318555932566559250e+03
1.231922399479299884e+03
3.196104896319421186e+03
3.095439982384379618e+03
1.755140709360983237e+03
1.098011459805210734e+03
8.350221777306799140e+02
7.277821067737612566e+02
3.192338643573325044e+03
3.084295287461502085e+03
1.756751645759402209e+03
1.037359193631574044e+03
7.466027544337313202e+02
6.948020149224488478e+02
7.553596200218261401e+03
3.076812783739638235e+03
1.590915957288248364e+03
2.608036237476829228e+03
2.436126691737904366e+03
3.507075657257711327e+02
3.907166861900504387e+02
4.235794228910677361e+02
3.759425947565828778e+02
1.257623878104213190e+03
2.323599874090510298e+02
4.356325909529808769e+02
4.103681170599627421e+02
2.904686304213950280e+03
1.691398162097613522e+03
2.065110300766627347e+02
2.411215720940993776e+02
2.115503574424102226e+03
5.445598617548928360e+02
3.378656544421448871e+02
4.460629411097447701e+02
2.670638077297901418e+03
2.059726430203207656e+03
2.137489862754971455e+02
6.162177220174098693e+02
1.532628256029290969e+04
5.551870454905908446e+03
4.205647026303047824e+03
9.226195274634203088e+03
2.985360740613349662e+03
1.671809689119391123e+03
2.978914287147704272e+03
1.555130776076819984e+03
8.062254644185693451e+02
3.022368112592125726e+03
1.481383842717262269e+03
8.099159015225084204e+02
1.075822014596055669e+04
7.120553451821595445e+03
3.417561795485320545e+03
2.878403455588789257e+03
2.133576802363272691e+03
1.275958986587701020e+03
3.246881065813039640e+03
3.119159867763780312e+03
1.927877249616439713e+03
1.561356737651562298e+03
1.415354499090269883e+03
1.261361829608334119e+03
3.203059589145199425e+03
3.088042975267123438e+03
1.753033051088471439e+03
1.089464337535468530e+03
8.131927353550692033e+02
7.266901191456092874e+02
2.849235030297884805e+03
5.723812464784033409e+02
4.433054910708953571e+02
4.037685903783638537e+02
2.457953892429772168e+03
1.980759041900267903e+03
8.614589119205973020e+02
5.658633641189691161e+02
1.721264106720783786e+02
3.005943831331223919e+02
4.304508156382817674e+02
2.552608077854543353e+03
4.569682401431884955e+02
2.253737970070051517e+02
2.621259918546647327e+02
4.617091462411896146e+02
4.146577887678668048e+02
4.574200167411888174e+02
1.553229051522110240e+03
3.264179393896388888e+02
7.763332786974316377e+02
6.991993981661682938e+02
6.382160568768890698e+02
1.537251339650758746e+04
3.794215026291740742e+03
2.951093116824625668e+03
2.857267169848758385e+03
1.479301668118269617e+03
9.142231501813076875e+02
3.027571394014234102e+03
1.506879402469714933e+03
8.778096660349413014e+02
2.977348570136452054e+03
1.262134971534304213e+03
8.242177231675647135e+02
3.013258360920355244e+03
1.131095211427021923e+03
8.347684527387673370e+02
4.373274628613157802e+03
3.345287561665557860e+03
2.948571765047420740e+03
2.413971107601225867e+03
1.296114424800400002e+03
1.158735897022971812e+03
3.266051444563642235e+03
3.138297204304639308e+03
1.965626071528160765e+03
1.554094926002452894e+03
1.519045175984000934e+03
1.341895199991688742e+03
3.179540716115498981e+03
3.095771040076092049e+03
1.768062831470206220e+03
1.321283084340287132e+03
1.110770089479631679e+03
6.496881545631613335e+02
3.199501401466483912e+03
3.099521894369187521e+03
1.747062285719914144e+03
1.139525262165015647e+03
9.022001452316087580e+02
7.359146335734081958e+02
4.078024428224964140e+03
9.033889102660200479e+02
4.426921452586236683e+02
4.977176380483153935e+02
3.920374945245057461e+02
2.644248134771950845e+03
1.241783176588758351e+03
3.826777449641641624e+02
4.308119762469491434e+02
3.950520038223460801e+02
2.419167197442189718e+03
8.865911241802883751e+02
1.371864345655770023e+02
2.070579669432724586e+03
4.467990708105826911e+02
4.492060979694290381e+02
4.834115574462867926e+02
2.742198357500132715e+03
7.799496101398206065e+02
6.999942780794184500e+02
5.805228108756704160e+02
1.486965332303301693e+04
3.982129732551641609e+03
1.827350963858208388e+03
5.532434025314799328e+03
3.165496049171235882e+03
1.067920115123753703e+03
3.054559434424221763e+03
1.255794815009517379e+03
8.686440687798630051e+02
3.062147838907406822e+03
1.210770681370923285e+03
8.263701091287971394e+02
8.996568109001331322e+03
6.403806300719439605e+03
3.616792074644611148e+03
3.178392530343422550e+03
2.808612996190810009e+03
1.893749819678870608e+03
4.661856070872488090e+03
3.356767413426031453e+03
2.904343686761284516e+03
2.488027586765967499e+03
1.364453623754995306e+03
1.152089364775462855e+03
3.068432241481558322e+03
2.719166709510877354e+03
2.542607448249465961e+03
1.721685554527311979e+03
1.045058808280297171e+03
6.905687836638456929e+02
3.040412734764165180e+03
2.678338902733189570e+03
2.186807652639307889e+03
1.553145740860679325e+03
1.039453735130568248e+03
9.748689927118957712e+02
2.972679110997190037e+03
2.775655987033277142e+03
1.756867740962890139e+03
1.650065224880754386e+03
1.463687044706933193e+03
1.247710252778799713e+03
3.247060932057566333e+03
3.133079114212473542e+03
1.783899432806594177e+03
1.388418745228556418e+03
1.301954319279496758e+03
1.207890724647973684e+03
3.207398264174099950e+03
3.097696967367734032e+03
1.756645081861097879e+03
1.089780216073368138e+03
8.054155502849441746e+02
7.315342432517569478e+02
