1.380988509668560904e-01 -9.170544837760151446e-02 -2.439198250932504003e-02 -1.120103658733333750e-02 1.695642109434794369e-03 -2.199858135112783765e-04 -1.173835278071099081e-01 4.499357370601688583e-02 -1.540585406437899041e-01 -1.287088829288120240e-01 7.297046987609455415e-02 1.398321668664243844e-01
-1.544326291067124046e-01 1.732659777429215453e-01 2.812470615144994218e-02 -8.806140216428297654e-03 3.379533539919750418e-02 -1.326380017168499355e-02 5.067624142259055664e-02 -3.701124695421281058e-02 3.695860902524490677e-02 7.082098291039222449e-02 -7.810706966894372105e-02 -1.287833695819526891e-01
-2.462079964364900439e-02 2.838853934593580167e-02 5.626839048139986588e-01 -1.015256369375318497e-02 -4.127007793685008585e-03 -9.702276220530813358e-03 -1.687188679666547508e-01 6.333610577818846177e-02 -2.943209317573443062e-01 1.688667048561703354e-01 -9.870040333982690872e-02 -2.376273262182444779e-01
-1.120103658733333750e-02 -8.806140216428297654e-03 -1.015256369375318497e-02 -9.387401900539178029e-03 -1.009372628481020572e-02 3.013500467856029211e-03 4.937289792769322498e-03 9.426467573821021087e-03 -1.875934604936395139e-03 2.639369483977064071e-03 -9.107433527321911028e-04 2.464488161995917470e-03
1.695642109434794369e-03 3.379533539919750418e-02 -4.127007793685008585e-03 -2.482698001476863967e-03 -1.088942798323858964e-02 3.394824663971503058e-03 -2.436285750547468633e-03 -9.106364797831546527e-04 7.767452862712775343e-04 2.330149239529395126e-03 -2.535836683623101783e-03 1.833765904096154283e-03
-2.199858135112783765e-04 -1.326380017168499355e-02 -9.702276220530813358e-03 3.042017484724528903e-03 3.426950184853519432e-03 1.292107910750002475e-02 8.025125804916138873e-04 3.369173726156067614e-03 1.925868426804993705e-04 3.651594325102530268e-04 -8.592396013139365005e-03 4.480578511312704668e-03
-1.173835278071099081e-01 5.067624142259055664e-02 -1.687188679666547508e-01 4.937289792769322498e-03 -2.436285750547468633e-03 8.025125804916138873e-04 3.434631888652641546e-02 2.626063435038780008e-02 1.778510115550154327e-02 8.093214978215671276e-03 2.612616043443464001e-03 1.799522649544307851e-02
4.499357370601688583e-02 -3.701124695421281058e-02 6.333610577818846177e-02 9.426467573821021087e-03 -9.106364797831546527e-04 3.369173726156067614e-03 -3.950935941283435088e-02 6.291409299969571989e-02 -8.062217451885002328e-02 -1.116308913835556372e-03 3.154591270063502369e-05 -2.218795935641399830e-03
-1.540585406437899041e-01 3.695860902524490677e-02 -2.943209317573443062e-01 -1.875934604936395139e-03 7.767452862712775343e-04 1.925868426804993705e-04 1.771841528136036681e-02 -8.031987878626212218e-02 3.175751475469987817e-01 -1.818598533906761253e-02 -5.820002371336149664e-03 -3.043390801858298148e-02
-1.287088829288120240e-01 7.082098291039222449e-02 1.688667048561703354e-01 2.639369483977064071e-03 2.330149239529395126e-03 3.651594325102530268e-04 8.093214978215671276e-03 -1.116308913835556372e-03 -1.818598533906761253e-02 3.857123649375438640e-02 3.827712933251053995e-02 -7.032912210697730418e-04
7.297046987609455415e-02 -7.810706966894372105e-02 -9.870040333982690872e-02 -9.107433527321911028e-04 -2.535836683623101783e-03 -8.592396013139365005e-03 2.612616043443464001e-03 3.154591270063502369e-05 -5.820002371336149664e-03 -3.886162876615619627e-02 8.455185691869029907e-02 1.106556179425091241e-01
1.398321668664243844e-01 -1.287833695819526891e-01 -2.376273262182444779e-01 2.464488161995917470e-03 1.833765904096154283e-03 4.480578511312704668e-03 1.799522649544307851e-02 -2.218795935641399830e-03 -3.043390801858298148e-02 -7.099742457265011478e-04 1.117071229250264364e-01 2.762703033046665646e-01
