1.798747980134847194e-05
3.465460134121463380e-05
3.877848395558609613e-05
6.271348234700738168e-05
1.251701690970773195e-04
5.629586288824829353e+03
8.668151378191559772e-06
2.114623948956360097e-05
3.155425913614226893e-05
7.555050108014605130e-05
8.215581479405080804e-05
1.649767069003243932e+03
1.676667938864018253e-05
1.962243486947046382e-05
2.793764172360575966e-05
3.027770921811035146e-05
4.563021357632820145e-05
1.215443517563355044e+03
1.195504642237765381e-05
2.700593424941656753e-05
3.376616048731965656e-05
3.832536245010694534e-05
5.076478671270063750e-05
9.737556206339963865e+02
2.823834226255416252e-06
4.050872631362934954e-06
4.377167266637617440e-06
1.815938966497280456e-05
5.713210428433775821e-05
2.360083696143082307e+03
4.786705113844304303e-06
6.933825545852947167e-06
9.224838044632733302e-06
1.726128361263285269e-05
3.145804379691432656e-05
5.039768723869075302e+02
1.722027408026586130e-06
5.438969612605141752e-06
1.020920595287521713e-05
1.942604173466934661e-05
2.259872100914509465e-05
7.045667382025504821e+02
5.535730129519704394e-06
1.048977792582639096e-05
1.195003694468438326e-05
1.880280095822133826e-05
2.438062611229110642e-05
6.222313892158584849e+02
2.554145172766562906e-06
3.189071672369245629e-06
7.498099658742567181e-06
1.070645893367466672e-05
1.427364233259710894e-05
5.453858325626180203e+02
1.422498652481919182e-05
1.708480126331752080e-05
2.822834396300287390e-05
2.914270787833528410e-05
4.425433768540510386e-05
1.960262672789374619e+03
6.899061384474139652e-06
8.185034411889709834e-06
1.806675770567714499e-05
6.471236231136831194e-05
6.725904375963380271e-05
7.078217095958481195e+02
4.243548977635265611e-06
8.184897214390297147e-06
8.258411087757516471e-06
1.106358438672509424e-05
1.738909840318808992e-05
5.622814875166961883e+02
4.172274569280582445e-06
1.507831108401767344e-05
2.068584449348446615e-05
2.194624267369029897e-05
5.110050755095447338e-05
1.645638764262983159e+03
7.118052901253770824e-08
1.038387999966546825e-06
1.185892823131584937e-06
8.442136438408312515e-06
1.260188098499531967e-05
8.140404489327727333e+02
2.732669698574769123e-06
4.008996193353514415e-06
6.040465392646618015e-06
6.404625306916849376e-06
1.806675770567714499e-05
6.075685440767241516e+02
1.956066401374731385e-06
2.414090945728821850e-06
2.735318238756531049e-06
3.093537983472452890e-06
4.224778143755964832e-06
2.909518317169904549e+02
1.529851624121913259e-06
1.871165035304739249e-06
3.076368753585031192e-06
4.462177840799380042e-06
4.516623012885166504e-06
2.799886692502231540e+02
6.319658172001866144e-06
8.549843957170732164e-06
9.033378852838572497e-06
2.268469108399333395e-05
3.132974303068465979e-05
3.125411603721823326e+02
7.440974005528767128e-06
8.573266709417972622e-06
1.335465534016179219e-05
1.651532244270798483e-05
2.048429108520222262e-05
6.733185728243167887e+02
2.307957572446077205e-06
8.086339988811059229e-06
1.195003689558113453e-05
1.708210298330611752e-05
4.054575409675141156e-05
9.205261004846693140e+02
1.704833299050165264e-06
2.071211737472170341e-06
5.478994763147975102e-06
9.033378811821169739e-06
1.084807165346423921e-05
9.870749641287197846e+02
2.742144811909459273e-06
4.016962923854082916e-06
8.920613814546087339e-06
1.090240997899432307e-05
1.354103590623441473e-05
9.509687471608223177e+02
2.522968127800506620e-06
6.574827567194277887e-06
7.473821064394593355e-06
8.666413748123262824e-06
2.036954093121272629e-05
9.155001236296518528e+02
3.890462633771588291e-06
5.704214450086371167e-06
5.954234540251899160e-06
1.088837553396947567e-05
2.275868277526101339e-05
7.836786632423049923e+02
1.178560047241213401e-04
1.544946258289322714e-04
1.845677322589356264e-04
1.956106131087472356e-04
4.310550845501240217e-04
4.706133479820959263e-04
4.068511916427159576e+03
6.708040499279113646e+03
1.550896786079822778e+04
4.267972754147571625e-05
6.553936248961774651e-05
8.061190366450560196e-05
9.688469434913681087e-05
1.940785632518114917e-04
1.999312853278296216e-04
3.687440367953248824e+03
5.390133508384868037e+03
8.427299112740281998e+03
2.817678198788730527e-05
3.372086238160375233e-05
5.723489766906476048e-05
6.018443869684389204e-05
7.436928108255662286e-05
1.935547037853079964e-04
1.074954307804373684e+03
3.291691389488278674e+03
3.676700771421274112e+03
2.031167200259132105e-06
2.507063258052806508e-05
3.323748893800880760e-05
4.045671122118840219e-05
4.306279513995394954e-05
8.208979297270379628e-05
1.004630160706379797e+03
1.109563841985932868e+03
3.619463931254489125e+03
1.714227469555328740e-05
2.330611779805461236e-05
3.454299915709174858e-05
3.853228567684425772e-05
3.905379739310963118e-05
4.477830569739171395e-05
1.151697813139382106e+03
1.586988561073049368e+03
1.637133540245708673e+03
2.602047940599818503e+03
3.412724634048955977e+03
3.462209580244832523e+03
9.360451768455823950e-06
2.033954085190393905e-05
2.294931360274036420e-05
2.505594517373605423e-05
2.806099555661969598e-05
3.811054894509375342e-05
4.046348203175948584e+02
1.177115037017552595e+03
1.386278657634089996e+03
1.514269101754637177e+03
3.393492721965141300e+03
3.448066167040321943e+03
1.183583446212434794e-05
1.725205950594602518e-05
2.097783452468176624e-05
2.350776405535534832e-05
3.631176609203686585e-05
4.958701442814506455e-05
6.864462400476051016e+02
1.111618524472123227e+03
1.270751298498606275e+03
1.480353789117991482e+03
3.387189203463169633e+03
3.448086380470666882e+03
1.097855261520368428e-05
3.057216516384970371e-05
3.115648491649040974e-05
4.157382142751736505e-05
4.576601562927114719e-05
7.174960520549827231e-05
1.004733776544276452e+03
1.272548398696301547e+03
1.295417550938851036e+03
1.561767281597252804e+03
3.374951943503591792e+03
3.443034287231596409e+03
1.575112215420761916e-05
2.215469919361648220e-05
3.791480862332733797e-05
4.396011426428095867e-05
1.251701690970773195e-04
5.337904991199883625e+03
6.523265539367089161e-06
2.161650699153050192e-05
2.212716884270255193e-05
3.016865642681639640e-05
5.155648193250485472e-05
9.828393938964987910e+02
2.156013348697744571e-06
1.193362051381489202e-05
1.491701842008592130e-05
1.691687339166849229e-05
2.513397670901689867e-05
1.053942901845711503e+03
1.366024076877104622e-05
1.379467427031429272e-05
1.654350031503436377e-05
1.749341017786151472e-05
2.055523306562653685e-05
7.773574587488874386e+02
3.060846249902460600e-06
7.625170252941596070e-06
8.300659028418071769e-06
9.581345128057114875e-06
1.253744616416145187e-05
5.516866701670236353e+02
1.159281448723997537e-05
2.157986969412383730e-05
2.562817411665471774e-05
2.578774831096977791e-05
4.425433768540510386e-05
1.835682908631055170e+03
9.334755428201878090e-06
2.139460792948305566e-05
2.312293422986424520e-05
2.555025377547723669e-05
2.993100936124580620e-05
1.262617904793539310e+03
5.453670743515283433e-06
9.118809013068901285e-06
1.222170718367039156e-05
1.394507426974554850e-05
2.403923448591334017e-05
2.941591051151804663e+02
1.631000899670826283e-06
4.888765231914568869e-06
9.342137987960757005e-06
1.489958114676932407e-05
1.634038113345586332e-05
2.064123331318387784e+02
1.425149953089579837e-06
1.486347865706620669e-06
1.170838743670602923e-05
1.232140126309152818e-05
1.428302607108443955e-05
5.578504964772561152e+02
1.818566432903375500e-06
3.567905071717776188e-06
3.903849324501986866e-06
6.547832943122137047e-06
6.890667594812802567e-06
1.624915452254477657e+02
1.599755753195405232e-06
3.112941917195666086e-06
5.007830686744868357e-06
5.592799279411195193e-06
6.134738908005803026e-06
2.270293879643047035e+02
2.674858064702390984e-06
4.250906973828770940e-06
5.049812294659186705e-06
5.228800087382579180e-06
5.892010624176192254e-06
2.846647183858376025e+02
4.654000462035042513e-07
8.534950808153199339e-07
2.060537552300906616e-06
2.765896212199023819e-06
3.007980941283367717e-06
2.902144307704789412e+02
3.818224539062053953e-06
1.789548684322951526e-05
1.906809545508235336e-05
4.288457373918568222e-05
1.142642085686755164e-04
3.644432518277369581e+03
7.372826304623426914e-06
1.285390791670222186e-05
1.687933527440390444e-05
2.595373574465385127e-05
2.724488478304587974e-05
3.720704100010593720e+02
5.627056952824503139e-06
1.250266169179209080e-05
1.656463803386809525e-05
1.939174338715182147e-05
2.131231936672683920e-05
3.542573524159256522e+02
6.992526951088115572e-06
1.093981638420410783e-05
1.391429116725720469e-05
1.586992313497144233e-05
2.103528308128004004e-05
5.481025420863101090e+02
1.908916980529253529e-06
5.948243417701440178e-06
7.721627648998536042e-06
1.277512682886643868e-05
1.649729988676906125e-05
6.572100057514991249e+02
2.945360925557469042e-06
4.603818243556529525e-06
4.670562006432491892e-06
8.443587582570327601e-06
1.509016430499175622e-05
5.974092106854503754e+02
3.464144771888074543e-06
5.541023247205452204e-06
1.031790580918084930e-05
5.556339872643946236e-05
5.999694683188255747e-05
5.557798275515382329e+02
4.109263410112174929e-06
6.752551054751834124e-06
7.502173235942002638e-06
1.564627107507277773e-05
4.007316994744964132e-05
1.007300806490000923e+03
1.803708176081058297e-06
4.957025740340319968e-06
8.419828313821471979e-06
1.748720544748955710e-05
2.634606890635565274e-05
1.001421568666813755e+03
1.574248092481385413e-06
4.242240082615135802e-06
8.074548124714454525e-06
1.517995292954223424e-05
1.744546964576074738e-05
7.778386059034273785e+02
1.049805352382310433e-04
1.310172259930300176e-04
2.122481400107640280e-04
2.174558907892567270e-04
2.796838541759658243e-04
3.358425392834894340e-04
2.472615112106234847e+03
5.976631809811364292e+03
1.828618373146134036e+04
3.163985617228734314e-05
7.148772125352122414e-05
8.995599515157211117e-05
1.387679298362441964e-04
1.897592151933532190e-04
4.055606507511182613e-04
6.010113791357198352e+02
3.474494980489420414e+03
5.896556508971790208e+03
1.457784899363458666e-05
4.958890663830199799e-05
5.193142463012235930e-05
5.359187683274938186e-05
6.564330044836477686e-05
2.089200199373974619e-04
1.064413332482087981e+03
3.230086676459750834e+03
3.704490379957182995e+03
4.376848900492888070e-05
5.064989010057407347e-05
5.085385977292765315e-05
9.126438791324293536e-05
9.745339962703831961e-05
9.748117568055385544e-05
7.638408262262815924e+02
1.320438575924722272e+03
4.184353919194707487e+03
1.806675770567714499e-05
1.980587636684810995e-05
2.662347308607331591e-05
3.096172430961763815e-05
3.481208989068398539e-05
7.029137611352676571e-05
9.589609681761990032e+02
1.094520098796248249e+03
3.619024099145268792e+03
8.426857543802389005e-07
1.902252270654549555e-05
2.302542558621267142e-05
3.467231295374268942e-05
4.632829333452843473e-05
5.893435901123449333e-05
1.013893654979112512e+03
1.339270510138402642e+03
1.510139939486900630e+03
1.680338170486524859e+03
3.398082923843248409e+03
3.453383255599580025e+03
7.304495712932647455e-06
1.870607964380976296e-05
2.533839564394273488e-05
2.596106299714058953e-05
4.103735229266569553e-05
4.793361779141448487e-05
9.768677067410063728e+02
9.814410520342041764e+02
1.047732688884868594e+03
1.438681228995999163e+03
3.395323512408778242e+03
3.444028888919919154e+03
1.497610778324965664e-05
1.734035415276963759e-05
2.572588720766656105e-05
3.325856681905080118e-05
3.354963087087713158e-05
3.364777934177490330e-05
9.348193862571765749e+02
9.559057685391978794e+02
1.007294834517668278e+03
1.446153378133047909e+03
3.387856347830895629e+03
3.442413495003319895e+03
6.677622720289308153e-05
1.242650325362695265e-04
1.679608726488339291e-04
1.775832761057036593e-04
3.631970444657038502e-04
1.222223404306668999e+04
3.957480104500862068e-06
1.725440592568494951e-05
2.538098297220689736e-05
3.642790902052031024e-05
1.022010151019089468e-04
3.793834292164184717e+03
9.209002069545272414e-06
1.569353791554051054e-05
1.922911086825099987e-05
3.253048720278360503e-05
3.258982345624458039e-05
4.139710601234848468e+02
1.557587712202813848e-05
1.946244561065918927e-05
4.449802201999304723e-05
6.906092957240541187e-05
1.127609490759515069e-04
4.441124334322176765e+03
7.031615265746840323e-06
1.012853214296491326e-05
2.943789613361641222e-05
3.043934872457428688e-05
5.810376042476419534e-05
3.392473045257962440e+03
6.079058328434824771e-06
1.471375839746009497e-05
1.975656278672895081e-05
2.145963714047016338e-05
2.832008996705260651e-05
5.798939183634056462e+02
1.046161061581590956e-05
1.220724717496292824e-05
1.344731750247955209e-05
1.968779263305737426e-05
1.990970574062195364e-05
6.372107144194637840e+02
6.304916990744311978e-06
1.025256045841144564e-05
1.106360913065052059e-05
1.152748870472626538e-05
1.354045885107249005e-05
5.757767039682690893e+02
3.858219610412731576e-06
5.331096871513167140e-06
6.091919677858766238e-06
1.392607299484813878e-05
1.428304514190835606e-05
5.687682618841853355e+02
4.840668612819151318e-06
4.886918515183616514e-06
8.034883083937680376e-06
2.142051765714677740e-05
2.349419840629885591e-05
1.357797793297720773e+03
4.272792881478799663e-06
1.244431563368511569e-05
1.473264232454320645e-05
1.659537657567449891e-05
1.669919338620445731e-05
3.875081961737635652e+02
5.661053273407488182e-06
6.184875509458895193e-06
6.599726935351146485e-06
7.598287752671961605e-06
1.054804262765622967e-05
5.609820413254309415e+02
2.079049115122259350e-06
4.576389509532343993e-06
6.162922003873334365e-06
9.497972726521751024e-06
1.347729923215594499e-05
5.311695355141201844e+02
9.258588302725453953e-06
3.999702062742770044e-05
4.856439365733344020e-05
8.213930745529639146e-05
1.051035347362597747e-04
3.528410682783864559e+03
2.289658019749647093e-05
2.567674337672950623e-05
3.030351193419623799e-05
4.502423004922382596e-05
6.258508454853865973e-05
2.208889456615355812e+03
2.543145998168517675e-06
7.317237496987546049e-06
7.738596794518522152e-06
8.449143882687883787e-06
1.204056977020232885e-05
2.186979703645465349e+02
1.882701996807309039e-06
1.986977315383881019e-06
6.387722091335234083e-06
6.692151879439320938e-06
9.255685240923181199e-06
2.787527744996268666e+02
9.864453715160655556e-07
3.796557174015362712e-06
6.838004794775711746e-06
1.484039372953757862e-05
7.226703082270857998e-05
2.568388244350100649e+03
1.146275756589757613e-05
1.717985848148956312e-05
2.038772572612955792e-05
2.348039439344601112e-05
2.992367214554577930e-05
1.269471784606941043e+02
4.491270733455544610e-06
1.314583035809624729e-05
1.489454372608381378e-05
1.944700259413908810e-05
2.156530550331936294e-05
4.520971440427966286e+02
2.320111729853234194e-06
4.491374048492312261e-06
4.594987885205192929e-06
7.149935016598972471e-06
7.244810675926701843e-06
5.892610188708689520e+02
9.855768422145143068e-06
1.224147045190234937e-05
1.774277609245844713e-05
2.787471993630153739e-05
1.022010151019089468e-04
3.297456931901911958e+03
9.883263059698595325e-06
1.020462372570952993e-05
1.244847466299162412e-05
5.314085502906780071e-05
8.079699672582446525e-05
2.484124577686550765e+03
6.465723061301692274e-06
1.277468722501224681e-05
1.607593492089409763e-05
2.374571637219142608e-05
4.719695131167915087e-05
6.496350573785953202e+02
7.548533932679804582e-07
3.430996848060656723e-06
7.748362911147094932e-06
8.449952174566675983e-06
1.857485608311551821e-05
7.793701028000655242e+02
1.142642085686755164e-04
1.205113021719037220e-04
1.330290452481472732e-04
2.692367345097720780e-04
3.257392793441799147e-04
4.900317108650443848e-04
4.563914603881505172e+03
5.847253284109352535e+03
1.542771050316811125e+04
1.922318816030748340e-05
7.206377256075064720e-05
1.534906214849454794e-04
2.384788018466893098e-04
2.858785999871597708e-04
4.151499998010674763e-04
1.993622306941503894e+03
6.816725042928359471e+03
1.032640815910270248e+04
1.693559331096345570e-05
1.761428165174450691e-05
2.841877265268556054e-05
2.994909398659096144e-05
3.776036026511178076e-05
4.608476901813951364e-05
1.222967834450379769e+03
1.523154040533309399e+03
3.620636006555841050e+03
2.232804677068040756e-05
2.450216699248615744e-05
3.454899955007449333e-05
5.906294276194641569e-05
7.331616194328568646e-05
1.253855818726630283e-04
9.729676856934887610e+02
1.306073372019356157e+03
4.043938176086016028e+03
6.923366207750301688e-05
1.554753890460284366e-04
2.639081971095363021e-04
2.776763964834225661e-04
3.289220449252911816e-04
4.508561924915894213e-04
3.051069468533484724e+03
3.471362785503139548e+03
3.615471093062922591e+03
3.625143154175360905e+03
5.894466426055865668e+03
1.146896609866836479e+04
2.783135519713767847e-06
1.079019099911300998e-05
1.449713001468655949e-05
1.675289526310280567e-05
1.977708325833779925e-05
5.183267262320684165e-05
1.172493441581993466e+03
1.568560342174329207e+03
1.600240971175759114e+03
2.461311763671493736e+03
3.404668844930743489e+03
3.456070291308846663e+03
8.936204035831497953e-06
1.509998057789628157e-05
2.933549684119072688e-05
3.209753470416927556e-05
3.968912486999755360e-05
4.746095026399239545e-05
9.791032520315326337e+02
1.020605137281134034e+03
1.043801635102828641e+03
1.435025828990489799e+03
3.399516585589420629e+03
3.445804728823035930e+03
3.437326760164420385e-05
4.730249316133663961e-05
5.886530297711197227e-05
8.341495518759935656e-05
1.251701690970773195e-04
4.648463676433594628e+03
3.879132714077303330e-06
1.033683600545877414e-05
1.916269048046818869e-05
2.123295916360711343e-05
2.711818939986470884e-05
7.457683159814041574e+02
5.440936954301835827e-07
1.301126641992906734e-06
6.896193549963085285e-06
6.909020414174012737e-06
7.823541715922295586e-06
5.977868788429209417e+02
2.777082543710193024e-06
4.091689368876856670e-06
6.924192750180065528e-06
1.195003693167192431e-05
1.466524965121750918e-05
5.574339420072534494e+02
7.826872737833823543e-06
8.023167744700900698e-06
2.294883365342469510e-05
2.685616967589646309e-05
7.226703082270857998e-05
3.051436532709196854e+03
1.741332715743686396e-05
1.790742769426328552e-05
2.202629193577884721e-05
2.709663766451598721e-05
5.713210428433775821e-05
2.393007884504469075e+03
1.854509489562390067e-06
3.697335290402000202e-06
9.162219315275160346e-06
1.165586614156843658e-05
2.212716884270255193e-05
9.673513798263194303e+02
4.152371322684590864e-06
6.436786487967955944e-06
8.950716933673317534e-06
1.492614470791090578e-05
1.983729655962121705e-05
6.155975538356138941e+02
1.266738996142733400e-06
3.537688391477610065e-06
5.264712750207072928e-06
1.844225806213576851e-05
2.002117509119564535e-05
1.614518543358492195e+02
1.020034557226560213e-06
7.141513043964274301e-06
1.463519894847649931e-05
1.511099482521445604e-05
2.031674836248101700e-05
5.161477422693782273e+02
4.896632246104485724e-08
1.208216984443355594e-06
8.377637607604362027e-06
9.082978918324883803e-06
9.989126379012825641e-06
5.430250426652271472e+02
2.679719872819374809e-06
1.443323832475254032e-05
2.217313414177745810e-05
3.809449246025972343e-05
8.472018941301838013e-05
3.003172833109036219e+03
8.440259703016888503e-07
1.827503273806189853e-06
3.061100290717291429e-06
4.530016862845295902e-06
1.277512688773861834e-05
5.033956883719692996e+02
2.074151140925790263e-06
4.061994647311636115e-06
4.979480796346430268e-06
5.757671858209119024e-06
6.843064409416802605e-06
2.867104625052358529e+02
1.099896356093184806e-06
4.516689420387556161e-06
1.438764632696161090e-05
1.482382942062278336e-05
2.255998081369379427e-05
3.758235321440362213e+02
4.887262904871596792e-06
7.630305396698737079e-06
1.051705166286880493e-05
1.378973029855626420e-05
2.112241478854608918e-05
6.650991973671325468e+02
6.353362611484065801e-06
6.408505509460071137e-06
1.195003694581450647e-05
1.228615717947775876e-05
2.071320874171544426e-05
6.524982683689786427e+02
1.141328560670960031e-06
2.439084852840906118e-06
7.002324788563414542e-06
7.753562331479470218e-06
1.627515392316008190e-05
6.448690158072373606e+02
4.134513059746546902e-06
8.188410135506281174e-06
3.891352493669344981e-05
6.169093809020080262e-05
6.759961742450190723e-05
1.970451229003208255e+03
7.107969927142836259e-06
7.165452353280745367e-06
1.083064072768082321e-05
3.660836042680667887e-05
4.937209206704312460e-05
6.070813172052726259e+02
3.189921999035059135e-06
7.983774627581154471e-06
9.033378823317321128e-06
2.124559431666942248e-05
2.723700970319516699e-05
9.984660774771315346e+02
3.182628445581004021e-06
5.267379336890501158e-06
5.354567782053838014e-06
9.033378832409310103e-06
2.345468116080800118e-05
8.808704688684728126e+02
1.477998786297523621e-06
2.330613192223373356e-06
3.107882369762583152e-06
8.501586132068865618e-06
8.813024251338071318e-06
8.148447326050728634e+02
1.022010151019089468e-04
1.134137041665363529e-04
1.948102841085018748e-04
2.048180444996815306e-04
2.844655111195196141e-04
3.967492553170266409e-04
3.765932988589753677e+03
4.994884873370540845e+03
1.686660845982793398e+04
1.128106678828847961e-05
1.171990154224037619e-05
1.198719313679070680e-05
2.922084331788557055e-05
3.269085906208932788e-05
4.689277637121905387e-05
1.190252942958164567e+03
1.595413820291205639e+03
3.625219201447308933e+03
2.790845960538423915e-05
2.939898059297927849e-05
3.124036401069924733e-05
4.485606634107095473e-05
5.706743708723743743e-05
6.805445457121605949e-05
1.061897989881277681e+03
1.381883173758815929e+03
3.760622731987983570e+03
5.975287035114570388e-06
6.308662547856409635e-06
9.557951204670207441e-06
9.944853379172267693e-06
2.875871941717495980e-05
2.957054267258719526e-05
2.116843047959577007e+02
1.255280246566251890e+03
3.602252896732628415e+03
2.354669622724038476e-05
2.768382734377909725e-05
4.039849836291223263e-05
4.466337076921321275e-05
4.751229002672521941e-05
7.138891519915859245e-05
9.875761112629749050e+02
1.007405203590526753e+03
3.579288345531520463e+03
1.591353706961178382e-05
4.395268869898408080e-05
4.803665782266600766e-05
5.361820803202540391e-05
6.388443275869092974e-05
9.280877458425541599e-05
8.874096397108279461e+02
9.799615509412282108e+02
1.422039103018926653e+03
3.444071392937190922e+03
3.574129044872581744e+03
6.199601251406442316e+03
1.704108152895503653e-05
2.548996418682867118e-05
2.843832311274832998e-05
3.803640124466193298e-05
4.340292700740610844e-05
5.527170157758388335e-05
1.190672477487018341e+03
1.582319779304575150e+03
1.609998782237542173e+03
2.541087441371728801e+03
3.429735794182360678e+03
3.472614172874020824e+03
5.809208112546120255e-06
1.885382236805035320e-05
1.958042451550480608e-05
2.679029439053935008e-05
3.220481352338892491e-05
3.401899944209507541e-05
7.114790761504051488e+02
1.130374615448542500e+03
1.282294099107054535e+03
1.478153864157584394e+03
3.396131545804703819e+03
3.438274259784995138e+03
6.208138678552072171e-06
1.064875289768776972e-05
2.235449269154269133e-05
2.684874641647151268e-05
3.316163059118148185e-05
3.539341005977117774e-05
9.742433985765915168e+02
1.025267979206544851e+03
1.117698081868390545e+03
1.444500175736142410e+03
3.400598528351228197e+03
3.445639772983125567e+03
2.263373961087055265e-05
2.319391289053978608e-05
3.773286056053479638e-05
5.758367859358389998e-05
1.234148942967596330e-04
5.515029515430595893e+03
1.962379527434479287e-05
2.579585058738509867e-05
2.958636827870530961e-05
3.740239901690247824e-05
5.619926332981474258e-05
7.856809761812937722e+02
7.783200377868665604e-06
1.119037949926661792e-05
1.617482907152816381e-05
2.212620316355382206e-05
2.355366361631980031e-05
6.562411824538550036e+02
9.154986550699232615e-06
1.287591513024000538e-05
2.258344709981966819e-05
2.282195412003877526e-05
2.727132193913348070e-05
7.676703907411324508e+02
7.358894406068848534e-07
4.217658000827106054e-06
4.899048872549112252e-06
7.950616324717326030e-06
9.581345158062162665e-06
5.359782453735257377e+02
1.576798792435761253e-05
2.014243379166742376e-05
3.530794072355456176e-05
4.197858934303304432e-05
9.560029577296318875e-05
3.260561539005314444e+03
3.249284462170010659e-06
3.278768770419324781e-06
1.075202180390763575e-05
1.269029232588562067e-05
4.039849836291223263e-05
1.421197575481709009e+03
2.260307140770098900e-06
7.124499576351781552e-06
7.567752641380419686e-06
1.513708771088783620e-05
2.770864221639220417e-05
3.787825460160971147e+02
1.756375273263354627e-07
4.270161194946601511e-06
5.760647757090946643e-06
7.203360303789449984e-06
1.428302571781698222e-05
5.632959333297408193e+02
1.501033638188956060e-06
2.522594579105360866e-06
2.758659215030722221e-06
3.615894554768540856e-06
6.387563426668510316e-06
5.287944446855718752e+02
1.019235120525779781e-05
2.676790935039011311e-05
4.420692358772583980e-05
5.650165539434353240e-05
6.883634642702790910e-05
3.098173111948094629e+03
3.812247733839170724e-06
7.500041823167039099e-06
1.074752218551917733e-05
2.287526732947479049e-05
2.555025377547723669e-05
1.142268550234817667e+03
9.382900913606405088e-07
1.461607026387293091e-06
4.160150343555751412e-06
8.223640039466253098e-06
1.107520331949070073e-05
2.923437243264718788e+01
7.083214719110188751e-06
1.551278315345787904e-05
1.559571032961536109e-05
1.778302326025549978e-05
6.258508454853865973e-05
2.564651435275321091e+03
1.256454295815076077e-05
1.596779834548357795e-05
1.901480322377342746e-05
2.410668253739550130e-05
2.996112880146070792e-05
4.248076658327783548e+02
4.454073750460236322e-06
6.631254912863436867e-06
6.862695967598114360e-06
1.534663270884807079e-05
1.602243203390351200e-05
6.335206770524371223e+02
3.922829786722272829e-06
5.186567696480665947e-06
8.891603973180857242e-06
9.846516623282358785e-06
1.268439637192548653e-05
6.109274687134897022e+02
2.286097457762412665e-06
3.729594157878949703e-06
1.800418588923989274e-05
2.070881870083866205e-05
1.022010151019089468e-04
3.465494864237157344e+03
3.641260247776503563e-06
3.944234273108245296e-06
1.195003692709908989e-05
2.925919261812441841e-05
3.596695525865808513e-05
1.016839153137691710e+03
3.472954080088383133e-06
4.819454626029683977e-06
9.019405415427330074e-06
1.487827209886056401e-05
1.878137868416930372e-05
8.809349933037697156e+02
2.673735401776644832e-06
3.842296536468490293e-06
7.823135535930859935e-06
8.752706874163710524e-06
1.954520608862288911e-05
7.766451538770834304e+02
2.685442742010455590e-05
7.226703082270857998e-05
1.230928474103434953e-04
1.713855146086122063e-04
2.231405055055103704e-04
2.501013276548348738e-04
3.724833139139477225e+03
4.858987796905086725e+03
1.684934845428564222e+04
4.318133019206144257e-05
5.890852849088197644e-05
8.508271903946046952e-05
1.040128141902919618e-04
1.983931416024241725e-04
3.682989780928768494e-04
7.625322414016638959e+02
3.599772728399723746e+03
6.641848268934236330e+03
5.635803344995545518e-06
1.852863565997848379e-05
4.048472180276800793e-05
4.791154196887499356e-05
5.419166029329756750e-05
7.357516600500250904e-05
9.508859070531570978e+02
1.114844563978455653e+03
3.675467834384653543e+03
1.361867268901620213e-05
1.700622595103667877e-05
3.762830374716673456e-05
4.462258814350133612e-05
5.606996127686125368e-05
7.588380882261868147e-05
1.030067014347465829e+03
1.046185188003159965e+03
3.640823398895156060e+03
2.396739289055317996e-05
8.048394435366225332e-05
1.188286065259968070e-04
2.037817562498966278e-04
2.058794304968560572e-04
3.010347769853694813e-04
1.411320107948118675e+03
2.890307603803374150e+03
3.515527110695896681e+03
3.533890942908642501e+03
4.287786092628626648e+03
1.220981971618441457e+04
3.963746496366093688e-05
4.524039618716057328e-05
4.881317529889726668e-05
5.322992957320971569e-05
8.206169874632772486e-05
9.071767575590799636e-05
1.399684770518906589e+03
1.535095129393157094e+03
1.761976143413190357e+03
3.059665098686289639e+03
3.484337884646573457e+03
6.359664728002660013e+03
2.230668129589684085e-05
4.071814566460768038e-05
4.105153789911358060e-05
8.004619467100748957e-05
8.981004800979067800e-05
1.019955808393336634e-04
1.154537726037170842e+03
1.533033250123815606e+03
1.611253016772331875e+03
3.137011742758249966e+03
3.346154752804357031e+03
3.496327179830968817e+03
1.482942127269657357e-05
2.080655574738514044e-05
4.057299935575582660e-05
5.373130828096944148e-05
6.595572111298513549e-05
6.930526080210288339e-05
1.138421768751785976e+03
1.527599708463932984e+03
1.744614725617410386e+03
2.622630478527906234e+03
3.337794128537303550e+03
3.513982702585520201e+03
2.244828985891823551e-05
3.073759961741813701e-05
4.194084227462938427e-05
5.871754313973899530e-05
6.219365711208560280e-05
8.887972353635797084e-05
1.034461919961263447e+03
1.544981317526195426e+03
1.674824179162948440e+03
2.039557685617347033e+03
3.363703514782003822e+03
3.499447840625743993e+03
1.436349328025189571e-05
2.840180627694081984e-05
2.928702291750960482e-05
3.444196754824236951e-05
4.094986094622727111e-05
4.338248843132972977e-05
5.635521462933074872e+02
1.149143819285101017e+03
1.413601663247246734e+03
1.501494185116182734e+03
3.378653896972146413e+03
3.445909810662889413e+03
1.063730582442020261e-05
1.338823497608117606e-05
2.421870034264339994e-05
3.040703366124880875e-05
3.205488734046830308e-05
4.020177579064502561e-05
9.827107113753448857e+02
1.000962299769274182e+03
1.049295355312361835e+03
1.440413555369527330e+03
3.398542624602634532e+03
3.445906662805433825e+03
