2.762208207015033334e-01 -1.059242117351517631e-01 1.380035793566940054e-02 -1.316178515999997904e-02 3.335422805932638547e-03 -4.326850210431765144e-04 -1.320637483253168931e-01 3.469976749428403673e-02 -1.406351067612194583e-01 -1.320390375893230883e-01 6.948209587287533517e-02 1.271331820457591577e-01
-1.059242117351517493e-01 9.664710157782877009e-02 6.068051460676200659e-02 -1.458092865493113358e-02 3.449135835643748343e-02 -7.256099504361103458e-03 3.864598741565965223e-02 -4.593165075140922399e-02 4.765658732331495145e-02 8.386062888676225346e-02 -8.555867479302028955e-02 -1.020504693935617296e-01
1.380035793566940054e-02 6.068051460676200659e-02 5.632474922183319244e-01 1.891377829060207714e-03 -7.256000855180159623e-03 -2.050523188543746517e-02 -1.820951842218197503e-01 4.798385634478220807e-02 -2.921977464422739201e-01 1.661545502175152955e-01 -1.026808868855842161e-01 -2.525671919731565795e-01
-1.316178515999997904e-02 -1.458092865493113358e-02 1.891377829060207714e-03 6.041400024536114181e-03 -3.070839076518517229e-04 4.884838120777688323e-05 3.851762544807624256e-03 7.904317627573769975e-03 -5.531461606489610590e-04 3.872797562071347670e-03 7.705970685817432712e-03 -1.518103481040634440e-03
3.335422805932638547e-03 3.449135835643748343e-02 -7.256000855180159623e-03 -3.070839076518513977e-04 -3.475150224603610477e-02 6.121636185543012990e-03 -1.121822630756499949e-03 2.227969523373451565e-03 -5.514432931700300128e-04 -1.940155481954288809e-03 -7.415245780855464703e-04 1.714538763772208065e-03
-4.326850210431765144e-04 -7.256099504361103458e-03 -2.050523188543746517e-02 4.884838120777688323e-05 6.121636185543012990e-03 1.238782069916670101e-02 3.098498296895258689e-03 1.249526199505768959e-02 3.084041945318924741e-03 -2.774116701427358552e-03 -1.136385401008037713e-02 6.072281338514200731e-03
-1.320637483253168931e-01 3.864598741565965223e-02 -1.820951842218197503e-01 3.851762544807624256e-03 -1.121822630756499949e-03 3.098498296895258689e-03 1.183716629264133235e-01 -3.890800885737485254e-02 1.598584530763941525e-01 8.770152327921864818e-03 9.361220693323331213e-04 1.885280895572971280e-02
3.469976749428403673e-02 -4.593165075140922399e-02 4.798385634478220807e-02 7.904317627573769975e-03 2.227969523373451565e-03 1.249526199505768959e-02 -3.890800885737484560e-02 4.380264306558667026e-02 -4.955791076692329933e-02 -3.929836469129483444e-03 7.602631904029783861e-04 -1.099760443512270459e-02
-1.406351067612194583e-01 4.765658732331495145e-02 -2.921977464422739201e-01 -5.531461606489610590e-04 -5.514432931700300128e-04 3.084041945318924741e-03 1.598584530763941525e-01 -4.955791076692329933e-02 3.187486094679987669e-01 -1.866654304883592214e-02 2.625123219504023938e-03 -2.993314355132486310e-02
-1.320390375893230883e-01 8.386062888676225346e-02 1.661545502175152955e-01 3.872797562071347670e-03 -1.940155481954288809e-03 -2.774116701427358552e-03 8.770152327921864818e-03 -3.929836469129483444e-03 -1.866654304883592214e-02 1.191927364211087803e-01 -7.816145412498773370e-02 -1.445829847209249008e-01
6.948209587287533517e-02 -8.555867479302028955e-02 -1.026808868855842161e-01 7.705970685817432712e-03 -7.415245780855464703e-04 -1.136385401008037713e-02 9.361220693323331213e-04 7.602631904029783861e-04 2.625123219504023938e-03 -7.816145412498773370e-02 8.558665691755767968e-02 1.116053971317142873e-01
1.271331820457591577e-01 -1.020504693935617296e-01 -2.525671919731565795e-01 -1.518103481040634440e-03 1.714538763772208065e-03 6.072281338514200731e-03 1.885280895572971280e-02 -1.099760443512270459e-02 -2.993314355132486310e-02 -1.445829847209249008e-01 1.116053971317142873e-01 2.762805117029999424e-01
