2.569382489172448644e-02
3.616406758111056358e-02
1.170539667977229525e+00
2.137607368393092122e-02
4.553965203118644505e-04
9.739388504977538802e-06
2.995113301137071736e-06
4.538905334563470142e-05
3.315913486171431779e-02
1.518042120725778507e-06
3.522251059549692955e-05
8.988189891292686301e-04
1.070209330172507517e-05
1.488304611613200379e-04
2.859536545107843820e-07
7.606554896929591976e-04
2.431535183290793115e-05
-6.301482815381416480e-05
3.962377371595030706e-05
1.565978137653593373e-03
1.230097870403112957e-03
5.285584909367443181e-04
2.589038950016793743e-04
-3.095361859294006181e-05
1.250641343898406532e-04
3.181078158140948495e-05
-1.483439987309524309e-04
-3.837591285309990049e-04
5.778226558183163991e-04
4.116870300069427218e-04
1.470714252994683336e-04
3.085958045138633473e-04
8.547777899323327072e-03
2.905691384350069309e-03
4.398377806743421713e-04
0.000000000000000000e+00
2.562113401830915999e-05
3.827093652114236686e-04
1.811439432813995610e-04
2.165670106428355893e-03
1.842707048119581305e-03
4.589579385826085154e-04
1.933132512613363327e-04
2.702202975701192052e-04
9.218038296467871533e-04
1.308200887901585729e-04
4.247263577269085733e-06
2.715930257598383134e-04
3.001629189566752936e-03
-1.504689278599702328e-05
1.634356200422989189e-03
9.704760769343086246e-05
4.523847967237889028e-06
7.284612787844831462e-04
-2.027065164604084093e-04
8.049173977416520715e-06
8.364369588498214540e-04
4.049662107841264119e-04
8.078170902475978682e-04
9.802080377433167093e-04
7.622413791573320321e-05
1.463264198242608671e-04
-2.698479076839917776e-05
1.078950308807469140e-03
8.843973903160939898e-05
1.689143526711530394e-05
1.181585654390097419e-03
2.937245102174375626e-04
2.247308036392377771e-03
1.441799157108262499e-03
2.624165339931631264e-04
1.826205032663767228e-05
6.037474463837536748e-02
1.740093191008022398e-04
2.280059858172108324e-04
0.000000000000000000e+00
1.009437906501320343e-04
2.071805618367942702e-03
3.739325338246723973e-04
1.510027643540053652e-03
-2.684979603772896578e-04
-1.222150546388818873e-04
1.565626140410447730e-04
7.151524126911408498e-04
4.256342979879276117e-04
3.183015681654355442e-04
9.164134732545884548e-09
2.925571041996495982e-04
-7.288639700991546842e-05
6.424253234123729519e-07
1.877959479449723811e-06
-1.099007327486726664e-04
1.477177844565099248e-05
6.728697433325159672e-04
1.782352964721919063e-04
2.555912665476833931e-04
2.011181314659723097e-03
1.344495441969684125e-04
4.188404634211698955e-04
2.644349976816543716e-03
5.891969697780800527e-03
-4.077931525209151586e-04
-1.368366776699418252e-04
-6.799778811223955173e-05
3.683573548565336809e-04
-1.219238382457928511e-04
1.045768525398319937e-04
-3.685133790851077059e-04
1.678627621231121260e-03
3.641605588707260473e-04
3.290470879247978770e-04
1.753977156292818628e-03
9.598318110328756328e-03
3.441663136887947725e-05
9.720582360612794743e-05
0.000000000000000000e+00
2.846308734449169088e-05
9.128549949193320856e-04
-1.036341398688319341e-04
5.898225122699995776e-04
7.748310511388541329e-04
3.248441043447384386e-04
-4.104997225080249672e-04
5.936209532113156506e-04
3.308878855746562818e-04
4.820770186546586005e-05
5.750507242948306802e-06
1.911771488795436583e-05
2.346006137611696650e-03
-6.405106819484807090e-06
1.255348366551463759e-04
1.803468845465109726e-03
1.868640907795408450e-05
3.265320589151151200e-04
5.211826182914181330e-03
-7.726325564187507943e-04
4.816204666447942984e-04
-6.238712065878153400e-04
1.748771393419112918e-03
1.087931180567795189e-03
3.975928352871675557e-03
1.613922787051524853e-05
6.775765636686988463e-06
1.045813120323776046e-04
-2.379254384258603844e-05
-1.405153905853495686e-06
1.875771924233863577e-04
1.055083295153025293e-04
3.133188730817840998e-04
-1.501467444355863989e-04
5.781575872102114868e-04
6.434929446238838184e-05
3.761035403154656120e-01
1.649123630723307301e-03
0.000000000000000000e+00
0.000000000000000000e+00
4.056014723928432213e-04
5.538874344266882851e-04
7.013444079921437712e-04
1.786928188955435193e-03
3.476662572713247966e-04
-4.533830392986863000e-05
1.772551981106632870e-04
1.508248988243495348e-04
6.624984554768343346e-05
4.337208077636785513e-04
-4.457862140561097081e-06
6.921988712938660919e-05
4.110553572389541443e-04
1.848834812512301042e-06
1.488502407296217966e-04
1.208443022143601640e-03
1.358819998631410897e-06
-4.013669349192117288e-05
9.031932962109135419e-05
1.749605938621279154e-05
-4.364175879452739885e-04
-1.010250485877624781e-04
-7.083487240538681061e-04
5.340777155105576931e-04
1.019865039218063375e-04
-4.136205872971032569e-05
3.337725583553830086e-04
1.565995853403778890e-04
4.382482873190503563e-04
-1.346457653950805630e-04
4.167456388788496669e-04
-2.005539730593660361e-04
-9.882255128491242440e-05
-5.227138978255811279e-05
-9.354226102908924984e-06
1.849015451853563906e-05
3.762235825821506180e-04
1.183461401207101278e-04
1.912036319490587890e-05
0.000000000000000000e+00
-2.657488997770407564e-06
9.714611574000997778e-05
0.000000000000000000e+00
1.151744492650637851e-03
3.326601513535809573e-04
-1.293207784544743997e-04
-2.268062231340684019e-04
-5.610338267662365891e-07
