9.630691887951955965e-02
4.258037208005131524e-01
6.888523165542365101e-02
0.000000000000000000e+00
2.688595055372131754e-02
9.217506393008504523e-03
7.662559331859478701e-07
8.716326317496784007e-03
8.753197253776287198e-03
1.985951205134454597e-02
2.215308916424451983e-03
3.366299988413719909e-03
6.667465704921516148e-03
4.258662254547732583e-03
2.548797764780845205e-03
-1.150068656689606740e-03
7.412424197566232610e-04
8.990348793578880129e-03
3.265406252276374047e-03
5.393592091256597118e-04
4.229699444886107079e-03
-1.703659068011894239e-03
4.122598634927803624e-02
8.539166506729959803e-04
-1.659075086640537987e-04
5.225130599909777462e-02
1.736200961128527486e-03
2.916244288493804061e-03
1.743108246196796993e-04
-3.236100361084378110e-03
7.119015062792961824e-04
2.573866210276302621e-03
3.563625325414589429e-01
2.200407410764326777e-03
4.889520421669968538e-03
0.000000000000000000e+00
4.574297269416338803e-03
5.063011404158686626e-03
1.827905258100119079e-03
9.254901178002665832e-03
3.769123633070847572e-03
-1.586845772305167765e-04
7.366837879740832477e-04
-2.236043114345457640e-03
