7.083151370063093220e-03
1.992479292220643641e-02
9.755099579893795614e-01
2.145379118431319301e-02
2.113377513296654743e-04
1.230767172996971635e-04
9.087839989119217082e-06
2.494194397993032769e-04
3.966815243919049293e-03
1.357037829791500233e-05
2.780955539880854534e-04
4.407055766832608805e-04
9.158785514662426408e-06
5.130300997282829199e-03
3.283933596601506860e-04
3.298943979368473833e-05
5.881980640711770292e-04
4.946323965916062386e-05
3.496557059953997459e-03
2.540854493253696876e-05
3.005089567205998600e-03
7.826369299874791081e-05
2.282670462512885131e-04
3.193969364450784663e-05
1.418458999064897751e-04
5.823435071000167620e-03
2.019396400904390322e-04
8.053680363445225431e-04
-1.057404571952950565e-03
3.216979207249659294e-03
2.408401723737374402e-03
-1.734566953632832377e-05
2.990852716855085108e-02
2.598457474453026977e-03
4.102461074943556524e-03
0.000000000000000000e+00
3.517972668094016160e-03
8.272916085105830319e-04
6.266752567532693204e-05
5.052989977356592006e-05
-4.451266541921257978e-05
8.513141870959787258e-05
2.831624645049512969e-03
2.015984563532572781e-03
1.743628183316518320e-03
2.795597695917084871e-05
1.259872651330577265e-06
4.234072043642759728e-03
6.631402661835039463e-04
2.436728702074712368e-07
6.803240898096622573e-04
-3.118476868534021820e-05
9.308147936130476436e-08
2.571416140300031121e-03
9.672445739976683228e-04
1.533118290476383704e-04
1.477847094985070442e-04
4.878628177976832903e-04
2.921459936159428138e-03
3.730544796018087301e-04
6.546547503169113146e-04
2.643888628755101423e-03
3.558380754706084586e-05
2.196540925225439421e-04
7.156241179561595878e-04
1.152368423479692044e-05
6.412866388629367542e-04
8.465408826002425099e-03
8.095828154667628757e-03
2.277681118932663867e-02
-2.203283565596514393e-03
5.068693640840290539e-03
1.053579577705719139e-01
1.182029279959732421e-04
2.789811010769775376e-03
0.000000000000000000e+00
1.136736571597585189e-03
3.768442896499838877e-04
8.555328833252347828e-04
-6.067120040649242880e-05
9.421667385564188105e-03
2.858009142998237388e-04
2.091482612574243043e-03
2.508484413772634272e-03
8.728865151759930563e-05
-2.054395832103613194e-06
-2.040424815034450828e-08
3.402668406780717911e-04
3.381405378188155359e-03
5.080301592297332005e-07
7.149521009099934501e-05
7.409027034972555555e-04
1.472180054899278471e-08
2.695887910811841422e-03
7.824617522609174326e-04
-3.388465855310348060e-08
1.294381770438057732e-05
-2.305182523766332193e-03
1.665121905111070387e-03
1.743733272684548142e-04
7.895686950952907415e-03
2.199838316762440450e-05
5.961905155478971511e-06
1.513487306434487532e-04
2.956991126617699304e-05
4.213081375436929731e-04
1.407721133702614480e-04
3.808937220139855650e-03
5.081497371551464974e-05
-6.008357934558376844e-04
-2.240397587289629454e-04
-5.674904544045400673e-04
2.109764525756000972e-02
4.225837214385319909e-03
4.792342867837584564e-04
0.000000000000000000e+00
6.239293129803868965e-04
1.358056439596004247e-04
-4.233603365522143120e-06
8.926525678256690978e-05
4.359298840858128084e-03
1.925739559845525938e-03
2.782997773551154717e-03
1.468290235890234888e-04
2.030232659885999988e-04
3.159133466842748843e-05
-1.476896700725779006e-05
2.136175950654480460e-04
2.686314058358892348e-03
6.129657069113095799e-06
-8.734970553790910586e-04
8.565546371831340945e-04
3.803980745768301926e-06
2.978691390350599716e-04
8.481201090220954195e-05
5.383432546976300441e-05
2.661566229408947760e-03
1.827326035382566833e-06
6.806404832277050719e-04
4.846283962910054592e-04
1.321947773190109343e-03
1.683333522767675250e-03
3.332030449909595489e-06
2.274945867723143723e-04
3.568674947649104999e-03
3.497142908511404348e-06
1.123256995372301503e-05
-7.717221675614504683e-04
-2.232106497585206685e-04
2.033650566755529354e-03
-4.659920327801196356e-04
1.194228555243788967e-03
1.702022322107251684e-01
8.953267101902510352e-05
0.000000000000000000e+00
0.000000000000000000e+00
6.678636935417540249e-03
2.028193947893412383e-03
-3.908483450203152241e-04
6.439528764209167871e-04
2.905235073136669291e-04
1.210133451135778944e-04
-5.997768872396669066e-05
1.347583312587115768e-03
4.403736995298723755e-03
-7.352782949995972494e-04
-2.203216636583367821e-06
3.153144776591417561e-04
3.310569275095876169e-04
1.970231969646481568e-07
6.065442236565429102e-06
-1.207535607814872900e-03
2.129290147800944225e-06
-5.737157657467998771e-04
2.463926564422180832e-05
-3.170079103738861807e-06
9.515380382911627034e-04
6.339626474012316222e-05
4.862198275542203152e-05
8.526472411802820956e-05
-5.273393901919461776e-04
4.617810137111562769e-05
-5.213620647818532386e-06
2.177002220565604827e-04
5.253548578513603939e-05
3.666354473952360307e-06
-1.517085110519733604e-03
3.545400050011767498e-04
-3.109993203715225865e-05
1.751243265275455882e-03
-3.244186342689377557e-04
-5.098364038425451817e-04
2.174901232127283458e-03
3.142627305491685168e-03
2.443629990804829788e-04
0.000000000000000000e+00
1.439763194623984888e-04
2.479190757868295503e-03
0.000000000000000000e+00
6.966342410699821307e-04
1.725318233924003964e-04
2.645505868104969021e-04
-2.350863437849959495e-06
-2.053637480140535487e-03
