5.502907303674674233e-02
3.533230255727539681e-01
1.175066942836828360e-01
0.000000000000000000e+00
1.570387069732358254e-02
7.480320043839050817e-03
8.707021327936104595e-07
4.278363358698689112e-03
5.746450725770410085e-03
7.336696559553462782e-02
4.660112495984680518e-03
3.838488260566126978e-03
2.000272708277800113e-02
1.090244738856365955e-02
1.879874403278739958e-03
2.309949925894705467e-03
4.608519545953108400e-03
1.887707359617072506e-02
6.703556611632932941e-03
2.059884251795921894e-03
3.149229091874746443e-03
9.126251943442668327e-04
6.113446564884783552e-02
9.332886561849162987e-04
6.814317294003169757e-04
4.509302091022922288e-02
2.556116770811963073e-03
8.488831854880141137e-03
5.438276600335304606e-03
6.629363965591187832e-03
1.339261418390765403e-04
6.707187533119518888e-03
2.811473006556428067e-01
3.859411072156933731e-03
1.080783787120314157e-02
0.000000000000000000e+00
7.205267221192864814e-03
7.984989695384747677e-03
1.352440451102572940e-04
1.207958681293478005e-02
2.332063229293987114e-02
5.218437231168941010e-03
2.860793289121292050e-04
7.274947188641308661e-03
