1.644690501381360775e-02
1.706526472234065270e-02
1.271137687874711597e+00
1.837906421225970685e-02
-1.591953483226789647e-04
3.040445492892359541e-04
2.214992059767236345e-04
-2.556166733691522808e-05
2.941208611713198862e-02
7.988225243349412319e-06
-3.438777328617822202e-05
2.145411225902430722e-03
3.779539598830113643e-05
8.534475331212950104e-05
4.228259991416220224e-04
-8.623844541670126751e-06
1.166044316964024890e-05
4.945139245596437834e-05
-2.355121587082583182e-04
6.222541115236272834e-04
3.887223139160159938e-03
1.670730042398371642e-04
3.307992062593727019e-04
1.797499960973854727e-04
2.864646136555570877e-04
5.937233340476133221e-05
4.025963731980090280e-04
-1.547088037199273323e-05
4.635640432695560921e-04
6.782787181639715829e-04
1.683134329838538890e-04
8.346087102642693308e-05
5.685556349652509667e-03
1.190694440119462747e-03
1.021112297458233979e-04
0.000000000000000000e+00
1.823954170039406464e-04
6.935915786443110900e-04
4.291598864160676378e-04
1.420046739717140084e-03
4.647911388628781621e-04
-4.602724144116073662e-04
-8.511352032815425748e-05
-3.652060536161627516e-04
7.970185627907448115e-04
8.766322559020286716e-05
4.457008576101835983e-04
-1.077651548377689449e-04
5.128978181615521416e-03
7.910973990525131661e-06
9.934136202671547608e-04
8.123593330057558024e-05
2.496331586860171261e-05
9.822292020753576312e-05
5.506564854528569032e-04
-6.524386882687712710e-05
-1.601503858150795268e-04
-2.669304605980767679e-06
5.273925421447111855e-04
1.952206316859032289e-04
1.003538098739135438e-04
1.217754220347163296e-04
6.564033095209550498e-06
2.166070444777383139e-04
1.594077748152085753e-04
1.014413732776849561e-05
4.225201837278073414e-04
3.549086666997751101e-05
3.386426595027473580e-03
5.558562723747920717e-04
3.283627250336115019e-04
-1.434458529126677214e-05
4.181951044833199377e-02
1.302500430119109764e-04
-6.750400660960516612e-05
0.000000000000000000e+00
1.785703135118277382e-04
9.525309749592277605e-04
7.093297993859974714e-04
3.041904913148211782e-03
4.000186438626762600e-04
8.951718801585221812e-04
-3.407856387401449459e-06
1.268031160712708959e-03
8.032801685815549320e-04
-8.514487233536686137e-04
3.108759027981023089e-10
1.341016094780952024e-05
1.595892774963081242e-04
8.002498476196902988e-06
8.319684360695115428e-07
-8.461030858786245512e-06
6.512824779734139300e-05
-8.386420670610424133e-06
2.672106092142338250e-06
4.117161208817925042e-05
1.347783379535005821e-05
7.067718796271475149e-04
1.293391419068790158e-03
1.586640339404491763e-03
7.657098796381249343e-03
3.599174617866888337e-05
3.813218631535756921e-06
1.997723591717681711e-04
7.571029924910469781e-04
4.452757993352504132e-06
5.331755866775145019e-04
1.006392239126988877e-03
1.127776095524020915e-04
-3.300479178927062662e-04
-9.343114117046357760e-05
3.924981923096500518e-04
4.181241336927839398e-03
5.766973661625781071e-05
2.903311419448921017e-04
0.000000000000000000e+00
1.327686906489618625e-04
4.725305286411499834e-04
2.728842052701630108e-06
2.670458366413145605e-03
1.712065965493521802e-04
2.359476919341944531e-04
-9.722609542512916376e-05
-2.184950492170808188e-03
6.174535799905825914e-04
3.819647897420101138e-04
1.798018668677237031e-04
-3.260607283084304697e-05
9.759526035579472666e-03
3.577748436269789913e-05
-6.024857693302335815e-05
1.312951800932419697e-03
1.915578039880886722e-05
-1.401716889300426764e-04
1.477083970135684263e-04
-1.180209878678365734e-03
-3.237510700817273655e-04
-6.024213328425694894e-04
1.713170035006121019e-03
4.879539426120849122e-03
1.171395111147200546e-02
8.908188946294970107e-05
7.325605205954488327e-06
5.093974475327556477e-05
8.958308757988457378e-05
4.125313775612168302e-06
4.417516858367701808e-04
6.411469019984572357e-06
-1.967958933065820149e-04
5.968958662510089226e-04
-1.462888108643737803e-04
8.545257527365975221e-04
5.635429064873104243e-01
1.174511088233372747e-04
0.000000000000000000e+00
0.000000000000000000e+00
3.146406144125402180e-03
3.719921342963431691e-04
1.471541287759806907e-03
-1.903031310109974173e-04
3.513910836402696749e-04
-4.216445367265064911e-04
-6.045831814492548675e-05
-2.124818125937011359e-05
-3.602851522593579102e-04
4.265176247070626842e-03
1.230326164202007687e-04
-7.348106370175244367e-06
4.422202034822472240e-03
7.754908979340502384e-05
-9.078017586376941055e-05
1.550721626783676090e-03
6.933982362163470647e-04
3.036539813105513467e-04
3.610568054206453326e-04
1.436026212668028935e-04
4.480885280743566730e-05
-1.855061051899623947e-04
-2.473930056229408335e-03
-7.585570566429981040e-06
1.181149293987937527e-04
2.218207742215335234e-04
1.688713133748631580e-04
7.226473048667599649e-04
4.920177230572993395e-04
2.523035030432089422e-05
-2.166883416643727747e-04
-2.611648012698826877e-05
-6.817202266777695708e-04
-1.829911387106826937e-04
-5.857263255284461814e-05
6.673690934507388497e-06
1.410667503020812718e-03
5.355350548822782752e-05
-9.851111061938884144e-06
0.000000000000000000e+00
5.990739155735298895e-05
4.325989414634726863e-04
0.000000000000000000e+00
-1.796543737922447540e-04
-2.415635898695608073e-04
1.844472649642122373e-05
4.153199603529333928e-05
2.691708918120353926e-05
