1.278867012042353597e-02
1.792912748887324006e-02
1.359357679496135951e+00
2.181143680085332118e-02
3.217278780278221115e-04
3.233497469577646812e-05
2.940987284372198474e-06
1.238429275968622070e-04
1.484996198653239750e-02
2.317526514867088996e-05
-7.911727558667240633e-04
2.126723265726893249e-03
9.763967638187764496e-07
2.176301953058512459e-05
-4.198923383675149670e-05
3.064438512530761460e-05
5.374552443446756065e-05
1.421211476894927326e-04
-3.536765729216165949e-04
7.574119185073483482e-05
1.173303575182971237e-03
4.116695060094599376e-05
8.383438225605388810e-05
-1.722536093720824086e-05
6.905407488323097036e-05
3.493550629580492338e-04
-3.075978981621781518e-04
2.194951806754626535e-04
1.040288770102130555e-04
-1.883278400856743313e-07
8.097762418666961661e-05
-3.565182188713933442e-05
8.443201150497554527e-03
1.884914411320311699e-03
4.798283772773581863e-04
0.000000000000000000e+00
9.587904127527894669e-04
2.874037847224953030e-04
1.997996507652273935e-04
1.882464185107402097e-04
1.971283791464421343e-04
4.603926309019549796e-04
-3.448442995890310500e-06
1.478468872265474186e-03
1.061164077065771807e-03
-3.252686506220273810e-05
1.074496570222146092e-05
2.555130013151071127e-04
1.300823842303418633e-03
-2.145589432789307760e-08
1.348464220065182071e-04
2.774939937602398095e-04
7.314035184169398462e-07
2.288175321057369152e-04
-4.602198567791759734e-04
2.951040696647089234e-04
1.406298008625276599e-04
1.380064814606729584e-04
6.014653810520650121e-05
3.348308360053842272e-05
6.696354204055084689e-05
4.593774563351157077e-04
1.301912930948834236e-05
1.624447336555645549e-04
8.003421959622780907e-04
-1.617020592604342109e-04
1.682570028421315309e-04
5.340493731395371950e-05
3.879192706862403736e-03
2.475091555833334664e-03
4.572373068465103722e-04
1.569642200159101098e-03
6.298593863314773389e-02
1.715539525179184512e-04
-4.528054855455450941e-04
0.000000000000000000e+00
4.437915197005685704e-04
3.386529922883603841e-03
3.916846535475526636e-04
2.260265689770039335e-04
1.642572931825466310e-03
1.111892665559037014e-04
3.637603960198483978e-04
1.166066695861493318e-03
5.511758632127828229e-04
6.963354245062744181e-05
4.332091264380722107e-07
5.925922136517769011e-04
5.250401678575192807e-04
1.763258054410243900e-06
1.708013092551012094e-05
4.464548510150434741e-04
3.168345242758145327e-07
3.101027825721081152e-04
-6.363081643400010602e-04
1.287197607192795191e-04
5.593767069888381789e-05
3.266483333623115717e-04
-9.003638089640405564e-04
1.395899151355517454e-03
3.243826004859780548e-03
2.432836883893655725e-05
8.058450528995268747e-05
1.223633114669331443e-04
5.245734815684244437e-06
-6.545601347085483468e-05
1.911658810826259160e-04
-8.231529558579234749e-05
1.220105418377263364e-03
5.212509789286038807e-04
2.959407705431053509e-05
8.222239182026432232e-04
7.704470645628884277e-03
2.100745856833715307e-03
1.650882782476958879e-03
0.000000000000000000e+00
4.725653302108353323e-04
1.777762118739145583e-04
1.199190571350428126e-05
3.799572069314842036e-04
1.096519156146576716e-04
1.394233012475283974e-04
4.308072539157918184e-05
3.339505003822592407e-04
6.816387095089101013e-04
8.704676045198459237e-05
-2.503121904725199093e-05
-6.547268139959576394e-05
1.001964386183066581e-03
-2.756498354001083730e-05
5.990816899651196575e-04
4.069674524952512245e-04
-1.268768890327158054e-05
1.154160889393388928e-04
1.267237076900758653e-04
3.961032113003248650e-04
7.168244861460356385e-05
2.065002650658047053e-04
2.883774418628304304e-04
1.032819932684965860e-03
3.250851772136879522e-03
7.139978444782091099e-04
5.798550197237221237e-06
2.123268238364432237e-04
2.203169918371846310e-05
-6.759362249919576545e-08
5.638889271474267773e-04
1.769879498376702998e-04
-2.750487335325679930e-05
-1.908706168562979144e-05
1.404980492289246568e-05
1.566914024569920948e-03
5.052302739104114204e-01
1.579821849500591966e-03
0.000000000000000000e+00
0.000000000000000000e+00
3.306594935732576433e-03
8.164106165302978954e-04
7.819198134737526660e-05
-1.864361732983876863e-05
3.520888410443919207e-04
2.847977143358715324e-04
5.400952984091044861e-04
8.429528642516596611e-05
3.038953229937080497e-04
-8.592660971656525812e-05
2.679108526893644103e-05
1.216073633335164745e-04
3.708740980248603943e-03
5.832409595892447915e-06
5.542807280478549530e-04
-3.573664275257293571e-04
2.392504002985222091e-05
-7.692177842429556351e-06
2.985772404596594653e-04
-3.658711978820061988e-05
-6.064404741586611880e-06
5.141349570674987599e-05
8.487492687988170548e-06
1.391864001523350058e-03
1.458196654019916385e-04
7.246853482754852518e-05
-5.951839307494211084e-05
8.838913461539643635e-05
-2.610701313873568379e-05
-3.489174552551525528e-04
8.098994548506599229e-05
1.381402866105515105e-04
6.727133135338384537e-04
5.089041236539711415e-05
1.644012166847434245e-05
1.891759620480611571e-03
3.425005190921334036e-04
-4.223600332038390532e-05
7.103478361192294699e-06
0.000000000000000000e+00
2.336232725904145377e-04
3.277171674849791664e-04
0.000000000000000000e+00
6.217752764865469301e-05
-6.413577309523817171e-05
1.136049040599385024e-04
4.372585901695721141e-04
-7.586253964833774828e-05
