8.126039284803084073e-02
7.100341941394929801e-01
2.060852306485096708e-01
0.000000000000000000e+00
1.199729056393021185e-03
3.020583146281878291e-04
-1.106388803654804501e-05
5.475256708981279460e-03
-3.119899983291718644e-03
2.394289425022622098e-03
-1.671118846999115545e-02
8.738187037857040327e-04
-3.551511695959688741e-02
4.982014143407072562e-03
5.320810232739433231e-03
1.122551156338228882e-03
-2.347653561775723489e-03
4.280721093507781514e-04
-2.613552907935619805e-03
-2.491597005814464704e-03
-9.889467660995817093e-05
-1.346149241034962649e-03
-5.692752414457650199e-03
-1.517283836361664083e-03
-7.426194842191128579e-04
1.854952043521995025e-02
-4.528514139536580184e-03
-3.782401142821682338e-03
1.114760999308872427e-03
-2.182357747284968501e-03
5.259959791118411047e-04
-1.588255655548550128e-03
4.038651316493279131e-01
1.303256356855938278e-03
5.440309257271814039e-03
0.000000000000000000e+00
1.310316302467925791e-02
5.046226638650396900e-04
4.073394118792217529e-03
3.449242400704943985e-03
-1.056049774452321247e-02
-1.034265672513508781e-03
1.133656523696369069e-03
-9.561744837882864279e-03
