7.461332617128913283e-03
1.338789292086768265e-02
1.212347550934615548e+00
1.257005808167185011e-02
5.951851380946004532e-04
1.630163322193715458e-04
1.621986645017189032e-04
-7.279037598298954137e-04
2.483223992494694096e-02
2.067079503486427762e-05
3.349627106730072141e-04
4.530953577489930657e-04
4.246891024466404034e-05
5.925225604656936609e-03
1.356351153844137460e-04
7.858473613717868777e-04
-4.150734620223713316e-04
1.262557396094887664e-03
2.367091709070123716e-05
6.131210085786135413e-05
1.062930487498681088e-03
1.293586176189576219e-04
1.212685520901960883e-04
3.619697429852131382e-04
9.688099982919269886e-05
9.838736203180432059e-05
1.761877750908006637e-04
8.350637160559282396e-04
-1.447793551772632312e-03
8.556198938808619705e-04
1.994408584565195489e-04
-1.701476713495290571e-03
3.023280623215300264e-03
3.630174304830968528e-03
5.392752163375498465e-04
0.000000000000000000e+00
2.764856451880293381e-04
1.582716954153869538e-04
2.541214535704661268e-04
4.282307867571703559e-04
2.482335771369907195e-03
-2.858088373301577965e-03
4.167136676375138293e-04
-2.115146145096632015e-04
2.440118590242778933e-03
-5.075593133658573347e-04
1.481286163316960223e-04
1.120875856500543576e-03
2.972859351189205326e-03
6.238963016177064183e-06
8.506730205769752690e-04
2.711324132598150866e-04
4.132592165596212235e-05
3.550493251207006203e-04
7.581289270674289034e-05
-2.006173214109170915e-03
-4.343548597794659070e-04
-4.299488996310311770e-06
1.268982939642127007e-03
-7.547936193167477555e-04
2.907477751063369700e-04
3.095043026193936789e-04
-5.069562088494332201e-04
4.209982635807815060e-04
2.315008995940170955e-03
9.578483301201737998e-06
1.260427955143842869e-03
1.076530937263120381e-04
3.593959609185522642e-03
2.923000574250631672e-02
7.857296709792590097e-04
4.832781371607645232e-03
5.659799105501677613e-02
1.213221617866781316e-04
3.621030983633754949e-05
0.000000000000000000e+00
-2.069737057767658320e-04
1.208794746380729507e-04
-1.348712536286988842e-04
8.429907157505429861e-04
2.100757601681713105e-03
1.263616784567611574e-03
2.813744580282155194e-03
1.157480695906665203e-03
-5.514012875229568236e-06
5.537753345118116453e-04
4.278321104796608414e-10
-5.537440221909198943e-04
9.037597184702317321e-05
1.108420521322243494e-05
1.112437011761395001e-03
1.785740449550635991e-04
2.638565009650169834e-05
2.533319617523677045e-05
2.351477587297701231e-04
-4.650406593880903325e-05
1.592609078512996598e-04
4.072012299995246407e-05
1.027404173275921705e-04
1.391738453095555381e-04
1.183503241392817439e-03
1.538715721853452787e-04
5.961008244657062114e-05
-9.832302064663863903e-04
-2.597072844741828750e-06
3.101512442753584780e-05
2.007280799501409696e-03
-2.904124230362755462e-03
9.089972427985444647e-05
7.706054310831008010e-04
-6.084163869336893369e-05
6.143374306393223621e-05
9.629169439236816980e-03
5.702541995996697650e-04
1.677657740814394137e-03
0.000000000000000000e+00
9.623068319167446245e-05
7.175090720742701269e-04
6.374542422863764027e-06
1.184665569599211766e-04
1.940172001648332589e-02
9.484734505330235917e-05
-4.325110501847510689e-05
-5.488253416187453680e-05
1.823553423136129760e-03
3.837429714088106628e-04
2.428572130101317679e-06
1.403950138473371821e-03
5.895301916556842069e-03
-5.867421292456616491e-07
5.976473562004554388e-06
1.199027945671060581e-04
5.297099381238456892e-05
4.630667162142036004e-04
4.461758931556906451e-05
6.423951972853725865e-05
1.341917469941892671e-03
1.195593809084664503e-03
3.722206385808890516e-04
2.886691244504691056e-03
4.272841604687179547e-04
1.157628595214732492e-03
2.691824684605714671e-04
2.172303620599317644e-04
-1.309669985088153911e-03
1.679819561299922203e-05
2.474120195132897154e-04
4.612712109553681055e-04
2.727100150345199915e-05
6.822555846714687842e-04
4.557552280025411800e-04
1.440326845207473474e-03
2.589498739956000439e-01
6.306764937490975335e-04
0.000000000000000000e+00
0.000000000000000000e+00
1.734008341809258752e-02
2.386820904793148391e-03
4.701254413532381386e-04
9.446214646099033668e-06
1.538628564973472954e-03
1.148262368497817321e-04
9.686964534872499321e-04
1.078975220055037590e-03
2.199372515036953301e-04
8.914093200955042640e-04
2.947668207122037601e-05
-5.382539547040821184e-05
-7.576786484454108299e-05
1.538945800486857197e-04
-1.431533862802554903e-03
1.541520877476831863e-03
3.326928658968923203e-04
1.554063426059570821e-04
1.021785876267481742e-04
-2.314559557623082145e-03
4.758873016300994163e-05
1.125976816370684698e-03
9.343395723954520950e-05
1.363554219270649926e-03
4.597295092479422064e-03
1.792373269499547453e-04
1.009059351821125187e-04
-1.021387277811758364e-04
1.776465204340086864e-04
1.347055773807485362e-06
-1.097819143369482831e-03
6.381926423649541885e-04
2.550486187132457522e-05
2.272483024374771855e-05
-1.863651724629174775e-04
2.806582109550574407e-04
6.136919622024376028e-04
-3.415838075859767371e-06
-4.018595619899775083e-07
0.000000000000000000e+00
1.934077123007578924e-03
4.708580746478841167e-04
0.000000000000000000e+00
1.242371244882282618e-04
1.190766962178383819e-04
-6.454288515874336007e-05
6.897735999587725200e-05
6.730708012048076906e-04
