1.450388022062475413e-01
6.536628434877171934e-01
1.052052575551871150e-01
0.000000000000000000e+00
8.372601924649943073e-02
1.940390360059734629e-02
3.558431563877621166e-04
1.143563159082612232e-02
-1.627210667336361329e-03
2.283845946183343453e-02
2.618960767854846151e-03
9.761536070254258485e-03
-9.587491854060973271e-04
6.629416478512458778e-03
1.522721835885810365e-02
7.250726122331130558e-04
2.428095362430456646e-03
3.258780500047049958e-03
1.025569933077001127e-03
6.680659713749751392e-03
2.479718173775517526e-03
1.466497946230653059e-03
1.061479242057034381e-02
-1.646606683436983333e-03
2.387554618269538496e-03
3.282434881857231729e-02
-5.637420190567417506e-04
1.339912509402048932e-03
6.745265618242024704e-03
-3.434098847518403993e-04
1.695161931662429212e-03
4.100960446923178002e-03
5.107940045729614242e-01
4.701641267569889315e-03
3.248457141638091288e-04
0.000000000000000000e+00
4.906733326114598795e-03
4.753900645399533435e-03
3.533331477359680228e-03
1.516661992585853318e-02
1.450423997983283329e-02
8.469014636097459831e-03
1.921787657159904940e-03
4.161838564239283937e-03
