7.031829419252548508e-02
7.820702252964866208e-01
1.215429993230452005e-01
0.000000000000000000e+00
1.405979105620073534e-02
1.182163411547249368e-02
5.130896956662133962e-06
1.339180949108846087e-02
2.583817151547829379e-03
8.167364287679316007e-03
6.475650208960311190e-04
3.718061682387892655e-03
6.363113532341942548e-04
1.180485371688858205e-02
2.251963354654133373e-03
1.162566143442574518e-03
-5.562936892140750477e-04
1.249254279702981946e-02
4.404422036019273352e-03
2.064842764323615576e-03
7.510709376787623633e-03
-1.951330063724683931e-04
2.766649424395307977e-02
1.007362134783843953e-03
6.601005023730251772e-04
2.128295456594493304e-02
3.127983575154979828e-04
2.154627230222705588e-03
-8.530258412260486797e-03
-3.473327117799862758e-03
-6.626686585666785047e-05
-4.281537108804234042e-03
4.850746979030845507e-01
3.364065010589641427e-03
5.056202401623751709e-03
0.000000000000000000e+00
8.477819208349815852e-03
2.745797513358135423e-03
2.655593323734350888e-03
1.157463381000101849e-02
1.523258346072474227e-02
6.382635372153829673e-03
-1.470641732504655418e-03
1.868320521499744567e-03
