1.008029649354099376e-05
1.621683860568969029e-05
1.953168913572938409e-05
7.180371410892329718e-05
1.255827065009493010e-04
5.020561681185327870e+03
1.015873691174346072e-05
1.809100496361408067e-05
2.784304894608307483e-05
3.614656602519415897e-05
8.850867537081020771e-05
3.753362156966941711e+03
6.996785537060720428e-06
9.795427170616032177e-06
1.770028639367327245e-05
3.192275160501413110e-04
3.215126235895040705e-04
6.845406646693593302e+02
1.134332673090314091e-05
1.318279364623084384e-05
4.377676091433576065e-05
5.614515291583905421e-05
2.285284171373510329e-04
7.343812075882815407e+03
1.161451562855621083e-06
1.234379938693771077e-05
7.021177389141915117e-05
1.111732810418880591e-04
1.770173507416204154e-04
5.039878267577364568e+03
7.695731858193669863e-06
1.784723844813628730e-05
3.129254227426932986e-05
1.066186692265982114e-04
1.102479157391938282e-04
1.510202545836757963e+03
3.341860341118425029e-05
3.437459693706707117e-05
5.289507522247224755e-05
5.553283365301109407e-05
1.173391313776450597e-04
5.828369039477917795e+03
7.288169805903551645e-06
2.317770354081923900e-05
4.172586875106914795e-05
5.299183713075183869e-05
7.226703082270857998e-05
3.563063260218586038e+03
1.443269813844932867e-05
1.726369137270243937e-05
2.464349615894107168e-05
4.808625392970822298e-04
4.833797618461995512e-04
6.509191171149835782e+02
5.194617344300014259e-05
5.763309460696163037e-05
8.803495124833399959e-05
1.121116432402935470e-04
1.770173507416204154e-04
7.284604223648336301e+03
2.926034953245918390e-05
2.998208757966597075e-05
4.822125553888819761e-05
4.873306562912776551e-05
6.258508454853865973e-05
2.423177454619972650e+03
4.602830188064931882e-06
1.245714111186194779e-05
1.450803456706798750e-05
1.704092336025303869e-04
1.718399155099310956e-04
7.010191484149552252e+02
2.500956735552322630e-05
3.679722130233659079e-05
5.922921080625890829e-05
9.830001487664931435e-05
1.035569753966006969e-04
3.525121580694300064e+03
4.248792941616240777e-05
4.425433768540510386e-05
6.634786795005783420e-05
7.449878890324659322e-05
1.242565438359135286e-04
2.354799508180393786e+03
9.471718768689979260e-06
1.461299708139669051e-05
2.221310706037305763e-05
4.682962103952771453e-05
4.779761856732181121e-05
1.191709372633325984e+03
6.654806531092652151e-06
2.789211072890776955e-05
3.027236720655338006e-05
3.159799681589659252e-05
8.850867537081020771e-05
3.651028082838768569e+03
1.289642450914967132e-05
1.302376334447536648e-05
2.118515122855069990e-05
2.320930065805279336e-05
3.386301483819847068e-05
5.225362901296665541e+02
4.259787423647253529e-06
5.238328555681326861e-06
1.651480234608902113e-05
2.209560910061892213e-05
2.229533803822959583e-05
7.461951580644740716e+02
4.798619857935261198e-06
7.064400576402781154e-06
1.277031682326372972e-05
1.286675772437207929e-05
1.428302606220655848e-05
7.520143659143510604e+02
4.505576322116107023e-06
5.721262751488803073e-06
1.034529604231168580e-05
1.099822390652518256e-05
1.277510748588495104e-05
6.301017781696876909e+02
1.681708212299516000e-05
2.619379863204800724e-05
4.879546399107568676e-05
5.110050755095447338e-05
5.765441657208599690e-05
3.434736357230049634e+03
1.990631816653150760e-05
2.187413331603415371e-05
3.771439750398027807e-05
4.761715975880324761e-05
6.167261001474799937e-05
1.602107863768699644e+03
8.004105489304928531e-06
1.736212398132273038e-05
1.936983360723211844e-05
2.491175646708262449e-05
2.838719921412379533e-05
7.344157897242179160e+02
9.113857942350167871e-06
9.194472593747107431e-06
1.073789678613005357e-05
1.320048694623844565e-05
1.564627064301119178e-05
6.801082900172017389e+02
5.874811364038817184e-06
6.159942786306839461e-06
6.405067044026513168e-06
1.151534375017774413e-05
1.334683892638941388e-05
5.843844455391055135e+02
1.329948443082154822e-05
2.247805777901690279e-05
2.444923577714007312e-05
3.622615962127416728e-05
6.092767415562938001e-05
2.265929329426613094e+03
1.352895777619868822e-05
1.529352620083098628e-05
2.295482793299593214e-05
2.747589173142022531e-05
5.539294343832423632e-05
2.283617679951854825e+03
3.279624698071603431e-06
9.249552415331152821e-06
1.443761500835603068e-05
1.004982840411912013e-04
1.054887300992074538e-04
4.642553455087875705e+02
2.266821747917054464e-06
5.253452319695741974e-06
1.657152713853482639e-05
1.958707705176233719e-05
2.148587978959482617e-05
7.039068673063806045e+02
5.321922224800361398e-06
5.569258125071057399e-06
5.677900845371263735e-06
6.244054636101966932e-06
1.106358442037298679e-05
5.477004738503343333e+02
3.111868861980287226e-05
3.170815074465615320e-05
3.176644756621415240e-05
3.790155973876207645e-05
8.850867537081020771e-05
3.613633768665546540e+03
9.168439923855920275e-06
1.315191214925820290e-05
1.569781826870081607e-05
1.628515259133219957e-05
2.303691007177221224e-05
7.488901640024363360e+02
4.053883458971774832e-06
7.341263437086250560e-06
9.033378834246233186e-06
1.435912852633270842e-05
1.593063016694878272e-05
6.557129797549546311e+02
2.526243633336034320e-06
3.968885824219819930e-06
1.004371057176252404e-05
1.497897489221522689e-05
1.999685032709992431e-05
6.451247928586337821e+02
2.749037831112023467e-06
5.912282077177679788e-06
9.834768088571252273e-06
1.160731355149515296e-05
1.216083073429933424e-05
5.837902761328974748e+02
1.022480739198793026e-05
1.988153872753943094e-05
3.089224709779617167e-05
4.269494183176759982e-05
4.854340071057686114e-05
1.600217620612395649e+03
3.590426947662887548e-06
1.726390322062389761e-05
1.786820245262885534e-05
1.837843038449927868e-05
2.366442162152769172e-05
5.813673848703059548e+02
5.045489001800699008e-06
8.879600794975381936e-06
1.362927569050833646e-05
1.860281638812257303e-05
2.931028733482354937e-05
4.885080313864189634e+02
7.499235493514871544e-06
1.273627094472315775e-05
1.399941206912907745e-05
1.885649028328693094e-05
2.489611981435521475e-05
2.244123002248891510e+02
4.398744746265415469e-06
7.269179993211759462e-06
8.682752698119094789e-06
1.179671609389400759e-05
1.186098007916377623e-05
6.066640437342787209e+02
2.021928849675250607e-05
2.653646550261203759e-05
2.916452424642603566e-05
4.896450743075535375e-05
4.928795355622300029e-05
3.209149043847608937e+03
2.559480500671255195e-06
3.696078630990684918e-06
1.421980610664240389e-05
1.953437739845055384e-05
2.064547579120960244e-05
4.820411251325177204e+02
2.600227792227230268e-06
6.119925276955543213e-06
7.610189770405300554e-06
3.944649085610026741e-05
3.979037042303420932e-05
7.098200323086088304e+01
6.026279125170650659e-06
1.050078277542540217e-05
1.316833173791205122e-05
1.395088424447424415e-05
1.552160301865237918e-05
3.082598953015810253e+02
3.591510033043022198e-06
4.638572379229085790e-06
5.137865703905794341e-06
6.552377116560692335e-06
1.195003696049605740e-05
5.522706239327463891e+02
1.663954062219318605e-05
2.096194077678724396e-05
2.528650068460691478e-05
2.828274710692427372e-05
9.560029577296318875e-05
3.231007105115257218e+03
1.622498317523105168e-06
6.446923667613933333e-06
1.169647240127515092e-05
1.524494413361706460e-05
3.613351541135428999e-05
1.842397147831084794e+03
1.143684945717977604e-06
4.626566407077627710e-06
7.436781938260584618e-06
9.318881870276931841e-06
3.081682619700119212e-05
2.077801267473693940e+02
5.113059374833275040e-06
7.982047767866318335e-06
1.037355178853882996e-05
1.531683902633451400e-05
1.801804273257320298e-05
5.607256151029348530e+02
3.253989885231864830e-06
3.505280470490619075e-06
5.019673443468385395e-06
6.066187339441988953e-06
1.427793869364312902e-05
5.281152815009598953e+02
8.783412097204410852e-06
1.067667801633622006e-05
1.310572906517357613e-05
1.724855433606281921e-05
6.759961742450190723e-05
2.313758871309134520e+03
8.633841602878745186e-06
1.276224388727097519e-05
1.665894305134046433e-05
1.911283707940342202e-05
6.258508454853865973e-05
2.314670644748193808e+03
6.326012264730589309e-06
9.533806383505759202e-06
1.717777015874733849e-05
2.126673844555605896e-05
2.353094135636974002e-05
8.976761553936742075e+02
6.325493352702468419e-06
8.577215493019100587e-06
9.473620359783036296e-06
1.236946089707422194e-05
1.359220103216290434e-05
5.546447991729999103e+02
1.516371516530546722e-06
3.704400414449451005e-06
5.387422669004266760e-06
1.009962456518838172e-05
1.125808762719084579e-05
4.980704643832417560e+02
1.273193580972361581e-05
2.544620339016348605e-05
2.594678872145091499e-05
3.529909427589182343e-05
1.084005462340628429e-04
3.365046694563963229e+03
8.141507055273538882e-06
8.353548655253517530e-06
9.396707966251516752e-06
1.649586205916568686e-05
1.706997239015941589e-05
4.579138286836811176e+02
3.493613340297568180e-06
4.409232601181281206e-06
1.223721225488254237e-05
1.255235032512898405e-05
1.629130339143082076e-05
5.273016913310634664e+02
3.707435800216294226e-06
4.635896469548491689e-06
9.442378417837184878e-06
1.213835314674171264e-05
1.316828832821103127e-05
5.394572201604622705e+02
5.051518880362443413e-06
6.649098440445070770e-06
7.981873549956049741e-06
9.033378832486803453e-06
1.127566386625372056e-05
5.350657360428381253e+02
2.098041490064782791e-06
8.432509483427185753e-06
1.124627411794815707e-05
2.305710224188592007e-05
3.793810784895932482e-05
1.721564800941456269e+03
6.703633415944755404e-07
1.954331147045769514e-06
7.518057979131451252e-06
3.727876594298693051e-05
3.806715426725597226e-05
1.604277970828322566e+02
3.259355706130021382e-06
4.944480221862008473e-06
8.380767652461385890e-06
9.578262403391775968e-06
1.054300804722877235e-05
2.284417060856354453e+02
1.745493569745586271e-06
3.319443913223153249e-06
9.961590038024619137e-06
1.036901937423820126e-05
1.344311445929538932e-05
4.047787874767381595e+02
2.647004080632059164e-06
7.823135551103628982e-06
8.679599977874808959e-06
1.682780479696136639e-05
1.899814373821293170e-05
5.518065156172418710e+02
2.332053599734047568e-05
2.455688861127661277e-05
3.192455394589702758e-05
3.967915457807581422e-05
8.850867537081020771e-05
3.172169659097756266e+03
2.301191737717703380e-06
3.005634123135889789e-06
4.256447265140041075e-06
4.334550012962619390e-06
1.277512688773861834e-05
5.482618471802555860e+02
2.258344713209643124e-06
2.871269236118094329e-06
3.717239800060829375e-06
6.598510657051253565e-06
9.898160623343663650e-06
1.564479227334942379e+02
8.468187715725286245e-07
4.458204897475589750e-06
4.575891246341569743e-06
5.673097547024289139e-06
7.773043476830569700e-06
6.819123863662665030e+01
1.874950774643660965e-06
2.506383226717242278e-06
3.911567777424235878e-06
7.035744440599225506e-06
8.647180433904358066e-06
2.810192077734432132e+02
3.281601840812853852e-06
1.886640262834427835e-05
2.233119106534998369e-05
3.585243876446954212e-05
8.850867537081020771e-05
3.012364545307118988e+03
3.087109269552584504e-06
6.452535625280386123e-06
1.160466756021631114e-05
1.299337387288737380e-05
3.129254227426932986e-05
1.482707578266320070e+03
2.778626471878820774e-06
3.815781348338415556e-06
5.580989322463956822e-06
8.124724825015422838e-06
9.033378852838572497e-06
3.709477011703809239e+02
2.120652378563014460e-06
4.972522778255365689e-06
5.672957219411494185e-06
5.707227120885272549e-06
7.890961461437411399e-06
2.630705211895229354e+02
1.013564326159743956e-06
2.054046394853356573e-06
2.241889140304618535e-06
2.695367591499162787e-06
6.987079644696091511e-06
2.921482250843175166e+02
9.763027899514073655e-06
1.149744991163159321e-05
1.725058883842298370e-05
1.950606339750637704e-05
5.713210428433775821e-05
1.961554479732246136e+03
1.389886489236477489e-05
1.511637086704267871e-05
1.996282892224219318e-05
2.339608846530183035e-05
5.713210428433775821e-05
1.961554479615891751e+03
1.915020716536506918e-06
2.569502912149308299e-06
2.849061446239720145e-06
6.901051527762160152e-06
1.254381456675001779e-05
6.895492183514924136e+02
3.045171212458927373e-06
3.478525289212512061e-06
5.152844310460951135e-06
6.584149685924759988e-06
7.602552131440571437e-06
2.523899704832525117e+02
4.409701544130828146e-07
5.704921538270008264e-07
1.872529188816656300e-06
2.921638104861143516e-06
4.790672580549957944e-06
2.786610442014552405e+02
1.621630268841905311e-05
3.738653643066784107e-05
3.820483020037355082e-05
5.113723969081525940e-05
5.557072771716316587e-05
3.189523242344724622e+03
3.757911213995630867e-06
3.848186641723912461e-06
5.246361930819778010e-06
5.758328935643612931e-06
8.965241212860074863e-06
1.266529904057513676e+02
1.595846742912519579e-06
3.840203134358292213e-06
4.423410836263355034e-06
5.975215657464884214e-06
7.577214933135598878e-06
2.359294526039485618e+02
1.645860938814384019e-06
3.672031929221158869e-06
4.886053014175462586e-06
5.796175084269276346e-06
5.975018451193169764e-06
2.737946818290555484e+02
1.298567902904686218e-06
2.051186576425034310e-06
2.258344725439245848e-06
3.188327365458405853e-06
3.405672955490901863e-06
2.898295919909560325e+02
5.463508583137114073e-06
7.659289518992898766e-06
1.476374738946547388e-05
2.430223026236429944e-05
2.450580686639711127e-05
1.506692204448758275e+03
3.193781721934654586e-06
5.885332865641642177e-06
6.132781071037338498e-06
9.740981602643880948e-06
1.415548740983780600e-05
2.789466513907275953e+02
1.491446232157270322e-06
4.516689426419286249e-06
4.948347806058426326e-06
6.607160239244153335e-06
9.504463650766616778e-06
2.044885325092187145e+02
1.229309329383681244e-06
3.269127362028110599e-06
4.645217280196880117e-06
5.828953735360740324e-06
7.054695328666161317e-06
4.610560662537871224e+01
1.416520442991678590e-06
3.718809004941248342e-06
3.769559961183846600e-06
3.911567782054385630e-06
6.594036393251636630e-06
2.897498629440015065e+02
2.374537098035885978e-05
2.545877712283014301e-05
4.563616585982341529e-05
8.510599882166232084e-05
8.835140186872476160e-05
3.612960494563364136e+03
2.870761905971964683e-06
7.084698417602551909e-06
1.033245912137990022e-05
8.478175683349679318e-05
8.621840048060032218e-05
2.028885803241510075e+02
7.963983963461775109e-06
1.368987300616601561e-05
1.646194318143544326e-05
1.814453002808189767e-05
2.509365806433856447e-05
1.969644006542664272e+02
1.521875437668412519e-05
1.562381477583957328e-05
1.865289958212353481e-05
2.677477710601688013e-05
2.885067747668982935e-05
4.193289410405682247e+02
7.169448624386385631e-06
1.119545278015234906e-05
1.121043902853202560e-05
1.647490609459850659e-05
1.686236577198641829e-05
6.413606145056696732e+02
2.919776677840974348e-05
4.425024566175854576e-05
5.550392918663516671e-05
8.550461194728542025e-05
1.063930058043881211e-04
3.551035531945492494e+03
2.185806661119340483e-05
2.443199504871399188e-05
3.221711840565093888e-05
3.335434314496735561e-05
5.420027311703142143e-05
1.690831423811717286e+03
1.357309390458752961e-05
1.790428312553629756e-05
2.083850623814333027e-05
2.227839632764306649e-05
2.796096394189957440e-05
4.766057205366145126e+02
6.387563425962022157e-06
8.026613138685728606e-06
9.063042148895565699e-06
1.016515666141166724e-05
1.802965961150101201e-05
6.625960100193929065e+02
3.371852363737932089e-06
4.033352668020030673e-06
6.096661791313407694e-06
9.011490807319373175e-06
1.219313074920529774e-05
6.170977782590427978e+02
3.305115133758752704e-06
1.131780340130969582e-05
2.828152387930879527e-05
3.103435954858749858e-05
6.310552980124070643e-05
2.357370875198132580e+03
2.122269841787770124e-05
2.200573551611367579e-05
3.426277889801913987e-05
3.467448194221783034e-05
5.868873967039319725e-05
2.355282027024150011e+03
1.817963243780273165e-06
3.121014522076477558e-06
1.200200813169705347e-05
7.109824842875090789e-05
7.269457415272196732e-05
7.105559147006310923e+02
1.754661735519562503e-06
5.281641481569757119e-06
1.195003690857762013e-05
1.547245867449756018e-05
2.236852187901806855e-05
6.626219837350855641e+02
3.738572736756325748e-06
5.100986625965478677e-06
7.089888725031533502e-06
1.102383071937865291e-05
1.582319434348216492e-05
5.426846651843032987e+02
2.012193779572018848e-05
2.474120745583090799e-05
4.740076417195952991e-05
9.387227193809191618e-05
1.174925380195772872e-04
3.549748133396279172e+03
9.017429572321850249e-07
7.253515928092197269e-06
1.260015167406125140e-05
1.312024179213837740e-05
1.410586069547152816e-05
6.063253292816814337e+02
3.350814612035932647e-06
7.266948551792175153e-06
8.356204776220205798e-06
1.397478656474006664e-05
1.655000475016431467e-05
6.374235565798305743e+02
7.197953835368325380e-06
9.898568124322989299e-06
1.242497745204291619e-05
1.462952964632800804e-05
1.599812644835746611e-05
6.300558338824392877e+02
1.502659850183457670e-06
1.578681791054491890e-06
8.041498032085040901e-06
1.132410453677426018e-05
1.277512684080526135e-05
6.062472333127783486e+02
7.115647799644142686e-06
1.611247238245987396e-05
2.208229772227812189e-05
2.467000751979470238e-05
3.613351541135428999e-05
1.652739685132189152e+03
3.115893265066254622e-06
1.554488482518550480e-05
2.206161046790169769e-05
2.928333537359978567e-05
3.075788396136845557e-05
3.711335224135340241e+02
3.945840504109533169e-06
1.041616839237266910e-05
1.099613715905999139e-05
1.988261943657005127e-05
3.060012394598823698e-05
5.164877437931513668e+02
1.830864362952945965e-06
1.079680961370439911e-05
1.102719603391350255e-05
2.776032421588870639e-05
2.999499409029296362e-05
5.526589641683015088e+02
5.693087864291664559e-06
6.119975592437799392e-06
9.497606785617361520e-06
1.104803128934266827e-05
1.664009171769410841e-05
6.411916152178208677e+02
6.171105602507658055e-06
3.102800145167280201e-05
4.654501474665349929e-05
4.893299327805463968e-05
1.022010151019089468e-04
3.176712919256799523e+03
7.462360528426595309e-06
9.583235838921397973e-06
9.843896384080633627e-06
3.169071170815489712e-05
3.438598211831298256e-05
8.859226239213589906e+02
5.690518364907064818e-06
7.735589015614727980e-06
1.070063109073342084e-05
2.208021514485079275e-05
3.568136449720803015e-05
1.016709434132595675e+03
1.386228488615058112e-06
5.041765112854920755e-06
1.096107030088038086e-05
3.178448008224857865e-05
4.000316845799959411e-05
1.012720712392841847e+03
2.230344174449290415e-06
8.746531435366096773e-06
9.798914336133881836e-06
1.031448250141266771e-05
2.517487354130262686e-05
8.745851125309442295e+02
2.519180427213386866e-06
1.881080839526475839e-05
3.641540777712200841e-05
9.502575555100479610e-05
1.022010151019089468e-04
3.276334686638812855e+03
4.733284029550899688e-06
9.872373631491986675e-06
1.779923484170307742e-05
1.016920760948174197e-04
1.217712342271082325e-04
1.183612986517162426e+03
5.328188022968046890e-06
1.083064072761127672e-05
1.131564500950520754e-05
2.492318789942311405e-05
2.753336850932446413e-05
1.008844331095570396e+03
4.223930886553323356e-06
7.078309190907172437e-06
7.141512999659083511e-06
1.805509440406116316e-05
3.257716392476899198e-05
9.719240406464595026e+02
1.892638506233599000e-06
2.145500085499579429e-06
5.227875056875340468e-06
8.142577622519022094e-06
1.421984915429572123e-05
8.169653999615682096e+02
3.387711518723840310e-06
6.042976202949598749e-06
1.283613096858864080e-05
2.204673830138263792e-05
4.039849836291223263e-05
1.385023935282630191e+03
7.836412149776917225e-06
8.940779688787136732e-06
2.692244224467410976e-05
4.039849836291223263e-05
5.593504192807163637e-05
1.425963587353710409e+03
1.463613836444979289e-06
7.015852592491968600e-06
1.355006820623265978e-05
2.287454859440722125e-05
4.413258307420661012e-05
6.901009296503017367e+02
2.638410565105008485e-06
8.541045958077052153e-06
9.581345123289435772e-06
9.825805971753870090e-06
3.366937547967147645e-05
9.695443576965132024e+02
2.303669386373808111e-06
5.086166555668983676e-06
7.693362350136912617e-06
1.172151559895402799e-05
1.470375480683618955e-05
7.757497231027632552e+02
1.247666768955303068e-05
2.617728933898216280e-05
2.806838953904917949e-05
8.850867537081020771e-05
1.030804297866950525e-04
3.214990562620893797e+03
2.570035416988885235e-06
8.980781226743706714e-06
1.106358438923357046e-05
2.118815865160300857e-05
2.402537118130909920e-05
1.014997579745183089e+03
2.662004208163088258e-06
3.113463247682193249e-06
4.538088164194748608e-06
2.136907461883636640e-05
2.410011967215977845e-05
9.714712842883709527e+02
5.665681285266630306e-06
8.597906082839780779e-06
9.406000077447203314e-06
1.446760986716238351e-05
2.015433766222049107e-05
9.273363007113428012e+02
2.885202600002977356e-06
6.862377321431186291e-06
8.746531438469740688e-06
1.128292372029954015e-05
1.721401796991374285e-05
8.222080357157478829e+02
7.416914241738608890e-06
8.986687537145510808e-06
2.514919346266619472e-05
4.425433768540510386e-05
6.217205748977949818e-05
1.248825247105929975e+03
1.354314393194020000e-06
4.019148496921908050e-06
1.158106793839464400e-05
2.657301339274536933e-05
3.277773381464119427e-05
9.887206683862274303e+02
2.288271834557863388e-06
4.225392228411257784e-06
7.823135565481460996e-06
8.624838651224945389e-06
1.823092522587462053e-05
9.786656587272539127e+02
6.309907546430272817e-06
1.398610600675755725e-05
1.428302603220170551e-05
1.581376051793053508e-05
3.506984417810931893e-05
9.778070072472656875e+02
3.421705519552662320e-06
3.831053448705268594e-06
6.972881101618252449e-06
9.033378807526567007e-06
2.808148069496774874e-05
8.738798301316898005e+02
8.010424205033061585e-05
1.239350567262407685e-04
1.441799923409334684e-04
1.574754376303281003e-04
2.342515569133309800e-04
4.206737480015592810e-04
3.414033075488396662e+03
5.426316960963965357e+03
1.342743629680691447e+04
1.190729106953176137e-05
1.625115943090902384e-05
1.793141865358709693e-05
2.148406671338300682e-05
7.742999157922078493e-05
8.721643881269586934e-05
8.321924539000953018e+02
2.154709987544890282e+03
3.632506229007602542e+03
2.094942275185765533e-05
3.171360353815312220e-05
5.012483187854010943e-05
5.131498622820083446e-05
5.144241827813113874e-05
6.701723039089018893e-05
1.350148756382797501e+03
1.516653276153475190e+03
3.658557525229871771e+03
1.617488525450439034e-05
1.702677975585712165e-05
3.484031013606660675e-05
4.097404106775861393e-05
5.932923219354406243e-05
6.636782988983218486e-05
1.399268737238119684e+03
1.659143322551741221e+03
3.701639000360674345e+03
1.216775704268054483e-04
1.349039815284069378e-04
1.944185704641623663e-04
3.468286664110234582e-04
3.759774775567100466e-04
4.542121775162175534e-04
9.230773104066955739e+02
4.801754347677134319e+03
1.362862018158549472e+04
3.721166793395545939e-05
3.995715210100572409e-05
4.964967745627920363e-05
8.019564000547419553e-05
1.094482122767776307e-04
1.604304736380902897e-04
1.139868490574071302e+03
3.705204290064681572e+03
5.476552171207896208e+03
1.121436601382657710e-05
1.873928571483182018e-05
2.358685421877076526e-05
3.865496147741839274e-05
4.467208472726969676e-05
6.960491163600134111e-05
1.555831749482525083e+03
2.029988911556520634e+03
3.671475308688921359e+03
7.459781430746072448e-06
1.225108563419823587e-05
3.317281189708940826e-05
4.595783614350004693e-05
4.884471024638661484e-05
7.851873999824021146e-05
1.188834621429498611e+03
1.370063741307116516e+03
3.621419834999256636e+03
2.786102555665233109e-05
5.812488385390546421e-05
1.003059207160133143e-04
1.328915969180314953e-04
1.526227959433146925e-04
2.739172596362892884e-04
1.480285946982004816e+03
6.001006049851662283e+03
9.008355017627793131e+03
4.515880283519856629e-05
4.545904093375025158e-05
1.182270288726269776e-04
1.891642089433195895e-04
2.396753337559633080e-04
3.006141464084783775e-04
7.834706890965092043e+02
5.360315472676509671e+03
9.574366817221398378e+03
2.073503859197939499e-05
3.690339249877708016e-05
5.376992313993541760e-05
5.428666789908892867e-05
5.801666198893072179e-05
1.108391321060570375e-04
1.467440999501437773e+03
3.650930741699533883e+03
3.921364348500414508e+03
1.869418331398658715e-05
2.785540173183922476e-05
2.904293586705122430e-05
3.092988797132028834e-05
4.260614523753696118e-05
5.377237427948003466e-05
9.595426116921722723e+02
1.102000810103387494e+03
3.620698607599523712e+03
6.620551123823374749e-05
8.334148228535135847e-05
1.353173948070358922e-04
1.903063579655725522e-04
2.335887642364581210e-04
4.080724088334480989e-04
3.616393239978131533e+03
5.445274061015933512e+03
1.359115080328472686e+04
1.795317809462202612e-05
2.100227062936595607e-05
2.269510903882036046e-05
3.025874219761378987e-05
3.414047799953551693e-05
5.652517493915051216e-05
1.225799130578535596e+03
1.281543249231048776e+03
3.647765502621076394e+03
1.173577441696817125e-05
1.344805136178426876e-05
1.556137778182838167e-05
2.094343632538699372e-05
2.549045297483532274e-05
4.770151400878577358e-05
4.818235532161156129e+02
1.144389235366761341e+03
3.598264453859440891e+03
7.135060388895409089e-06
1.333478873413024042e-05
2.106441980747005059e-05
3.982385308471995901e-05
5.461717502436541882e-05
5.994479277734884149e-05
1.014241288316775353e+03
1.094400525653067234e+03
3.590224513977545030e+03
5.164839851020196053e-05
6.182533172060719878e-05
6.536637062445726902e-05
9.222063837935063745e-05
2.530249794568766833e-04
2.780191057297203981e-04
2.099203316285021629e+03
3.655916643615452358e+03
5.257357724110099298e+03
1.941427580585105211e-06
1.522155861275494044e-05
1.910550644522839974e-05
3.887101317852249686e-05
5.320253642303872951e-05
8.064126708344559948e-05
1.335239626739026335e+03
1.602803007447533901e+03
3.696464920917235304e+03
2.412637871029616423e-05
3.288334216305611812e-05
3.700675968912748025e-05
4.108039637263759952e-05
5.344566438226440084e-05
8.108248089051455041e-05
1.320610289251737640e+03
1.391276389656999527e+03
3.677180483366903445e+03
1.576763322419280741e-05
2.555025377547723669e-05
2.713751441348688924e-05
3.375977187537591878e-05
4.173732747999340322e-05
5.634812353693600099e-05
5.360948132586785277e+02
1.232564596160738120e+03
3.609009275388305468e+03
6.092762538242266099e-05
1.136832355677070940e-04
1.497426852473461340e-04
1.780882838091421691e-04
2.056076808670356153e-04
2.110148765559268923e-04
1.230940369396488904e+03
2.956326280234010028e+03
3.415534967804251210e+03
3.436954102874371983e+03
3.478954185245178451e+03
9.365045002617071077e+03
1.563898050603083445e-05
3.461598755838009018e-05
4.171906750563820994e-05
4.411752682965125195e-05
4.548549816286575834e-05
4.798120432787678915e-05
1.150183398938072060e+03
1.586789947304459929e+03
1.687021298296973555e+03
2.649250501131902638e+03
3.421761251781487317e+03
3.452997840292087858e+03
1.837284546799248752e-05
3.234491372470754391e-05
3.523577213075517069e-05
3.767608070242005092e-05
3.773505777279132222e-05
4.250789356589347693e-05
1.108716367006578139e+03
1.451498273963433348e+03
1.541665137473676850e+03
1.569436400684822047e+03
3.410982060797675331e+03
3.470091412703159222e+03
1.802683771299498370e-05
2.083791106821961608e-05
2.536903915295667146e-05
2.584219181417745409e-05
2.670127465988195287e-05
3.056254335407812393e-05
8.441712910245648800e+02
1.214701538314159734e+03
1.420290387786185875e+03
1.524425494546255322e+03
3.406128015081421381e+03
3.469826349390914856e+03
5.510183000596922102e-05
1.017091714406665387e-04
1.397958794079715049e-04
1.437704517600407403e-04
2.512126154098326923e-04
2.924778135853579094e-04
1.403897322424748609e+03
2.889798296686511549e+03
3.352427665427541797e+03
3.427136248549250013e+03
3.632730134866580102e+03
9.579059889154077609e+03
3.260449834956497179e-05
4.063454929356133752e-05
4.102909960181784466e-05
6.806027107157776388e-05
7.745873074954064727e-05
1.090215640535498648e-04
8.444864585793953893e+02
1.335871017749954717e+03
2.092249116590840458e+03
2.846215438076103965e+03
3.519087547669406376e+03
7.296528652452449023e+03
1.877437054537058831e-05
3.434939657323696964e-05
3.447422029537324065e-05
4.622024300480479035e-05
5.093515259997302859e-05
5.272379223055791256e-05
1.148561342299822854e+03
1.564978984952439077e+03
1.630781996844620153e+03
1.851707212447939582e+03
3.412116600656710943e+03
3.493505883748459382e+03
5.711947502206740462e-06
1.849424950877930876e-05
2.240810665202451886e-05
3.056869155126644991e-05
4.138591410724671535e-05
4.911959517149517901e-05
4.865246796465231682e+02
1.197963640863929641e+03
1.406116724058326099e+03
1.490238702152567384e+03
3.392105231374292998e+03
3.430503904374336798e+03
8.509567791360712419e-05
1.059786858183864501e-04
2.073582162446552279e-04
2.287258819393593416e-04
2.382899664666286049e-04
2.784818714081272622e-04
1.330959482626366253e+03
2.668536872826823583e+03
3.126605008309467848e+03
4.352896437636523842e+03
5.135825105024795448e+03
6.506780234773813390e+03
7.085873988459456375e-06
3.650635164557705626e-05
6.103868781108799961e-05
7.537724300265626640e-05
1.179523559408736025e-04
1.222158452065125070e-04
1.728672792422327120e+02
1.634315970280210877e+03
2.342061425347365457e+03
4.343700096551658135e+03
4.871893346142343034e+03
9.534633078814704277e+03
7.875516392042579059e-06
1.598472670069902443e-05
2.566783516430689633e-05
6.561940257744068594e-05
9.914656072105377865e-05
1.071002107115570905e-04
9.513218972742353117e+02
1.553023014980751668e+03
1.895613560589182498e+03
2.994118482703994232e+03
3.337375995486421743e+03
3.460640205230564334e+03
1.701682772674611009e-05
1.864132157031062544e-05
1.961844331157882945e-05
2.141202851363367183e-05
4.754534026683103465e-05
6.015676531867730569e-05
9.396585114526959615e+02
9.543645545918262769e+02
1.008316053369277029e+03
1.433375634194848089e+03
3.392816692476258140e+03
3.435390322564228427e+03
8.445315692390087490e-05
1.904822258035199082e-04
2.000432636941934701e-04
2.108919556411338505e-04
2.136967566051810492e-04
2.558229899564699937e-04
1.303475107890762274e+03
2.850701912361509130e+03
3.327948222024922870e+03
3.487630838577793384e+03
3.612342286505695938e+03
9.291448760519702773e+03
5.387899825890775646e-06
1.926411404737334222e-05
2.188678653383111761e-05
3.312438052173925052e-05
3.652049153913582629e-05
3.818717176427548362e-05
6.164294074064887354e+02
1.219644088325496568e+03
1.442720465417088690e+03
1.509647054755807403e+03
3.397554009395828871e+03
3.437577370549952775e+03
4.204862118525938196e-06
7.687358151013892822e-06
1.570893088143969667e-05
2.394154630890515389e-05
4.563537251877418198e-05
4.991453055400996966e-05
3.395093658630379991e+02
1.187861477152069938e+03
1.365427091311366667e+03
1.495490215830368015e+03
3.393230249276181439e+03
3.438120644804112089e+03
1.047912032307646113e-05
2.149432964093462984e-05
2.546460856470223122e-05
3.030381287573818803e-05
3.070928346001629668e-05
4.751823227813292715e-05
9.685583591201514082e+02
1.001385031674914899e+03
1.031039845455593650e+03
1.441933756983279864e+03
3.397366092355735873e+03
3.441660426371131962e+03
3.827347675373537816e-05
5.315122242086004324e-05
5.420447922692546124e-05
5.611403181460055366e-05
7.456645167695291003e-05
1.126581003104066463e-04
8.773925091939291860e+02
1.502336632087708722e+03
1.762775096574551753e+03
3.014687202360366427e+03
3.259399201361464748e+03
3.434980054724709134e+03
4.048661667973562573e-06
1.209984382339995033e-05
2.320916996195222453e-05
2.768081754301895232e-05
3.128110663100391355e-05
3.400231564617216783e-05
1.092420940472047278e+03
1.405210033165907134e+03
1.556518640626351726e+03
1.642351293704513409e+03
3.388614048434929373e+03
3.419177906884620825e+03
1.017622790415173968e-05
1.346240759493190594e-05
2.731378762593720597e-05
4.155463421911230210e-05
4.306962986235280300e-05
5.258379052356476179e-05
9.593667187931524722e+02
1.217168550231127256e+03
1.488358304066154915e+03
1.527284183345447673e+03
3.355939954612175370e+03
3.393121519249494668e+03
8.053476598306891977e-06
1.449997756385559657e-05
2.533629523480888964e-05
4.424000499380225683e-05
5.145353397740069095e-05
5.445781527321057197e-05
9.570799246661608777e+02
1.137957157274836618e+03
1.149286214700357959e+03
1.401342168661958794e+03
3.357713404017138146e+03
3.394146543900713823e+03
