2.547504029227506961e-01 -1.203037032550458713e-01 8.462342542179033741e-03 -1.169161523750312549e-02 -5.261818428350079936e-03 -4.003773208211106743e-03 -1.220732508270103989e-01 3.417342704431573092e-02 -1.324518320709237862e-01 -1.252926665219281088e-01 5.721005642178939032e-02 1.191054616623618001e-01
-1.114385236707125387e-01 1.323819272269145253e-01 6.283562434886209858e-03 -1.280664125726078961e-02 2.984997038873111672e-02 -6.555142679500874751e-03 4.021193102417214282e-02 -4.543771776582514882e-02 4.082048603526808317e-02 8.171121399578840094e-02 -8.094067764215759353e-02 -1.004951218454249867e-01
1.093276455215278463e-02 5.680150912657606910e-02 5.888896619899978147e-01 -4.052365525246933234e-03 -7.199878536192242350e-03 -1.554404537872794076e-02 -1.751455191903385500e-01 5.765399587690276523e-02 -2.764895475106643463e-01 1.653281996730753267e-01 -9.894676777574473725e-02 -2.498846000294148162e-01
-1.169161523750312549e-02 -1.280664125726078961e-02 -4.052365525246933234e-03 6.329163067767414573e-03 1.106170047753441028e-03 1.118395540605658309e-02 -1.146785704106394709e-03 1.418668077884500944e-02 -4.708666084130877852e-03 2.835753944846545940e-03 7.419955250990910127e-03 -1.808710835530623036e-03
-5.261818428350079936e-03 2.984997038873111672e-02 -7.199878536192242350e-03 -3.900819724655930589e-05 -3.276510184310090640e-02 7.983129659637579201e-03 4.008917417574963185e-03 -2.746535800042576581e-02 1.361181653031554722e-02 5.599713106036887473e-04 -6.852774953214739190e-04 2.144110405766372178e-03
-4.003773208211106743e-03 -6.555142679500874751e-03 -1.554404537872794076e-02 8.488167705501152094e-04 1.456762242979407762e-02 2.831225339699999441e-02 -1.905397403670585103e-03 2.378900256876427879e-02 -4.386892428467886046e-03 -3.535485223573346571e-03 -1.084126158358208677e-02 -6.300025802507136106e-05
-1.220732508270103989e-01 4.021193102417214282e-02 -1.751455191903385500e-01 -1.146785704106394709e-03 4.008917417574963185e-03 -1.905397403670585103e-03 1.146243792438482595e-01 -4.318641351281907875e-02 1.566701609076502077e-01 9.699803031572277676e-03 5.122529265563535369e-03 1.638384976872638357e-02
3.417342704431573092e-02 -4.543771776582514882e-02 5.765399587690276523e-02 1.418668077884500944e-02 -2.746535800042576581e-02 2.378900256876427879e-02 -3.993543416981908123e-02 3.817884069981825057e-02 -5.326882635259148208e-02 -4.834418255262157814e-04 3.351789845380331260e-03 -1.122688065726358368e-02
-1.324518320709237862e-01 4.082048603526808317e-02 -2.764895475106643463e-01 -4.708666084130877852e-03 1.361181653031554722e-02 -4.386892428467886046e-03 1.568373239955318243e-01 -5.580318189133257056e-02 3.095611977159991590e-01 -1.958080493158569427e-02 7.616292024857798746e-04 -2.962323109845261052e-02
-1.252926665219281088e-01 8.171121399578840094e-02 1.653281996730753267e-01 2.835753944846545940e-03 5.599713106036887473e-04 -3.535485223573346571e-03 9.699803031572277676e-03 -4.834418255262157814e-04 -1.958080493158569427e-02 1.207917505449775109e-01 -7.968707512774809987e-02 -1.597703010201955431e-01
5.721005642178939032e-02 -8.094067764215759353e-02 -9.894676777574473725e-02 7.419955250990910127e-03 -6.852774953214739190e-04 -1.084126158358208677e-02 5.122529265563535369e-03 3.351789845380331260e-03 7.616292024857798746e-04 -7.941661885474810001e-02 7.192037577468878007e-02 1.265831906672629237e-01
1.191054616623618001e-01 -1.004951218454249867e-01 -2.498846000294148162e-01 -1.808710835530623036e-03 2.144110405766372178e-03 -6.300025802507136106e-05 1.638384976872638357e-02 -1.122688065726358368e-02 -2.962323109845261052e-02 -1.411801691462074293e-01 1.065447010132872796e-01 2.726803970583329129e-01
