2.175598212865031300e+00
2.684927985949724094e-02
1.658002038851987545e-04
-2.258144493861487866e-05
7.537493291035531756e-03
8.542080595640359590e-04
4.366742415367175917e-02
8.427440407762864724e-03
1.576743651466354032e-04
4.997940133105209341e-03
2.255150665760208176e-04
3.164144785757920021e-04
6.818487534749976750e-03
4.214704317956415752e-04
8.339597942468302265e-05
2.711132368589989471e-03
2.917931660066930209e-05
1.076846178410847087e-03
1.562461098308391173e-03
3.892481081630982671e-05
6.917420058865087200e-05
7.574965667237107110e-05
1.070235805323616117e-04
-2.737120058172356273e-05
1.873535938380725200e-05
2.476553220202385670e-06
2.622672834662331724e-06
3.285303707033134104e-05
1.207398046982444102e-04
8.280152083181372151e-05
6.353660089001659553e-06
8.550243206671525719e-04
2.171156707442574831e-04
0.000000000000000000e+00
1.160283405699624710e-04
1.429481088178160056e-04
2.007397869898304985e-04
1.371699987550526849e-05
8.476158103791024679e-05
2.946588385142056985e-05
4.024973897827818081e-06
2.223985400608974452e-05
2.331485711842184918e-03
4.382453223656194443e-05
1.752808058389649856e-02
5.358461818181003760e-04
1.047915874935164424e-03
4.355878532364965139e-04
8.540469518972581891e-04
1.608629533151247635e-03
1.318864944342967860e-04
9.452318638803728799e-04
3.338009165581763975e-04
2.523605694913019109e-04
1.750629672174023804e-05
1.593667839533257913e-01
-4.746213982067833516e-04
-3.693693983740494401e-04
2.844586629233332724e-04
4.750991715270676613e-06
-7.142569324460889559e-05
5.913867898337995253e-05
-4.787543711174772718e-07
-1.576694986201350955e-07
-3.470949556868181950e-06
1.015252470396192175e-03
4.754590573886237630e-05
9.019715603817535232e-03
1.806302757597115169e-04
1.137519630867596908e-03
5.533220624870879151e-03
2.412328396001635605e-03
4.703586733474151909e-04
0.000000000000000000e+00
4.155904604522531187e-04
8.373635567109127603e-04
1.839093073807622047e-04
1.768311168996798168e-03
1.510843674957721816e-04
9.558310007640179895e-06
7.360036577295226410e-05
1.222414142159585274e-04
6.296067456677901034e-03
1.062219370225658875e-04
1.339164918350355072e-03
9.443992336978827232e-04
2.955780000759043735e-02
3.600528555554816101e-03
9.366108700850749990e-04
3.742076124888971014e-04
4.272026018744027546e-04
8.150132256706133383e-04
3.279286543399854699e-04
2.520923912010234911e-04
1.046377477251336758e-04
6.897372149747194384e-03
1.220938270194427133e-04
5.818307062842216639e-05
3.144135703832281028e-04
2.614500942199537992e-02
6.859706269753592003e-06
-5.903550765102849325e-05
1.090410048470472987e-04
2.490454915579162092e-04
1.404026938816767651e-05
7.192676338652059798e-05
-1.210288051984124596e-05
5.697302439012415514e-05
3.698729069745443354e-05
1.567005007685399575e-04
1.067325960754169246e-04
1.072241745709486411e-04
1.920106344183084956e-04
0.000000000000000000e+00
-4.460972192209163169e-05
2.088180823251573168e-04
5.713728798961703603e-05
1.400929253196310845e-04
2.011525275718017912e-05
4.083639261518445671e-05
2.133726436404081909e-06
3.976856624944661987e-05
3.950857031981924380e-03
2.361827807899619035e-05
1.816857401261329913e-02
1.190825237999152677e-03
1.586947448064239263e-01
1.004684038419293053e-02
8.834626951932229811e-04
6.322411492136748295e-05
1.079238882102499276e-03
3.891862673645866575e-04
5.171644228264253183e-04
1.475269999525000988e-04
1.318446349333498137e-04
1.210902114875794661e-01
3.210030797403318897e-02
3.264633078570981393e-04
2.178907672755562577e-04
2.554971726376131617e-03
1.801838525699706148e-04
1.613645311261032510e-05
3.185847144995580804e-02
4.877629749528988596e-05
6.160358688453993468e-05
7.035471050199267333e-05
-1.003417602741511235e-04
2.452147675455762374e-05
-8.061033392037230899e-06
5.890641139745985544e-06
5.374503942254804520e-05
2.150476470072138022e-03
0.000000000000000000e+00
0.000000000000000000e+00
3.513527974069134176e-03
1.368438841053724311e-03
1.491744043682130592e-04
-5.757969261552586598e-04
5.948495822849509010e-06
1.170120505531446787e-05
-3.764909223054798210e-06
-7.610323938642694062e-05
1.353297584690456820e-05
3.226607785292342074e-05
4.520463825431682812e-03
1.339361607146768041e-03
1.946130617447172726e-03
2.275678139690967897e-02
1.357510168267432029e-03
7.014612314915810156e-04
5.407761737823646659e-04
2.256058056239555190e-04
4.361163307184131145e-04
3.082912577798121133e-03
6.842203852664615065e-05
3.070105245201496750e-04
-6.018313551418537962e-04
2.482356515573232560e-04
-1.702028422327694966e-04
2.766438614282947395e-03
1.152439074323385915e-05
2.785060745033411249e-05
-5.178920790149070248e-05
6.727503984899444736e-05
7.207923404532283463e-05
2.002071287724819720e-05
4.515551113078701160e-04
3.003074533474666460e-04
2.068577317995886207e-05
4.568929535967806807e-06
-3.235536564856941044e-05
3.911472928545360256e-06
1.415460597166702181e-02
0.000000000000000000e+00
-9.079218480637271367e-05
4.653133154040774302e-05
0.000000000000000000e+00
2.616393571221194755e-03
2.119543784040297195e-04
2.957010814542397224e-04
2.707088157395028737e-05
2.636533502507587665e-04
