1.666793459962148394e-01
0.000000000000000000e+00
1.416360427984736728e-02
3.258292064242307527e-03
-4.661300398733358996e-03
7.253017831857093249e-03
9.126413393770078930e-03
1.902386217781098718e-02
6.522782442044420571e-03
1.509892626281394284e-02
3.220755963426578244e-02
9.883216619212950235e-04
1.337045842843439213e-02
1.509549936804678860e-01
1.004810397110616205e-01
1.042292960609008182e-02
1.180268885271275499e-02
7.867166631189307507e-03
4.483365780362836422e-02
6.943125842126803698e-03
2.905840446094565179e-03
-2.982033675558811402e-03
8.759937996535930790e-03
1.522888947300460370e-04
-6.308861209029507054e-03
2.230556202848547279e-03
1.261539554868881634e-02
4.309553469785594795e-03
2.898963552985074892e-03
1.372074616925414610e-02
9.435367442557636430e-02
3.984410027268643802e-03
4.720145197548634812e-03
0.000000000000000000e+00
7.266018953549074899e-02
2.549674865835268103e-03
6.659400605763199582e-04
1.141211622625527139e-02
9.425757869563537381e-03
1.202464996333432908e-02
2.059456182101911548e-03
7.923681478389702978e-03
8.728314073395641165e-03
2.015492127827404282e-03
