1.310886448547017080e+00
0.000000000000000000e+00
2.271307871933232400e-02
3.298119617539674309e-04
7.819914992871134993e-03
5.000496890469130831e-03
1.300543095978853696e-02
2.162429216278135072e-02
1.294673352726540168e-02
3.152640197483735918e-03
1.320094628584726239e-02
1.704202667433644524e-03
-3.515138584540837292e-03
9.727506602017094162e-02
2.347431556771201744e-01
2.496674556946065597e-03
2.677877358071318117e-02
2.941290274355194342e-02
8.381838905154034153e-03
1.416538604018209916e-04
-5.810679633494538095e-03
-1.647493095664601982e-03
-8.528638163218804635e-05
-1.772448975276685835e-03
-1.337478534754047701e-03
5.903607704990151278e-03
-1.057710397384581304e-03
-5.872901356875245317e-03
6.819581552167663929e-04
1.363671174473868406e-03
1.181168401983900829e-03
3.551819249533068323e-02
6.210322367820516123e-03
0.000000000000000000e+00
5.095865583813880689e-02
2.184373638010860680e-02
4.831792926718484621e-03
2.641094986354660355e-03
2.387572629274877292e-04
-1.061785997219999488e-03
1.516874212152223048e-05
1.598615310123507828e-04
2.672725266748002607e-02
3.742921024971979311e-04
