1.864049080359914956e-01
0.000000000000000000e+00
-8.493283338420453896e-03
2.568692218426356887e-03
3.332491429948528962e-03
4.236237967557779892e-03
3.504076086637963796e-03
1.042851960979673115e-02
6.738975395868406978e-03
7.770263499125470465e-03
2.632769892590337835e-02
5.193223695001932590e-04
1.311113494255016290e-02
1.372818404658988356e-01
1.255460980954537231e-01
7.293771990871030300e-03
9.011987547379899169e-03
1.778958893411222014e-02
5.409270668598242793e-02
-8.237274603546618440e-04
2.499383468655458178e-03
-4.437308728947615862e-03
-5.043150665089868746e-04
3.389738136978063653e-03
4.673397452149600888e-03
4.200985396303943265e-05
1.362480844017283435e-02
2.006532545769101894e-03
1.498164515531315733e-03
3.648645839721028229e-03
5.658195188358778466e-02
2.869990936762064075e-04
6.144003331261268077e-04
0.000000000000000000e+00
5.425206106043271165e-02
3.691343695561307260e-04
2.347018641979392584e-05
8.212935356680890753e-03
1.823059287702494605e-02
9.420398110615990292e-03
5.900200671650793986e-04
5.491458031691598841e-04
-3.311689834501755931e-03
-4.416528942936019057e-04
