1.029266566662001114e+00
3.693967831361703261e-03
1.221660496764975844e-04
-6.227475018492079615e-05
2.103324110831317380e-03
3.943245667950383000e-04
1.563246309034022410e-02
1.998252183202028041e-03
2.046650743141143034e-04
1.013840275145543382e-02
2.769951680131314429e-04
8.578700134889890845e-05
3.693874853345254471e-03
1.058511601616555581e-04
1.280772960868592546e-04
4.076133463098451093e-02
3.806375115287489487e-03
4.321128010409846956e-04
-1.802887213982658571e-05
1.279692834934586989e-03
1.315168142855741961e-04
6.419909090351098250e-04
1.162211290549897092e-03
5.892343729612115326e-05
4.548970820437962413e-04
-1.369254374254206704e-07
1.201404844866082977e-05
1.789994143412224939e-06
1.226378972174479998e-05
1.462629767161605020e-05
8.571279886669577177e-05
3.330235775125996585e-05
6.093543151042269185e-06
0.000000000000000000e+00
6.859216633569401598e-04
2.241792109122601600e-05
-5.289842538365915362e-06
4.959329655510972412e-06
-3.620812207137576324e-05
1.362416374538118687e-05
-6.357317919950903315e-06
2.450403115995906448e-05
3.712643354081279556e-07
7.154895251777481930e-05
9.947238219776342871e-02
6.957062991643780405e-05
1.369960328150732101e-04
1.355362520250517509e-03
9.141331964530596550e-05
1.639187924598051183e-04
9.623964374037008982e-05
-1.690014297839326324e-07
8.720828141976240790e-04
2.126776089573212489e-03
2.166435417459089353e-04
2.215233048470267169e-02
1.436718658870850154e-04
9.377398962750730814e-04
1.100044078926831705e-04
1.384270007833402925e-04
1.454928346877689413e-03
5.552773137692905008e-05
3.459860673848957902e-05
1.899397118539554802e-05
2.729349989674112600e-05
3.774781103819568775e-04
1.734226993649860479e-02
2.956304729811353588e-02
2.174024915994188147e-03
1.331317855674727345e-02
2.061788249019718897e-02
2.934213016127581227e-03
2.015279779181892647e-03
0.000000000000000000e+00
1.147319551399125608e-02
-1.365292263435513576e-04
-1.808748024318962490e-05
7.297723356580003147e-05
1.519499949395897165e-02
4.530711102384580614e-03
3.477400050021135926e-05
8.112066989891664540e-03
1.680272599417387161e-04
4.548641481683842196e-05
6.138611773970126034e-04
1.943814099805374286e-04
7.973139875560223896e-03
2.181365754002480891e-03
8.401953003501706069e-03
2.482525110450254594e-03
1.013863103508224283e-04
7.138867723074000815e-05
3.407807937618005510e-05
9.972058516749611641e-04
7.526685171350688548e-05
5.023746680460102615e-02
-6.934811295108052681e-06
8.053820806660134956e-05
1.536938766026156239e-05
-4.115884380571088605e-05
2.557854294869365934e-03
-1.455599339080423069e-05
1.924685846723524717e-04
8.788818401380888920e-03
5.092149093470036389e-06
4.074999347580820882e-06
6.117863471601924798e-05
1.740057435329907688e-03
1.209841271923028893e-05
2.031741582798692492e-04
-2.826001945134641106e-05
1.626083922899127789e-04
2.835901150691914397e-04
0.000000000000000000e+00
2.110549988127741281e-03
2.196279253655989815e-06
2.096002511077591849e-05
1.113362788251285699e-05
1.554697761310786072e-04
1.029008887620808110e-05
-2.496651601050873731e-05
9.495325487457832172e-05
2.747055920932532039e-04
1.472494838415124409e-04
9.218766445016587149e-04
1.714419359078049100e-04
2.805319708344041551e-05
6.091281799916655739e-04
-5.013466504123857546e-05
4.160247617812640186e-05
1.280531772768433941e-04
1.495359455638833836e-06
6.858662468745002627e-06
2.486865108563292683e-04
1.436815457168523990e-04
7.115313294528339931e-03
6.173468164708170432e-05
4.512477501741330024e-05
1.857144753986498533e-04
6.364234426211782744e-03
3.764280165079459111e-05
-6.776019988004773969e-06
7.338661134448365431e-06
4.878505932104371112e-05
9.074596736979855682e-06
-6.455601707866520444e-07
1.886838896326992285e-03
1.698563423618574620e-03
8.678034551663493530e-05
1.859611120074533596e-03
3.119333016215008331e-02
-9.922200623302402501e-06
0.000000000000000000e+00
0.000000000000000000e+00
1.379210092649760071e-02
1.343846518604419128e-05
2.303160036110825991e-05
1.915698817148629273e-04
-8.858615115398353059e-05
1.595500279654234633e-04
-3.143150459914423187e-05
1.048078388811453902e-04
6.781414789519176476e-05
-1.973954174917154979e-05
2.511094572881308212e-04
2.181939159267232088e-04
3.475940407517167860e-03
1.463904895499849434e-03
3.398048125694182604e-05
9.919633869884444662e-05
2.226366618033696548e-05
-6.173506215998437172e-05
4.981859647155140045e-05
2.448543535291676943e-03
1.299504890424000691e-04
1.921800451995858748e-04
-6.614632238980769924e-07
8.171967714177015953e-04
2.266659766025269553e-03
8.063619595992666249e-05
5.755114412342695121e-03
-3.599500595632410118e-05
-5.264368920054884882e-05
3.062777018247124223e-05
9.510923592692677175e-06
1.131552972359154727e-07
1.442732414866720794e-03
1.927219412389928176e-03
-6.863246521563819136e-05
2.597123129735035143e-05
2.173079233077042708e-04
1.325633652241734795e-04
5.422999193535430889e-05
0.000000000000000000e+00
3.645366856987508446e-03
1.177468332786239418e-05
0.000000000000000000e+00
-3.252894054110259597e-06
1.129401593853884860e-04
1.981586687423616061e-05
-1.558545139705843296e-04
7.777243500561119012e-05
