8.375217695465519974e-01
7.067164179218976376e-03
1.918476189143758395e-04
-5.456334730448523927e-05
1.703508929265444170e-03
3.635301051064946721e-04
2.910475279372555166e-02
9.835762005816484077e-05
5.358034982856363100e-05
4.498508603439551332e-05
4.351209048046496421e-05
4.312610929704992631e-05
3.262068242473015103e-03
2.197551094935764227e-04
6.641335949189771921e-05
1.188686171363493270e-02
1.672042529248693107e-02
1.886755708255479381e-03
2.402741432044501208e-03
1.073127493001413456e-03
2.534105362736844072e-02
-7.843788875557440598e-06
4.846427925472740375e-04
2.589357344560116878e-05
6.569687859776518208e-05
2.082032177863624071e-06
-5.703762618839795106e-05
1.778875172146143768e-03
-4.784558272537727791e-07
2.346860655532800985e-04
2.336233365683493095e-03
1.459127943499479449e-03
2.460074366517073230e-05
0.000000000000000000e+00
4.055292907045648714e-04
-7.553814454156852754e-05
7.930630853996590169e-04
2.638105504025730296e-04
2.170275023325377972e-04
7.827853534762379046e-06
1.068024781678518888e-03
9.803552507101632161e-05
9.463172828700239670e-04
3.829161231424886152e-05
1.427269312689554981e-01
1.905557560118535101e-03
1.719660348130950525e-03
2.600148611612433159e-04
6.028868311716747004e-05
1.300879822527933796e-03
4.035817174169823720e-05
1.325629487696211516e-05
7.888282430391265203e-05
4.140435547999765827e-03
5.180674134044993117e-04
2.787661376781547240e-02
1.082172289909551693e-04
5.982405991520334119e-05
-4.290220397284253968e-05
8.182325658430874754e-06
3.414523280856525818e-05
2.049618221332124082e-03
1.123097559426374478e-05
3.096160346700571337e-05
8.851087745675334951e-04
2.700813561980034815e-03
1.269827296813840628e-02
1.791244630697337234e-02
2.190857003775607478e-03
1.149901929561793386e-02
1.011923383593781728e-02
8.715853430051472049e-04
3.425523039164435075e-05
0.000000000000000000e+00
1.391544857818619203e-02
-9.935370036240342984e-06
8.693974022270604263e-06
5.201968962844919636e-03
6.866092910792712806e-03
2.648549785577432574e-03
1.430029564436867023e-05
6.263333100163389136e-03
1.440253470685430148e-03
-3.217158481964392260e-06
7.031498149358217592e-04
3.966340809374043321e-04
1.294076794209238733e-02
3.985441085388045424e-04
7.841751316414549992e-05
2.162411971006483920e-03
9.621340105579653237e-05
4.488644042803061762e-06
1.579767281532084986e-05
9.912253914218608632e-05
1.859093848069962973e-04
6.592974454415265195e-02
3.810252575172275857e-05
-9.020920480572088831e-05
2.015733130077494370e-03
1.228210362533991629e-04
-1.815383565064721119e-05
1.016292905464233316e-04
1.034356144252835535e-02
2.582514316536332791e-04
-2.236076664352548704e-05
3.217270796684879115e-06
2.766565820047024987e-03
1.741325338699462088e-03
1.906856599115750730e-05
2.538851155647951514e-03
1.652088179302898174e-03
1.474067942949501163e-03
-7.847961788426764120e-05
0.000000000000000000e+00
1.635635656921211956e-03
5.146253099671168135e-06
1.946649299215952243e-05
6.771911021563011609e-04
-1.051859321673731475e-04
9.039923657607750753e-05
7.879395422824378729e-05
-9.711429919877131436e-05
6.989773629169822830e-06
2.282734555063559089e-05
1.095337955085118244e-03
4.850142764270722469e-05
1.153586479202051206e-04
4.445260726425963034e-04
2.681336347335028345e-04
4.456942823387599888e-05
2.860517652558236643e-04
1.015927797099580560e-04
-7.023742760374022095e-06
4.457637546288066078e-04
2.070434492524938109e-04
3.755325285858422679e-02
1.668485066859294597e-02
6.551634374755366469e-04
5.086009392975358721e-05
1.315699615862035233e-03
6.375974012430655211e-05
1.681763073177059754e-04
5.419880916803787720e-05
1.383532372038291139e-05
3.175535878405059547e-05
3.167647601753920128e-05
5.916670626214296739e-04
2.923024283656353701e-04
4.960074048054134428e-05
1.758871435122581262e-04
1.699631126786526475e-02
4.086185551893232494e-03
0.000000000000000000e+00
0.000000000000000000e+00
1.132988737017042932e-02
9.147501850844305310e-06
6.057330650993860040e-03
-3.518045542856655379e-04
5.607076037894565329e-06
1.465182449330211915e-06
-4.855768936051774176e-06
5.534824148736590789e-04
2.384109891089281064e-04
2.527182436789354898e-03
2.555885923931048784e-03
4.224518033144460615e-04
8.052198503780494745e-03
7.542029066669453385e-04
2.244375971832749967e-03
7.099169841094562497e-05
2.106135698568915510e-05
1.178450650319762174e-03
2.117446886999996213e-05
1.483931265897949457e-03
-7.479811856529275912e-06
1.924306260107696209e-03
-3.368527219486180274e-04
7.741611923051117117e-04
3.266483210014511218e-05
1.497519520525888125e-03
1.031683545691386428e-04
-8.831715135659834671e-07
1.393153513511739263e-03
5.572835239018791680e-03
3.340196761677146317e-06
1.096341860259049813e-07
1.938243542460793599e-03
1.584734784178798471e-03
3.749237720288101181e-03
1.277322026361031040e-04
-1.821287042623742636e-04
1.240653205534466164e-03
8.676905674182888500e-04
0.000000000000000000e+00
5.696115821466792885e-03
3.342351685350723327e-05
0.000000000000000000e+00
-6.930641380057759333e-07
-5.226519975853882727e-05
8.316328581425909590e-04
-3.225650227916136204e-04
7.306031981249757874e-05
