4.718221050481432449e-02
0.000000000000000000e+00
8.922088535447884709e-04
1.787951704666679255e-03
2.858464034244012804e-03
2.787671008951497775e-03
5.476843593182885959e-03
8.494361674589981717e-03
5.517507773822804933e-03
1.100888904002403877e-02
3.464297679103456491e-03
6.538000352185398441e-04
1.404918980855761161e-02
5.036365289203057621e-02
2.926723580203387590e-02
3.639911638480897074e-03
6.870024796130598695e-03
3.828895484120050166e-03
4.156777293800250489e-02
6.025191995098632888e-03
1.437856049289047179e-03
5.086471203671716172e-03
4.628665567502743272e-03
2.591630570799030586e-03
3.762889314736361703e-03
3.155848113675973959e-04
5.745156976345292986e-04
3.762060772301456524e-03
6.718215244107428753e-04
1.640711609466697642e-04
1.027424258567342374e-01
1.817980658332274402e-03
2.406979976770381004e-04
0.000000000000000000e+00
4.001095925143741648e-03
3.757538860985843105e-04
6.251386160039869647e-03
7.713963081498261161e-04
5.678164986827716199e-03
1.493418262816580827e-02
6.394838482821510982e-03
9.883351215666620268e-03
7.421009728726760688e-04
1.437107402754578354e-03
