1.088649734865349439e+00
8.899515188429440657e-03
1.263835920066750697e-03
1.891822623438048007e-05
4.552784596604264947e-03
1.355849039667041686e-03
1.201947543507727277e-02
6.683417344031475924e-04
1.562913644315155892e-05
2.373974727244543281e-03
1.456087571508982994e-04
1.178929678733246257e-03
5.304989043973517941e-03
3.429699639346805995e-04
1.464807366834038613e-04
-1.677108796271846003e-04
8.608999460152692851e-03
2.763105913685004358e-04
2.270144743794425934e-04
3.394464966854522908e-03
8.376515123438154839e-03
9.839617742437578043e-05
2.772007263267583892e-03
8.548782759631461461e-03
1.611364672201576198e-04
3.626495539191439550e-05
1.300386728176524294e-05
2.429855010147518972e-03
1.064500389696594990e-05
-3.414608233323068867e-05
1.790862690641474185e-03
1.297322147651044011e-03
1.660460862103659400e-06
0.000000000000000000e+00
8.062489783485782269e-04
3.788755295373702589e-04
9.479966032243473668e-05
-7.465155451891192567e-06
5.865597869847416490e-05
7.170795207519138975e-06
5.900603398312220804e-05
1.372745846613584139e-05
2.473930655044235486e-04
-4.753982887103121857e-05
7.126288101020634980e-02
5.921811605923051205e-05
8.688162615536991474e-05
5.092461858706560885e-04
7.510353454821908645e-05
1.487224088050132008e-04
5.159363761087757847e-04
-1.435400507795077946e-06
4.137466593666057953e-04
1.490246818540448938e-03
7.184865489878584878e-04
5.580928610380328503e-02
5.880403223460728629e-04
1.141101809840912827e-02
1.248747020689592810e-04
1.665493740254190492e-05
1.668794997048831654e-03
6.515171868814266238e-05
2.381442754610200477e-06
8.031087581672406543e-04
7.091545870846852897e-05
1.099171344955281703e-03
6.559910874680181976e-03
1.998890800467151632e-02
4.882649577410291646e-03
7.734853633958397798e-03
3.771598841716428032e-03
1.331453298759617977e-03
2.883984567403515258e-03
0.000000000000000000e+00
2.749441682356221911e-02
-1.178483268549819947e-05
1.121370097271867623e-04
3.234585142226365125e-03
9.135722643757964237e-03
-9.529597864784319556e-06
1.733260044899006188e-05
6.092960470032449290e-03
1.309661748209204604e-03
1.217578813793955099e-05
8.256536486122826755e-04
1.369196922383612456e-04
5.008525502253066176e-03
3.780021517770867250e-04
-1.454617060365759397e-05
9.433231006793703008e-03
1.712568183902381746e-04
1.017358673687707073e-03
9.555351039632453258e-04
7.114046667316223935e-04
7.738594977762562003e-04
4.617698663737781345e-02
1.875631233539035983e-03
2.777803999940431232e-05
2.043613916212853529e-03
6.294740080609743764e-03
1.032147855498914300e-03
-3.292753732557033780e-06
5.574116037690505718e-03
-1.813213398593993466e-03
6.939354494504001991e-04
7.925619229472620836e-06
5.684213121610130412e-03
-2.776005257253780990e-05
6.797782741732038571e-05
1.822845750202824525e-04
-1.284772744570246764e-04
2.681139194124308451e-04
2.883861796138346425e-05
0.000000000000000000e+00
2.092081628406032047e-03
-2.658863738567755156e-04
9.867808038310184934e-04
8.323699660403472301e-04
3.692854391361688742e-05
2.044498200448608030e-06
-1.261452058032297430e-06
2.670440748196260534e-04
1.357426692623375872e-03
1.234681962878347895e-05
1.336086009620146911e-02
-1.644831815651818588e-05
1.506458212094422986e-03
1.848790774486090173e-03
3.425422347218395002e-04
5.079141942886759571e-05
2.072979475016945125e-04
1.167809595173937166e-03
6.873665908305367762e-05
-6.203651980881241378e-04
2.597775256181729994e-04
3.532283354827733812e-02
-1.137649141310278186e-05
3.382542491965863981e-04
5.109774752291980316e-04
7.828012001339430814e-03
1.514340739980986783e-04
-4.004933531364477934e-05
7.911541908724702490e-03
5.181949899694485861e-05
3.236912283501129493e-05
1.410843929446533229e-06
1.722856526596316940e-03
1.281924437295171415e-04
6.738451007359221642e-04
6.977463228100259538e-04
5.268431135955586701e-03
1.269334282731637798e-03
0.000000000000000000e+00
0.000000000000000000e+00
3.313113335747322474e-02
7.118969185602915797e-05
7.198374579045671280e-05
1.158620982133410748e-04
-3.288844483387917011e-04
1.046682062351974229e-03
-2.778162170854099876e-06
3.462561764342453330e-04
1.496554154695554533e-05
1.172973085530452410e-03
-3.669784858495598657e-04
2.400089935045294554e-04
8.115399098449879028e-03
2.276965381349463705e-02
1.138362707529501832e-04
3.832718444693498320e-04
4.279826005513242968e-05
8.482152038107315661e-04
1.091531179743410228e-03
5.739863972648029389e-04
5.012494204565213498e-05
1.070809741903988588e-03
4.869561168501235486e-05
1.247034540108253153e-04
5.525428115096930447e-04
1.016307943805620265e-05
-8.402827641649975856e-05
8.708344274388490902e-05
-1.353439004054823936e-05
-4.033284825550135513e-05
-4.762638255628726114e-05
1.288246906689309189e-03
2.703974923430219057e-03
1.877264739489348244e-04
1.063414652383021242e-03
2.399504135662270700e-03
-1.148099689285420055e-05
1.872182895705935325e-04
7.137885235157052402e-06
0.000000000000000000e+00
8.042616905724128337e-03
2.913876272943779005e-06
0.000000000000000000e+00
3.281319656445551010e-04
2.738589851407772558e-04
9.587474112347764031e-04
1.109937245668361320e-05
-1.047827078984801374e-04
