3.136720480806952094e-01
9.606123079291768729e-03
8.161402569784037214e-06
1.236992275179985912e-03
3.935290404485074049e-03
4.326828371272591566e-04
2.750013082487229657e-02
5.163576692028085813e-05
6.246663765153333552e-05
1.802014332165978450e-02
5.001868075183620315e-05
2.710295884132592689e-05
8.714818008783539044e-03
9.572930364411350599e-05
7.622595199056429049e-06
2.501013818978877184e-03
3.178706853058588071e-03
-1.083131367278777833e-05
4.101346507472011099e-03
1.521512608896880003e-03
1.793576647608130601e-03
4.616508938875737154e-05
1.938819979316893250e-03
6.009817927912220050e-05
2.857948492241376478e-04
7.256582982780498090e-06
-1.708101695641062046e-08
-1.471178481741534535e-06
1.014136239352706826e-03
2.712622448308721261e-06
6.410542014952724582e-04
-1.220934755705283090e-04
1.183788405130966301e-06
0.000000000000000000e+00
2.221065170158350015e-03
4.070192121487847597e-04
7.375232782513840507e-06
4.201713896982243493e-06
1.241349055857450924e-04
1.389587557239835292e-03
7.954588586586745173e-04
1.357313341383292694e-03
2.539767213942756372e-03
7.710432051122318565e-06
4.002523698182065999e-03
2.495243343558239870e-03
-3.568054561029487679e-05
2.201817036180875146e-03
2.109921700618559297e-05
6.538945089557361148e-05
6.188521591377430528e-04
3.915651753803854216e-04
1.065127171644826955e-03
2.779334368601730793e-03
1.399158894571058190e-04
2.933457796855911542e-02
1.581040365488858011e-04
1.959418978656220830e-03
2.774052678391481088e-05
-9.064649291127640002e-06
-1.561910220109208257e-05
6.006973588454182360e-05
-8.640309692142800541e-06
-1.001734490180261616e-05
1.209273437650093575e-05
2.093524795182270543e-03
1.557010913424325925e-02
6.726963463569720671e-03
3.301859949060159758e-03
1.850837572946741061e-02
1.288966994145629083e-02
1.776455407102250916e-03
1.636907008277188559e-03
0.000000000000000000e+00
1.536586753901123502e-02
1.082689696969629757e-03
3.450559970615755374e-04
-3.749701524006591494e-06
8.818327105045657005e-03
7.923403534670950613e-03
-1.000908431039171342e-05
5.643264159200075264e-03
8.535091176501789090e-06
2.826574257615750993e-07
4.247279176823326452e-04
5.941704557625252658e-05
1.855694359022132950e-02
1.203953353390370851e-04
6.659180697206797128e-05
2.658306819416892883e-03
2.081840176774522324e-04
1.293097405649978936e-04
-4.356061104937581020e-07
5.110988872865837021e-04
1.217734867275099874e-03
3.874002499481742079e-02
7.312797905429195002e-05
1.051667615542169582e-05
1.939767246042537971e-04
-4.769938579007870348e-07
2.276147881625038285e-05
8.142030696116631377e-05
7.655406542201869953e-05
3.383614734863519820e-05
-2.126489892338619611e-05
2.467713660884533405e-05
2.404845754339161520e-03
2.448637713857800598e-03
1.464530562896563691e-03
2.958159768227145662e-03
3.373837562166004476e-03
1.411247282939613167e-03
1.391676449140621873e-05
0.000000000000000000e+00
2.072058367294508496e-03
4.678857677666847927e-05
7.284042883563361479e-06
4.739797824179585033e-05
9.248860569407286970e-04
5.212711639875541170e-06
2.048302579492748167e-03
3.743707398905934090e-03
2.005349293089523591e-03
3.638114362071102176e-04
1.027117643771280342e-03
7.945565291221553519e-05
2.132907894562515502e-03
-7.426366468619161596e-05
6.134341545829999061e-05
1.483681842574450626e-04
1.487336935867215448e-03
1.098045300104969786e-04
1.471785987031718921e-03
9.149931623681384785e-04
5.083580236002008956e-05
1.546101521816993073e-03
3.092456202864261351e-03
1.134105062411997850e-04
1.682822023291382328e-03
7.600445435604897258e-05
-1.708723296458547616e-05
3.124451016466671112e-05
1.403747391271233623e-03
1.845672410019834759e-05
5.223002452263703348e-05
1.799689691228678654e-06
8.331211173028633672e-05
3.013234823905845076e-03
1.954184377430667887e-05
1.648200254391748174e-03
3.524691374656177545e-02
1.197217551399010232e-04
0.000000000000000000e+00
0.000000000000000000e+00
1.490887878636637520e-02
-2.024387246242949960e-06
4.500956884230244710e-05
-4.205406698500668622e-04
-5.705969920558236625e-05
-1.562856566602303541e-04
4.328827174876185733e-04
5.913705897717151487e-03
8.452495897866526327e-04
3.218871392203966753e-05
9.437786604763095651e-05
5.718029094997264248e-05
4.880851593897025270e-04
2.835692590186456247e-04
2.246949236867449575e-05
1.015065548632954062e-04
1.009087108917228247e-04
1.533230115212647158e-03
2.624232648811286527e-05
1.596669349346147059e-03
7.395943397766243341e-06
1.984721580859013287e-03
3.780816906187700718e-04
8.537713362291032837e-04
-9.590749548821293942e-04
1.401318482221055326e-03
2.893013318374659939e-05
2.366914370842317580e-05
4.263890255205638087e-03
-4.066962767543813448e-05
1.691794704314079434e-03
2.080496006917620377e-06
6.219315342304502885e-03
1.654043944975628556e-05
1.295229633019626299e-02
4.212993568088278649e-05
1.803792481561779682e-04
6.021314921710689268e-05
1.648628811348196166e-04
0.000000000000000000e+00
2.344145939997706578e-03
3.105342097063552999e-05
0.000000000000000000e+00
1.421281580373534538e-03
2.081292134984054771e-05
3.613348231591799318e-05
6.357012023803972891e-05
8.188710707950056953e-04
