1.872084641889516787e-01
0.000000000000000000e+00
1.901287000859751275e-02
3.772064356372717246e-03
-2.051342655140190631e-03
7.063632267618902109e-03
6.977400592763053841e-03
6.887486359386496212e-03
5.552222140676217957e-03
1.124726911032298757e-02
5.973602533857844815e-02
2.551210307651130636e-03
1.662520760771483627e-02
1.635124342362222205e-01
8.690607642412968847e-02
9.830917418696979646e-03
1.044570968248554124e-02
1.900783925918329495e-02
3.438212354701320611e-02
5.847855843817047379e-03
5.287407558357112326e-03
1.277111175190196813e-03
3.667605870333804589e-03
3.537682587783027004e-03
-5.903096761324944097e-04
1.151556583815871492e-03
9.866660615627449379e-03
3.388663356236916793e-03
9.374703755672064709e-03
-2.773398788443811485e-04
7.929519269465772069e-02
3.437153862214192921e-03
-3.262498428324630065e-03
0.000000000000000000e+00
6.829689854503918911e-02
7.569856823421039927e-04
1.128803255232822648e-02
5.765025253412033555e-03
3.781254227306331955e-02
1.129754253121684898e-02
2.262582262544432336e-03
1.694954285548694664e-02
1.012981299749627501e-02
3.553526898143951132e-03
