9.912218887512548315e-01
9.708482951194978838e-01
4.817539753977687633e-01
9.764598776495891919e-01
-7.804801202671285409e-01
9.663802677300357136e-01
9.892455100988686301e-01
4.603504713891477529e-01
9.772142365470086744e-01
9.554212328012111621e-01
9.969390811164922095e-01
9.873915284429569672e-01
5.000837093637532371e-01
9.993929876224300068e-01
9.862199822902326662e-01
9.139597316768520718e-01
9.855497227828763362e-01
4.477573191982372469e-01
9.406164504142519034e-01
9.853324531153706545e-01
9.802165436856321579e-01
9.926138726912832055e-01
4.875472375265770264e-01
9.904827666454046886e-01
9.656172687918125330e-01
7.234980296104461805e-01
6.041918823044236664e-01
1.791046291576190441e-01
6.963325593708908912e-01
7.167612494725974503e-01
9.719718515993295282e-01
9.880291080410984472e-01
3.480481641834912709e-01
9.819034924773616391e-01
9.717973717569545755e-01
9.140562722081546632e-01
9.151262136486435494e-01
3.941950805920364509e-01
8.864562601845600298e-01
9.916863196479809295e-01
