9.909701384593029294e-01
9.739437752678429261e-01
5.890925961262364341e-01
9.901894865019793546e-01
8.024631613937948105e-01
9.939953590590282495e-01
9.630034832966019032e-01
3.663641800779507962e-01
9.966694183536607410e-01
7.234454386160834582e-01
9.982949211306583193e-01
9.854204067496259434e-01
5.001407363040124565e-01
9.668968973162695990e-01
9.720594390427372833e-01
9.424397650852852637e-01
9.705237060797138327e-01
4.483242095775878955e-01
8.995967012047835221e-01
9.368011962178325325e-01
8.856954820464409961e-01
8.418653185929646510e-01
4.086797728255694429e-01
8.306450353700163269e-01
6.460681617072272509e-01
9.601615274454515792e-01
9.215720154028634870e-01
2.068687355325777855e-01
9.336940699619048489e-01
8.950821778168849274e-01
9.395324013989077017e-01
9.167773862793162643e-01
2.502869443154628337e-01
9.211596336899546822e-01
4.624654539023276278e-01
7.300433896251756760e-01
7.595182753148562727e-01
2.404834712460161006e-01
7.300553677179737466e-01
9.217293222779290307e-01
