5.623523955183855833e+03
8.948144901342419644e+02
4.618675244760033820e+02
5.210278522856660857e+02
1.307578251167497456e+03
6.270598102771022013e+02
6.892764909774562057e+02
6.223959732636745912e+02
5.461290588152280634e+02
1.733834638048451779e+03
6.125158839675385707e+02
5.451930259289656533e+02
1.798711023530934881e+03
7.906385831013376446e+02
8.231481255396681718e+02
3.999472858696605044e+02
2.774983490109152058e+02
3.494057565718976548e+02
4.954603611775963827e+02
1.017134422756265280e+03
6.827533348485674196e+02
8.756037303551883042e+02
8.851320780731529112e+02
7.472912383171000101e+02
1.926062886933442860e+04
5.603878266045117925e+03
4.142288997852849207e+03
1.219905571895759776e-03
4.149184928926651082e+03
3.684399695269845324e+03
1.022563812920229907e+03
4.793073680322735527e+03
4.283559193449869781e+03
1.077365097743767137e+03
3.619813675325087843e+03
1.064159608249604617e+03
1.062795498983188509e+03
4.764666970409910391e+03
4.366950824672883755e+03
2.550003843697356388e+03
2.493548200584446477e+03
1.756629053226481574e+03
9.015226540805548439e+02
3.436653596531718904e+03
3.420738868940148222e+03
1.455781225350821160e+03
1.112874123922027366e+03
9.912472455928976842e+02
7.419467535604144359e+02
3.446468618489148412e+03
3.403018039941088318e+03
1.502877183633083177e+03
9.625022733641832247e+02
9.447717063477580268e+02
7.925401980109882061e+02
3.413591774337445258e+03
2.771012566271110700e+03
1.615772357373270324e+03
1.114168694471962681e+03
9.271286597007467662e+02
8.138948265182484647e+02
8.110468257531671270e+02
7.665992111562044329e+02
1.622272895278480064e+03
7.906188417979491305e+02
5.165923485733726466e+02
1.515153210198260922e+03
1.252084327276668773e+03
4.156239420299787071e+02
2.275934453826951369e+02
3.916633407338698589e+02
1.001333245641638428e+02
4.281639316095478165e+01
3.132362026303520111e+02
3.282014213316439850e+02
4.194346348339025099e+03
2.856705696888637362e+02
4.957694630647182521e+02
5.420957731085863998e+02
6.601748791285834841e+02
5.694867754949083292e+02
5.694858829322101883e+02
1.002348788140438273e+03
1.014302753610710511e+03
7.317839791012851265e+02
1.186939865372168606e+04
8.364770491102133747e+03
2.200286565333278759e+03
4.575390569408919873e+03
3.214011186022214133e+03
9.941805321614236846e+02
4.017191970447864151e+03
3.637069524608046777e+03
7.062241365170938252e+02
3.612695790116332773e+03
8.600662358743390996e+02
8.415477441346513388e+02
3.623538717121442005e+03
1.083651641531398127e+03
8.648105973258557242e+02
3.513512706497799627e+03
3.434439702574978583e+03
2.047304335429790854e+03
1.507149600274633940e+03
1.424419529650729828e+03
1.164997927895251451e+03
3.436639688474826471e+03
3.382784503904255416e+03
1.307925592746722486e+03
1.033224496266820552e+03
9.296048186940844289e+02
8.711524997485407766e+02
3.438096025601389101e+03
3.385196695299636303e+03
1.341037354881572355e+03
1.063858180118397740e+03
1.057063162027646968e+03
9.898337837634450125e+02
8.443497043464301441e+02
4.461553182446196843e+03
7.517862098546382867e+02
1.178086152367765408e+03
1.223355360454870151e+03
6.425694701192226148e+02
7.596561319816158857e+02
5.569074692645883715e+02
3.647882656936256467e+02
8.389762891134006395e+02
4.716183458244801159e+02
6.157746911451143887e+02
5.178751394109758621e+02
3.455261538659680809e+03
2.901588521848725122e+03
2.430002273269560362e+02
4.005174404033839437e+02
3.061406420263130713e+03
5.291950009007828157e+02
4.794130202140732422e+02
5.883354075291910021e+02
9.757581178630183558e+02
8.122047635471923286e+02
9.615634055506886853e+02
7.308442832833154625e+02
1.875220899138421009e+04
4.142027964850192802e+03
2.903471171892600523e+03
1.864603921212334535e+04
3.562360989834559405e+03
2.615595409830375502e+02
3.758378419730516725e+03
1.398803877203811680e+03
8.581128421216061497e+02
3.611494428368379431e+03
1.216972370785607836e+03
8.825036394788872940e+02
1.170055899204384332e+04
7.748579512151100971e+03
6.843686806925230485e+03
5.409489363488403797e+03
5.261923515885760025e+03
3.603221158431598724e+03
5.353944454618139389e+03
4.707765175740058112e+03
4.078609210945043742e+03
2.978356456401615560e+03
1.419112207412930502e+03
1.182601984599337356e+03
3.431594746529946406e+03
3.391525784257057239e+03
1.387468224619786270e+03
1.033921447597004772e+03
1.019981810660158089e+03
9.327837198188046841e+02
4.528219929216563287e+03
7.615107129835504338e+02
6.101468014215409994e+02
4.169273258691915771e+02
3.171985254948948295e+03
2.756117322358613364e+03
1.075946007905288752e+03
1.974643393166123246e+02
3.439296055969886652e+02
4.622727820683360278e+02
5.437708966804476631e+02
3.174202413532499122e+03
3.680029778071924511e+02
2.999131424101735206e+02
5.367266422010540055e+02
6.160270890395162269e+02
5.981303094964629281e+02
6.469489766373279735e+02
2.100959880830017482e+03
9.079346828655659465e+02
9.632584907613052110e+02
8.515357761065381510e+02
5.532639407027759262e+02
1.273312629792817097e+04
3.735036332879170459e+03
1.752855135954472871e+03
3.564470143583735535e+03
1.940908933814337388e+03
1.222216035198955296e+03
3.727883252886314494e+03
1.794710787087300787e+03
7.888211477646050298e+02
3.609088060696186858e+03
1.035249118451731420e+03
8.632980097951012795e+02
3.385544881808136779e+03
1.301308135056689252e+03
9.314347220642074490e+02
3.504457854833918191e+03
2.894034456626288829e+03
2.750729383670660354e+03
2.312984275141806393e+03
1.678286387880115626e+03
7.951571695891944955e+02
1.414075348153679442e+04
5.995917277551501684e+03
4.125257390722757918e+03
2.943838361614129099e+03
1.733514648466141580e+03
1.583803941277643389e+03
3.445406157579141563e+03
3.393196650253284588e+03
1.437752849086575907e+03
1.272154284361944974e+03
1.152933797060519964e+03
5.293326941880636696e+02
3.442777591023006153e+03
3.383663380834883810e+03
1.369084610117576631e+03
1.258838763505951420e+03
9.785168127909690838e+02
8.881819773748318312e+02
4.328637014409591757e+03
9.318515184288006594e+02
7.276538019857317749e+02
7.802825429082528217e+02
4.251931992368326974e+02
3.682893200035594873e+03
1.192803121506542084e+03
1.753445915964390167e+02
5.613289940737782899e+02
4.293350908762847098e+02
3.232236611826369881e+03
1.318867648315379029e+03
4.795303565067065961e+02
3.169709687032776401e+03
6.058547111315641587e+02
6.665817018719744738e+02
5.966514784261954674e+02
3.083499088294038756e+03
1.049993308717364471e+03
9.160339793183972006e+02
6.897425633865041164e+02
1.974845331064896163e+04
9.836902195885273613e+03
5.518437815774367664e+03
7.831893699633693359e+03
3.393828046176268799e+03
8.291887612346401966e+02
3.510519928467089812e+03
1.017387094287530658e+03
7.267319761536706437e+02
3.599921926591997362e+03
9.785388524481911645e+02
7.875218964627372316e+02
1.531934011375593400e+04
9.159457486402819995e+03
7.550964130060169737e+03
4.470280295252341602e+03
3.261604328938257368e+03
2.081477386356727948e+03
4.436118326120428719e+03
3.614429111274839670e+03
3.506780099910181434e+03
2.847182715018058843e+03
2.577232562813907862e+03
1.127372038632327303e+03
3.149893029949582342e+03
3.061029526839278788e+03
1.688975941159512558e+03
1.154392034440572843e+03
9.477271433782148051e+02
7.940407511821879325e+02
1.459294306428796699e+04
1.084207355085763993e+04
5.568745956177751395e+03
5.519274394062082138e+03
3.103727560137498585e+03
1.068111995344784873e+03
1.649037704161209695e+04
1.526312357517761666e+04
9.996322353446517809e+03
2.590051809627551393e+03
2.130644043205200887e+03
1.685589734340581799e+03
3.618089052760094546e+03
3.385039974531874577e+03
1.458331021594452295e+03
1.293510143403008897e+03
1.139448811364607081e+03
7.498344602948776583e+02
3.433027524629871550e+03
3.392026296182238184e+03
1.399138322115685241e+03
9.777566752795977436e+02
9.610403654128019753e+02
8.841394496777403447e+02
