2.805411018430788994e-01 -1.025848147446590808e-01 1.653610051657006946e-02 -1.496455077000000654e-02 7.385110299735633897e-05 -9.632908199423931853e-06 -1.314934663826917705e-01 3.536710528587998226e-02 -1.408827077047904719e-01 -1.315976398432555927e-01 6.936231790179366030e-02 1.275140152334473254e-01
-6.016257904632565240e-02 9.956819157492016736e-02 6.056999464095957214e-02 -1.688590388975902759e-02 3.516001136103821811e-02 -6.797398177451655435e-03 3.902693805423071427e-02 -4.288815863973946541e-02 4.789910710084491902e-02 8.354919782813494122e-02 -8.797317759528203163e-02 -1.010908433687470742e-01
1.650067689912133526e-02 6.007161027952463012e-02 5.641706591023316619e-01 2.190360378951558638e-03 -6.797292939451663948e-03 -1.635977504703823790e-02 -1.821509295701859155e-01 4.923985587029416910e-02 -2.919422996755687283e-01 1.664409558847210757e-01 -1.019971758624368952e-01 -2.527415093414625002e-01
-1.496455077000000654e-02 -1.688590388975902759e-02 2.190360378951558638e-03 1.234858917974264014e-03 5.656510742689840247e-05 -1.224578176628524887e-04 3.765179893289789803e-03 7.935899553628391126e-03 -6.769810790569801484e-04 3.728920647627290055e-03 6.712319769131050960e-03 -1.173930518255696283e-03
7.385110299735633897e-05 3.516001136103821811e-02 -6.797292939451663948e-03 3.468392033593550080e-03 -3.484583359947431014e-02 5.565803341189503109e-03 -1.282574204067660423e-03 6.137790868245763436e-04 -7.691629559915001474e-04 -1.725750397796094312e-03 -2.735115390369597093e-03 1.824005219528375800e-03
-9.632908199423931853e-06 -6.797398177451655435e-03 -1.635977504703823790e-02 -4.085520138128470260e-05 5.536144661977300888e-03 9.790436522166674066e-03 2.537190431358665732e-03 1.218568529763545440e-02 2.282740169885624348e-03 -2.676713662841168507e-03 -9.465311876407964120e-03 5.660061072742295779e-03
-1.314934663826917705e-01 3.902693805423071427e-02 -1.821509295701859155e-01 3.765179893289789803e-03 -1.282574204067660423e-03 2.537190431358665732e-03 1.012422462383934518e-01 -6.600263686605235824e-02 1.604989478759795418e-01 8.851185268751613974e-03 1.081440186277232490e-03 1.904341480715380022e-02
3.536710528587998226e-02 -4.288815863973946541e-02 4.923985587029416910e-02 7.935899553628391126e-03 6.137790868245763436e-04 1.218568529763545440e-02 -4.467490515138573814e-02 3.467059155260647507e-02 -4.958998789978968924e-02 -3.765984398912643801e-03 9.153430929388448739e-04 -1.077453367580905388e-02
-1.408827077047904719e-01 4.789910710084491902e-02 -2.919422996755687283e-01 -6.769810790569801484e-04 -7.691629559915001474e-04 2.282740169885624348e-03 1.605216380400964205e-01 -4.960447649829492073e-02 3.183497607459987444e-01 -1.868403792877001979e-02 2.605770118795629892e-03 -3.000565112269047707e-02
-1.315976398432555927e-01 8.354919782813494122e-02 1.664409558847210757e-01 3.728920647627290055e-03 -1.725750397796094312e-03 -2.676713662841168507e-03 8.851185268751613974e-03 -3.765984398912643801e-03 -1.868403792877001979e-02 9.755667361104940205e-02 -9.635574869558399813e-02 -1.422633202115353990e-01
6.936231790179366030e-02 -8.797317759528203163e-02 -1.019971758624368952e-01 6.712319769131050960e-03 -2.735115390369597093e-03 -9.465311876407964120e-03 1.081440186277232490e-03 9.153430929388448739e-04 2.605770118795629892e-03 -7.798760319525072093e-02 8.193049216661715817e-02 1.137204455121579721e-01
1.275140152334473254e-01 -1.010908433687470742e-01 -2.527415093414625002e-01 -1.173930518255696283e-03 1.824005219528375800e-03 5.660061072742295779e-03 1.904341480715380022e-02 -1.077453367580905388e-02 -3.000565112269047707e-02 -1.459258434257576786e-01 1.100110688933678971e-01 2.771190578299998486e-01
