3.492976044023077351e-03
3.135726840066540341e-03
2.886171589462908482e-03
-1.826845236869291400e-02
2.022102529483612080e-04
6.413093835070589853e-03
1.152208624341074118e-03
-1.936220768154779323e-02
-1.728354458709298661e-04
-1.063871840261058519e-03
8.102411012819382696e-01
-1.469382680800990147e-05
8.714438960205997961e-04
-2.330988631968899938e-04
5.585305502670963491e-03
4.756467963869415064e-04
1.255436573826873624e-04
-2.374337427734000527e-04
2.304562257461384260e-03
-1.369735572687898646e-05
1.447461353717701370e-02
-5.651060264840745972e-03
5.792782459860627153e-05
-1.490354840012860426e-03
1.375930615181480618e-02
-2.072633503234833140e-04
-6.061039284485402953e-03
-1.700848620836436977e-03
-8.048598347167734354e-03
2.363616069798992608e-02
8.418651787100847259e-03
2.011031481200890316e-04
0.000000000000000000e+00
-4.811323639220136728e-04
4.837278768367540144e-03
-1.221130304419245257e-05
-1.551265082640658922e-06
-4.491130184765153993e-03
-3.519018000720149368e-04
-1.355376676629216402e-04
-1.673141848207171335e-03
9.820970330155750008e-03
-3.367348926428300436e-03
-9.380054861072296122e-05
-4.922846748368847830e-04
-1.167894264687182223e-05
1.640310226924926798e-02
-5.916721598585953376e-04
3.957325203984100588e-05
1.094937527073812193e-02
5.057782971261085697e-03
-1.808370156735087698e-03
8.328440270866544360e-04
7.998801931997275298e-05
1.256565078829146101e-02
1.018208213784192219e-03
1.115729524852815489e-03
3.048744577870336043e-04
-3.710737097533210044e-02
1.854368609421896963e-05
2.273193377794413496e-04
2.128187929841923509e+00
-9.375262900886601603e-06
2.457420695408292934e-06
8.808703589314188787e-03
2.686319265884880899e-03
1.158291794962629308e-05
-5.829427857655389560e-05
-1.874237799408540116e-05
3.783859416398979714e-01
-3.994458046173339640e-05
2.494292756255974460e-04
0.000000000000000000e+00
-1.803724166647313501e-04
-1.262646741765275748e-04
3.375769278970430911e-05
-1.962021668647710270e-04
1.179087621975642189e-05
2.699926336637107697e-05
-4.882907862676274380e-05
2.077731018927941807e-05
-3.631412180255555368e-03
-3.619802212078197540e-03
7.466362939408573671e-06
5.379531418265119105e-05
1.298850553791789731e-06
3.407153578671865747e-04
-5.529387744500920522e-04
5.423745033462286651e-05
-3.760268336004142899e-04
-6.089833097960332346e-04
1.196429317178301032e-04
6.853276536448256635e-04
-1.216859955950629594e-04
-7.948135471150585612e-04
1.400008384138676405e-02
2.979447883133699154e-02
3.199181086455560210e-04
-4.462817962440072256e-02
2.209146235507682631e-04
5.690642967674334855e-03
-7.078460571261195209e-04
-4.722682391378185579e-07
-1.228122827242679905e-04
-6.531485012498894566e-04
1.535137932319422839e-03
-3.865703407808377735e-04
-8.024187336335882601e-05
-3.836696031498535776e-04
2.122935536611808907e-02
-5.557273510632398667e-05
1.670438842285904056e-04
0.000000000000000000e+00
-1.544415148326076307e-05
7.394236260099163339e-04
-1.019168735524544846e-04
-4.910439544428601760e-04
5.496421190639969555e-03
2.717736770812010684e-03
-2.483421624037695995e-05
2.676289967264692485e-03
-2.704410212649666296e-04
-3.809432059946023588e-03
3.363446311306347164e-02
4.647105461413359243e-03
2.521160933237620583e-04
2.778821863321142768e-02
7.320609136139892385e-04
1.223432291793743077e-04
1.982097262151549973e-03
1.195044828681268745e-05
1.503125537077521032e-03
1.355994530467782020e-03
4.548080973631188351e-01
3.644551342417153440e-03
-2.382298375273113778e-04
-2.240935628327130503e-04
-1.318249208956161558e-02
-4.061411782432245012e-05
-1.178611570227990554e-05
-3.046255982783740854e-05
1.737373409227416147e-06
-4.533047400457531077e-05
1.519431295441779109e-05
7.636805270620161679e-03
6.021459678377875414e-03
-8.838195191814169228e-04
2.690568775052248760e-05
-3.086370549132278016e-03
9.139153308385061097e-03
3.695529205792791316e-02
0.000000000000000000e+00
0.000000000000000000e+00
-7.248340978872983573e-05
9.994005151470523873e-03
-4.141935277197831763e-03
2.037896507945872570e-04
-9.441112028794643955e-04
-3.468090471168879256e-04
-6.176795975444330893e-04
-3.308142511713185741e-04
-1.993255271679409638e-03
1.332128343749516762e-05
2.604951611417642308e-04
-1.325311468104069799e-04
3.185733984586006963e-03
1.100802100602346449e-02
-1.929247117639718706e-02
6.580404465033792003e-05
-2.778546751792158268e-04
-1.500105184794116753e-04
2.038764420744539453e-04
1.529095868506876290e-03
3.378968253497527212e-03
1.774719437814109525e-03
6.491075000980591272e-03
-5.354960635762259780e-02
-6.627433512861695126e-05
-3.824067428401859998e-03
3.678840899909448670e-03
-1.145566181789033597e-05
9.728163991304198408e-04
1.249904854490798333e-06
-3.292564171274807157e-05
3.751180455580834243e-05
-3.871648138618658756e-04
1.581671863097137626e-05
3.287492629662954178e-06
-9.732766792473294948e-06
-5.435450821924211508e-03
-1.687287402757734758e-05
-4.371636231538096780e-03
0.000000000000000000e+00
4.147378160294460694e-06
-3.359191787236174773e-03
0.000000000000000000e+00
-9.458173760110636166e-03
4.279629919556882101e-06
4.187808548062517682e-05
-8.902754338061906120e-06
-2.234176816484634456e-06
