0.000000000000000000e+00
1.994908121187033596e-03
-6.591829991036431526e-04
5.825170884915101266e-02
1.549162308729673185e-02
2.470704561539475725e-03
2.489046386756554874e-02
-5.387222421053013306e-03
2.712671208703391641e-03
-3.175605974583965360e-03
-7.897080547975665176e-04
-9.131123211353712468e-05
1.209857347875830796e-01
9.957539131354442574e-04
1.009362181798828112e-01
-1.180761904564978926e-01
8.317549539344404677e-03
8.898931575129583396e-03
1.932203011430970007e-04
6.054456653540592898e-03
1.238634693007450646e-02
6.964766963331036904e-05
8.291457155080032490e-03
1.202653853984396795e-02
-4.899188816975450639e-02
1.102443516161303629e-03
5.607692810166190703e-04
1.782177660288541965e-03
2.221561289713255057e-03
2.050911358543515695e-01
-6.931730667168678472e-03
3.148237505648402833e-03
0.000000000000000000e+00
-1.512430656537773954e-03
-7.754125837337240944e-03
7.226580715311496476e-04
-3.205398283302470386e-03
-6.287732184222766252e-02
-2.283103560288498191e-03
1.109163849890704070e-03
-2.464435373287414063e-03
