0.000000000000000000e+00
6.949451279415841398e-02
-1.367947682431259332e-02
7.198067017148674918e-01
5.029716207734254325e-03
7.279071457155983013e-03
1.006277502263722319e-02
-1.695547378064310440e-02
8.381703861269662256e-03
7.486675203780131585e-03
-8.671368485256033100e-04
-4.708497010185608181e-04
2.739584345983508973e-01
1.080619710988850370e-03
1.256767979906027177e-01
-2.251065929075624170e-03
4.324570520721208143e-03
2.599988559520880482e-01
6.512134973414732651e-03
1.748367954774449409e-02
4.490144660585615563e-04
6.050699768080473016e-03
5.883483249056246228e-03
1.336183786159295117e-03
-6.379627408244366825e-03
-4.289426940134640105e-03
-2.113043840944498711e-03
2.159443984070108426e-03
-4.546456760148701731e-03
4.956084138775216918e-01
7.331482839609332336e-02
7.221674931752335201e-04
0.000000000000000000e+00
2.017590659296297881e-04
3.503850047703075624e-04
1.015801675030029473e-03
8.499789163561113914e-02
-4.622949228683559397e-03
-4.450265553900541876e-03
-7.281149325032136186e-04
-5.744916125916269684e-03
