1.159770493499816604e-02
6.469912425800379520e-04
4.190882513696111305e-04
2.294745381380604299e-01
8.399674590383968424e-05
-2.829223249991574953e-05
6.380936251597117085e-04
1.648587258956261568e-03
-1.785414711423497945e-04
3.173040816071652222e-04
7.317377604410342865e-03
-3.152612639389928972e-05
2.893078398320832580e-04
-6.911648576157780271e-06
2.666226281777817149e-06
-7.969956353990337848e-05
2.204437960818890930e-04
4.621905004509837319e-04
9.533190444414288769e-03
9.316578192268091396e-06
-1.377404077363753032e-03
-1.602449471301903251e-03
5.262500031674536698e-05
8.059545230776121510e-04
5.329172921008096253e-04
-1.509197003757845046e-03
2.438360734999145299e-04
6.675217916446059827e-05
-3.895861133325976590e-03
8.286204117509577294e-04
2.389646218238968608e-03
5.685573890096422322e-04
0.000000000000000000e+00
3.067365364020080556e-05
4.501837979243194956e-04
3.585062816008196206e-04
3.522280310684540596e-05
1.310179800078525750e-04
8.440860683246083633e-05
1.391965881958157113e-03
9.242129550594373178e-05
1.056551173771228154e-02
9.745317396988361974e-04
-4.189599366765920816e-04
-2.487411124425238911e-03
1.215351248583148233e-05
1.767557032757795243e-01
-1.243289827588596897e-03
-2.718521077135586521e-05
-2.856724489027887785e-03
-4.357538788178534774e-05
1.946293721088343423e-04
-1.092760031544252365e-03
2.073974105602098051e-04
1.280615922788386207e-03
1.000763533675293627e-03
3.807778139021463226e-01
-8.524034477604081278e-04
4.857120379383765563e-02
2.175678138133463281e-04
1.075793046352154446e-04
1.767213887279583907e-03
-2.356907636224869816e-04
3.120788790098657389e-04
6.352710949103493841e-03
-2.664870211796325632e-05
6.433981315183727734e-01
6.019187237911171890e-05
-9.719590800839986730e-04
7.432846565149419998e-04
2.938543661170929912e-04
6.542335059041744577e-06
0.000000000000000000e+00
8.432285249242370100e-04
2.126615556662159233e-04
1.823110244230393253e-04
1.455668913455572950e-05
-1.053121375555428731e-03
-7.062204040332457954e-04
1.203662163886972362e-04
-7.062902702998549156e-04
3.038460731091744533e-04
4.667906471741200885e-04
5.370508893673002536e-04
4.520920917705358532e-04
1.558901792985700665e-03
7.263791745901897233e-04
6.351322623466085790e-04
-9.351189127327537713e-05
-1.727984901760404245e-05
1.141261202939484521e-04
-3.276441880375680288e-04
-2.850994011290704840e-03
-2.246272542723100785e-04
-1.180842451009874420e-04
8.315834763340154354e-03
-6.983679898666180115e-03
-1.224376679954475213e-03
-1.543149410092940245e-03
1.562141396864132395e-04
-9.071238886304122239e-04
2.182370915677293421e-03
4.926255277847956925e-04
1.482588730245204545e-03
-3.494208885037597547e-05
1.141961020756365741e-05
-3.972084237114999910e-04
7.192771757988936630e-05
9.986704745427546853e-06
1.621688683129650366e-02
5.326865177105825222e-05
3.010442809678733566e-04
0.000000000000000000e+00
-3.206964112261919406e-05
3.920152400970581814e-05
-1.969582070505075406e-03
2.154513044518006296e-03
4.754951886060417411e-04
5.452459957473454195e-05
9.603418347284472785e-05
2.058011053152804801e-04
6.828676826215722027e-04
8.665893254096686867e-04
1.190584814896421088e-02
1.676900084427002222e-04
5.792729176248216476e-04
-3.581791493336624124e-03
-9.179481930771486167e-05
-1.356960389989891880e-04
-2.235669355730540535e-03
1.569203086045985629e-04
6.617096801407207785e-04
-5.285056754722461392e-05
-6.063242480168391937e-05
1.546139310451740410e-04
-8.104488921820696135e-04
1.006408991813145831e-04
-1.749256642661138096e-03
6.038986543200601130e-04
-1.917878129926720089e-05
2.902495602231658367e-04
2.617431951926096792e-04
-2.062580016538214444e-05
4.002151757359628803e-04
4.366776094684906429e-05
4.981808744548565655e-05
3.113628133233895933e-03
-4.293852252417407417e-04
-7.650641770885849855e-05
4.031712344979025177e-03
-1.453426975520174212e-02
0.000000000000000000e+00
0.000000000000000000e+00
7.933482057683442388e-04
3.099174381906433375e-05
1.207615239224442980e-03
5.628600467422935631e-05
2.459339448832957293e-04
1.995143079966214399e-05
7.421638997502366393e-05
9.758955964482100831e-05
1.363784279582983981e-04
-1.310568363742066814e-04
3.506015640402833919e-05
2.719629079175926115e-04
1.006536548899476368e-03
-4.525001307263950244e-03
-3.850437716365543665e-03
-8.850517205044964588e-05
6.231053747956775577e-04
-3.189403738341237918e-04
1.439378978089841000e-04
-1.891786552982854721e-03
7.327310906365032755e-06
-2.256000869182835599e-04
1.559873861754764368e-03
7.650445580455060611e-04
1.707209554776249359e-04
3.459162864910325435e-04
5.340236550500125027e-04
-8.723730109552926533e-05
5.291230739817631484e-04
-1.614731556255725455e-04
3.466511469336112320e-04
-5.025702399961140407e-05
-7.680640406823924021e-04
8.373131190952953773e-05
-7.209072660409043820e-04
1.226335612448226195e-04
1.442747833035958494e-04
2.538187390384768000e-06
1.539982850510860865e-04
0.000000000000000000e+00
9.811722368942750472e-06
7.443354759600525337e-05
0.000000000000000000e+00
-2.816954981488158528e-03
-7.863306412288532336e-04
-7.024275551941849393e-04
3.897070781101907746e-04
-1.850783094211657298e-03
