0.000000000000000000e+00
5.571060145602820812e-01
6.043858536589619135e-03
4.771225249589355344e-01
6.076982383860215185e-03
-4.354909464963529933e-04
-1.501596553409818499e-02
2.170110360556846420e-04
-4.331414260215732948e-01
-6.499432308573105735e-03
-1.597420831050729538e-03
-9.072758373518129832e-03
7.382133645774381636e-02
-1.447497558701016287e-03
-2.294392703955422733e-02
8.916292927102796861e-01
3.667244810126657657e-03
1.313183344053210910e-01
-8.853947154926726862e-03
1.550216323321388636e-03
2.104605410729471979e-02
-8.112335524236794632e-03
9.088498200039814984e-03
2.691289038743264594e-03
3.271255162061383753e-02
4.151669259266170249e-04
4.255666968909851294e-04
-2.584125819073819995e-04
9.178795399957805925e-05
-2.101019610518248260e-01
5.821787258668109210e-04
9.053934672402046125e-06
0.000000000000000000e+00
6.674171319690873339e-05
-2.066981254114678643e-04
-1.023727340964410322e-02
-2.093484117984119818e-04
5.246905613587907972e-04
4.115622128930802176e-02
-1.141068342066583086e-04
5.739724555509084780e-05
