4.679078538443685181e-03
-7.204509509339595890e-04
4.606375262600067243e-04
1.888237620350737556e-01
1.671766544693772114e-04
5.272392058638386558e-04
-5.484061785341924015e-04
4.683980656060941490e-05
1.501120412726134892e-04
-1.543309163922534921e-03
1.174964758879868364e-02
8.514506513490616496e-06
3.612635455632062922e-05
-1.401922867869043231e-03
-1.051999958299409900e-04
1.010049056675121876e-04
4.506802516476475159e-03
-2.647864848702348936e-05
-3.295803714401235145e-03
8.506845593242810257e-05
-1.669079063573593834e-03
-3.839249062766714009e-03
1.525056385527578885e-04
3.755967618205069197e-04
-1.576886406233057826e-03
-1.996775841835929204e-03
-2.856048253951914973e-05
-1.512422195469594532e-03
-1.821605540070003705e-03
5.512586785984504353e-04
5.262580920102936325e-04
-1.326318059824371743e-03
0.000000000000000000e+00
-2.241439197286225135e-03
-2.305625054458785778e-05
-1.318811302708929566e-03
-3.092085646282819855e-03
1.532392573202257023e-04
2.724760329779011679e-06
4.262412000004545392e-05
1.513751025839541961e-04
7.586456174355789674e-04
2.962444503712265641e-04
4.911073413793376474e-03
2.677083270698747295e-04
8.953206762775481895e-05
1.570663461845830666e-01
-1.705937038569508733e-03
1.542398156845055878e-04
8.787109893884833807e-05
-7.312945037253696387e-05
1.261241162548998318e-04
-3.472050844374556104e-05
-2.723181613788483378e-05
1.379897845338703055e-03
-1.744077326852984909e-03
5.286532217689443591e-01
-1.223823576521990977e-04
-2.087183156158286222e-03
-4.755796377835445183e-04
-4.577587614682743439e-04
-1.456893494354996772e-02
-7.770281717470147505e-04
-3.297439563979979570e-03
2.564460215946369904e-03
3.937694726767008302e-05
1.097340304807995937e+00
7.067002839284002068e-04
-1.009222920536697156e-03
1.429286773108036888e-03
-1.748327973869619753e-03
-3.696179715107679735e-05
0.000000000000000000e+00
1.397210141476127763e-03
1.506111083529641456e-04
-1.000074778811107205e-04
1.330981258021512971e-03
-2.247726153351929304e-08
2.865481537417391422e-05
2.577060497757077684e-04
5.636990854333815857e-04
-1.365181953533256510e-03
-4.984119008510774730e-04
-1.868739535770839490e-03
-7.081089908025213443e-04
1.018083824502627639e-02
7.579305026897595039e-05
-5.093046374615717298e-05
4.613528450371588425e-04
1.243606285936671474e-05
-4.263350712703228851e-04
3.246728052452926166e-04
9.867758557312810395e-04
-7.316584690657590255e-03
-9.022883162444669250e-05
2.120851609507434961e-03
-2.089524166211257695e-04
-6.078347784322405637e-04
1.659209555648466614e-04
-2.087904436657702419e-03
-1.824813001421069858e-03
-4.333867823627027944e-04
-5.602449183802704841e-04
6.199931106547485187e-05
-1.808971157557663243e-03
-1.223966421489327236e-06
8.460330940904222437e-04
2.000584085135888703e-04
4.999900233785640505e-06
-5.408099468567580982e-03
4.597667527193778782e-05
-4.202901958152427397e-04
0.000000000000000000e+00
-8.428041436225885974e-05
-4.104093225548692200e-03
6.654880916042345284e-05
-2.823972625898581775e-03
2.131319886649651711e-03
4.723930783472330135e-05
2.067162420051005202e-04
-1.399772854426828501e-06
-2.072590915719762952e-04
-3.340715954071482477e-04
1.419485448296213146e-03
-2.186067371860911292e-03
3.969679686978270540e-03
-4.154130545986877907e-03
1.362712163293237412e-04
6.387295810853880859e-07
-1.729793922898699822e-03
-3.806535229511872395e-04
-1.001564867550090287e-03
1.477515238072453832e-04
-3.935081406654846592e-05
3.293426234424879501e-02
1.533368296837700620e-05
-5.398479436447001234e-04
1.989573891445791222e-04
-2.667838407766076614e-04
2.860148233663206696e-05
-3.909626224850967086e-03
-4.675106868141653833e-05
1.453797172335698771e-04
-2.373516601188496548e-03
1.061281788893531032e-04
-6.177196851512671380e-06
1.072806988977766584e-03
8.964320918328402539e-05
-6.849096164211883287e-04
2.978186730331307871e-03
-5.846344889355314662e-05
0.000000000000000000e+00
0.000000000000000000e+00
-8.058430127318475748e-04
-3.087526224329432549e-05
-3.735072825597226089e-04
-1.389079640066855515e-03
1.900414939161147298e-03
4.182552071877824159e-06
1.009551566700424737e-05
-7.702200261582303753e-04
2.566289515662697058e-05
1.024140384492759242e-05
2.502078037819765901e-04
-9.898932713577519532e-06
1.186429379207691202e-03
6.069462983564773541e-04
-1.646837547743662446e-03
2.589282040175019061e-04
-4.606790045935671429e-05
-1.909197366832030961e-03
-1.269105523215515374e-03
-3.710918768732203877e-03
4.263752938474363427e-04
3.070371594556439010e-05
-1.063084043892992304e-05
-2.154831105965667457e-04
-3.068179220158858274e-05
-1.489061595944936702e-03
-2.137665609882584937e-03
-1.079624654102443815e-03
2.496690377153128583e-04
-6.119766396629847680e-05
-3.504206155706590577e-03
-1.631655898195568354e-03
-1.382685380154254465e-06
3.946034094797953027e-05
-2.129401525270413554e-05
-3.994943253365542399e-05
-1.079868913423598364e-03
1.862620763409446876e-05
-1.756875306605147060e-03
0.000000000000000000e+00
5.006393625024418710e-05
-1.951903134131960236e-05
0.000000000000000000e+00
5.243663833898182586e-06
1.935530938113050325e-05
-2.573322560891119092e-07
-2.116356977239034767e-05
8.030218224349312827e-05
