0.000000000000000000e+00
8.345682554684409615e-02
3.850495285850252802e-02
1.791893697696829990e-01
7.361118582146445460e-03
2.307433040951526739e-04
3.663100754408864929e-02
-2.595116380081531615e-02
3.250333064686746192e-03
-2.926946007527283719e-02
-4.089769291795164599e-05
2.296056660097363800e-03
3.963600285549493396e-01
8.069317689995369330e-03
2.918122332609158695e-02
3.110425882872758924e-02
-4.502931085534012329e-04
1.132806663789130142e-01
2.748994871083436115e-03
-5.206710759402348107e-03
1.141906463294506315e-03
4.214304529029933022e-04
-2.861611925369163690e-03
1.720429331332370059e-03
-1.226791483349659942e-02
1.277200851101204896e-05
9.100513140373871213e-02
1.508394890380830025e-04
-2.010070775646153468e-02
1.071546259405909557e-01
2.715869427577473957e-03
1.359107894742746713e-03
0.000000000000000000e+00
2.644071541697279489e-03
8.985827580028822603e-05
-3.884887837617423401e-04
2.979512005890118387e-02
1.622150959120612426e-02
2.734556270707518433e-03
1.259302060513056709e-03
4.045436908927327845e-03
