9.969723693716521506e-03
2.688804128702493475e-03
-4.085434441608507667e-04
-7.999411273898739128e-02
4.427384902368676839e-06
2.021245474821675540e-03
2.415495927130055162e-03
-5.367866594025253466e-04
1.023090676023308233e-03
-1.669863973496710273e-03
2.057788698891053203e-01
3.284742527268254693e-05
5.793970043545352286e-04
3.890682044119048860e-02
1.141874932510056340e-03
1.598362787728350521e-03
1.279857197246769937e-04
-3.045903589980921301e-03
-3.102917491727552515e-03
2.421961082800313137e-04
-2.885362723635804261e-01
-3.402401655908763711e-03
1.890337772832613842e-06
5.125278919985134518e-01
4.447426991400031118e-05
6.025299702017150424e-06
-1.961869034439326699e-04
1.568142300333382367e-04
-3.887496030014740310e-04
1.209973894391621349e-03
3.569162549927717802e-03
1.229525829412381254e-04
0.000000000000000000e+00
-9.185294106440977874e-04
-3.910452241932797389e-04
1.207958612384392867e-05
2.080661704206102915e-04
-3.734345787280564876e-04
-2.429038332291947764e-04
-4.709185578117688008e-04
4.576867083288445673e-03
1.223565404820992769e-02
-2.060463116677032139e-04
2.187080362352388646e-02
7.160070576327134386e-05
6.386490758397182169e-04
8.370292622105897709e-03
-4.227746275710468345e-04
1.012066332474266972e-04
2.217670664010166495e-04
3.426516708575633445e-05
-1.038703610257722156e-03
3.002937993829372649e-04
3.101802353485657096e-02
4.476650927287550985e-06
1.208717619663228059e-03
1.552783243620006921e-02
5.953327833563607473e-03
6.772637250316860813e-01
-4.327435217037489679e-04
6.849873408401190066e-04
-1.121677071234734313e-01
1.293186372143632427e-05
1.482209736173819073e-04
1.939291268365413710e-05
1.148095505965803405e-05
-6.994202373737934408e-04
-3.657440418894708284e-04
-1.358852542812390542e-04
3.246677071272383586e-01
-1.303084833854365908e-04
3.299222488840550921e-04
0.000000000000000000e+00
-7.677550592362080990e-05
-8.817704969918219735e-04
-1.011179010246721104e-04
-6.009782420074808731e-05
-1.227424188678583137e-03
-7.630999180351002434e-05
-4.412069573453081478e-04
-6.038482656128015382e-04
4.827256701285994049e-04
-3.539648055519606547e-03
1.705193574805837506e-03
-5.691818044978683990e-05
1.165249239593417091e-05
3.976630692026953632e-04
-4.982880915131105088e-04
3.887546092980661416e-05
8.658616793636515936e-04
-1.868377069736600613e-04
1.589790771405456436e-04
5.426289234022144701e-04
1.194898962886862571e-02
5.845076935488672685e-04
8.505715252938491613e-04
-6.557401407730386320e-05
1.981429975865071306e-03
-6.576376694166666259e-02
-3.987040000996107999e-04
8.115916377339734474e-04
-5.888015330954369381e-02
-7.362467859136263848e-05
4.995367046973342006e-04
6.565515355223538747e-05
-3.312494429443073172e-05
-1.134929680985644925e-04
-3.025725061007733597e-05
-4.644182808497395397e-04
4.980666407311259286e-03
-8.120937624536139223e-05
3.055062214434892901e-04
0.000000000000000000e+00
-8.049751688101735594e-05
-5.843052357175082263e-05
1.267641722652257331e-04
6.694899983268480558e-04
-4.683002333910835308e-04
5.536025411658762607e-03
-1.554560157671266150e-04
2.645648072528553919e-03
9.472898055517948957e-04
1.494721610791079460e-03
3.684731004261206089e-02
-6.968226619945857127e-04
1.731283745750348537e-03
2.215621278367881346e-03
1.049595479351002857e-03
4.056872236019396785e-05
-8.181225963452239732e-04
1.902195849840637829e-04
8.948537383983950003e-03
-8.435760376942861031e-05
1.261090684854693114e-04
3.133847510098798639e-02
3.577939108872326118e-03
-8.636112396007551662e-04
-1.294811416776771827e-03
-6.808263812948449172e-04
-1.834532214235314539e-04
-2.030857936327734700e-04
-5.960762247731565388e-04
2.527664931228912253e-06
-3.782927805199657721e-06
-4.308187726213811740e-04
-6.259091191681183397e-05
-2.300276704895409753e-04
-8.648584196890852011e-06
1.966816718707242728e-03
1.269770743710321205e-02
5.923853796325910569e-04
0.000000000000000000e+00
0.000000000000000000e+00
-6.368941491638579599e-04
-9.366797485848602726e-04
1.197226786176249473e-04
-4.428667130799960770e-04
-2.605387245098474526e-04
-5.895830739321538793e-04
-9.955566441588459270e-04
-3.702536353687927557e-04
-2.827139529499570923e-04
7.176416371780310229e-04
6.138576947369263955e-04
4.032552841530664066e-04
2.725556955917518391e-03
1.180788582673623433e-03
-1.154976895091112390e-03
4.170454932405457944e-05
2.425173284160919652e-04
-1.341253510598032104e-04
1.320056655599680975e-05
3.184324199465985925e-03
-4.404239718064436476e-04
5.118537025954476892e-04
-5.210190020016843612e-04
3.879308606332335790e-02
6.078781652425094967e-03
-9.599268316729119054e-04
1.195059599664224057e-05
-2.895783114645133962e-03
-6.235778179519850572e-04
1.995778764573093611e-04
-4.698647394294634184e-04
-1.867939995820577900e-04
-6.501239393928770266e-04
-1.272480358599281712e-04
2.653788084098588580e-06
-1.094638745499902118e-04
2.524621353453919128e-07
-7.922838663452817180e-04
-1.845778938866023567e-04
0.000000000000000000e+00
-2.927752281107013905e-04
-4.451475264406923207e-04
0.000000000000000000e+00
-3.369910944801546022e-05
-1.110702798900101975e-03
-8.241899453284536655e-04
1.246829691213224151e-02
-1.053714109803630985e-06
