7.577951791403414461e-03
1.164378138496013958e-04
-1.634352015374614586e-06
1.961159854030883443e+00
1.962587706221107231e+00
3.013098484670721387e-04
1.279238606608945508e-04
-3.301175237372018929e-05
5.012654036287663480e-04
1.760460534809390066e-03
5.215300984441710439e-05
2.047342997794232393e-03
3.179333872619120524e-03
1.184203119948490314e-04
7.878821277178907909e-04
1.311016093478908071e-04
2.140526919698200969e-04
5.374720424226953411e-03
5.904140651265137084e-04
1.200041310959557886e-05
6.805316419736058900e-03
1.289576187413255014e-03
-1.413465004657480822e-05
4.871390604144210101e-05
9.373531619987958972e-05
3.388887786143583161e-05
2.669688984683997023e-03
3.369386678172081682e-03
-7.623537029520418553e-05
4.510679265366900753e-02
6.386326102132411093e-05
7.283653467782998927e-04
0.000000000000000000e+00
-8.993467019114586430e-03
-6.830713885958387141e-04
1.177972470110289025e-03
1.102950146571061497e-04
1.036956712182209592e-03
2.939145741329059550e-03
-2.487334905057555275e-03
9.776355109538522811e-04
5.067451481841797611e-02
-6.155719408718063165e-06
2.123249415090233683e-04
1.312311333135422276e-03
1.319494518676641182e-03
8.357588391842595693e-03
1.826560027777072431e-06
3.491854092323517394e-04
1.512772938466374168e-05
1.023830557950559555e-05
2.737214428198668113e-04
3.328094606143146717e-03
1.083580430787985582e-03
6.366869918677705567e-04
1.225654585543948572e-04
6.618073195995722181e-04
-2.191277118266010855e-03
7.341515613332466605e-01
2.197076872771930244e-05
1.148143835371984221e-04
-1.628861339780254130e-02
-6.424460972061692324e-06
9.915370632424054705e-04
2.671999667604489041e-04
1.141817481388440660e-03
2.010334053612439047e-03
-1.860625649228175724e-05
3.808765878304439521e-05
1.093117319497519391e-01
-1.286919407674580376e-03
5.671079450675798207e-04
0.000000000000000000e+00
-9.084387042260628998e-04
5.661251609856272861e-04
1.017419794128215970e-03
7.885908159617945068e-06
1.658796383272672259e-04
6.921104358352062927e-06
-1.031535351648941502e-04
1.841166969391849829e-05
8.711912188041607717e-04
1.192940688026962843e-05
5.941647557558586094e-04
8.054262810097690528e-06
1.835338503011829615e-03
8.583463373938272217e-03
1.469030085630892087e-05
1.705889858279278362e-04
-3.665102377918098492e-06
9.632388200969750798e-04
8.843779844996069390e-04
1.695521540477488466e-03
9.249059977726552240e-05
6.907114532964219854e-04
-2.614717643927281631e-03
1.001939427469615129e-03
-1.307962438047412766e-03
-8.890370091094501387e-04
5.936063520210292686e-07
-2.403465745785959926e-03
9.317800301175719561e-04
-6.690017875750815981e-06
-3.516316641708557727e-04
7.991136513737876217e-05
1.115537143058964410e-03
-7.237822342977354726e-05
-2.977540746868771347e-04
1.029148096049977345e-03
7.775279919630501135e-02
-7.800184531710385727e-03
6.516876201155670468e-04
0.000000000000000000e+00
-4.461000360130795532e-03
-1.175516564058543077e-03
7.620406522836243191e-04
1.145959456489986650e-04
2.105712127723850283e-06
1.964101339800479947e-05
-8.179015621899858634e-04
-2.357071088895600769e-02
9.787767252236179161e-04
8.814242371753137949e-04
-5.953895738086171455e-04
3.197786442710181917e-06
1.069386699456797898e-03
3.270433570896699054e-04
9.601727520030337590e-04
-1.863339995750893730e-03
1.370040379798235499e-03
1.429527796306488132e-04
1.256701302882801184e-04
5.763584494748193567e-04
1.098991971344635268e-03
3.395132026418797304e-05
-7.692559681465575448e-04
-6.029541636457598670e-04
1.644907561157982201e-04
1.758096818659060688e-03
-1.334570057097324777e-05
3.761785490834501915e-05
5.890370848684378441e-04
1.101379571304406045e-05
8.749319216875495403e-04
1.630560325495281960e-04
2.075350720233496774e-05
1.602201833345695656e-04
-1.582408336607010703e-03
-2.728201365285613366e-03
1.038125664605967224e-01
-2.106648321378419998e-03
0.000000000000000000e+00
0.000000000000000000e+00
2.984127133875228645e-05
-1.283893905714491180e-03
3.465357298890747593e-05
-4.998379979566832521e-06
9.253231101113609238e-04
1.182227865235141485e-05
-1.339012410520057286e-03
-2.208159600737835682e-03
6.005787792379591473e-04
-6.656194786192356052e-04
-1.740709177325020776e-03
9.689273424117554319e-05
3.066874024321053493e-02
5.035609015769449553e-02
2.120861126317027077e-03
2.695556401649904790e-05
-1.102112105333397012e-06
6.700816057970608412e-04
2.831483913289473478e-02
-6.076505714129653906e-04
2.120147489699834517e-04
8.633546737944312183e-03
5.867213009306925919e-04
2.122451539701142445e-05
-9.581165828878690071e-04
1.521445568798407422e-04
-4.957399392397920663e-05
1.217508629034247446e-04
1.032123652940371717e-03
-8.925985977015216122e-07
8.811203874575420367e-05
3.003667153681129494e-05
1.026036551604314661e-03
1.040773101783269141e-03
1.433626882275921719e-03
3.208344420023860112e-04
4.518170241829396090e-03
6.302984088449500302e-04
-1.865817368762456809e-06
0.000000000000000000e+00
9.516814081759195076e-04
7.691089771137231401e-06
0.000000000000000000e+00
5.550478044920777357e-06
4.334007282179215694e-05
7.611816359550809029e-04
7.306922150599841168e-06
3.530807290262523581e-05
