0.000000000000000000e+00
2.951475671828786979e-02
-3.093620893891350313e-03
3.836126654244391698e-01
1.536019468636107364e-03
9.332881022440489907e-03
3.014118104558871636e-02
1.564254257436476989e-02
4.197190125324704556e-03
1.593118481297170208e-01
3.709591267226401094e-04
2.416832788647201632e-03
3.738450211449890204e-01
1.106579605640771957e+00
4.305501681509132372e-01
6.102492096681796409e-03
9.512863139544929306e-03
4.125721818586598061e-02
-1.064829119702937008e-03
3.217197359280736003e-03
5.169961557204275776e-02
-2.687053335549342121e-04
5.382663710312470505e-03
1.350014309288137364e-02
-1.428791131959187720e-03
-3.082451140618891255e-04
-7.083547700822274929e-04
2.628461573884736512e-03
1.448335710293887323e-03
6.804696283569405812e-01
3.351640892538824447e-03
9.678967211962819384e-04
0.000000000000000000e+00
8.880660238265539750e-04
6.885947435481579951e-04
1.276270417899712760e-02
-1.168369325408173112e-03
8.829419695883799774e-05
-1.179404766854652477e-03
4.149469960846100848e-03
2.556913081871625866e-03
