9.626818340200838514e-03
3.183622944266865928e-02
4.305853634685237741e-01
2.650002113080454982e-02
5.075076761857640973e-04
3.369810104346726348e-04
2.585983923342742368e-08
3.031740305068321081e-04
6.114603836913418047e-04
5.302373212035787212e-06
1.841764553481459144e-04
7.741075184567860817e-04
6.662067558695389884e-06
3.857729143896310078e-04
5.800176719494251924e-04
1.698718112349257604e-03
4.627315409213205648e-04
7.211831584708122342e-04
6.841662362739407829e-04
3.979379535238468032e-03
4.562229650418459653e-03
2.852065949372975940e-04
1.346537423271391108e-03
3.677036046309546322e-03
7.298632052792303291e-04
1.097638446019882008e-03
6.094080029569795554e-02
2.368889378309662567e-03
2.100194562976755977e-04
0.000000000000000000e+00
1.379059376772093042e-04
3.553123749460485471e-03
1.485889065847027487e-03
5.351218407624752996e-03
1.664827661348910331e-02
1.820337373876218176e-02
7.461154884045063940e-03
9.770712673703116705e-03
2.225274669697750989e-03
3.739339400046121933e-04
1.890934593043685122e-05
9.851731227122684014e-05
1.388906605526547995e-02
8.487996385503672684e-06
8.863448402440840101e-04
8.166202626727423874e-04
1.617766245263770896e-05
2.441015438677868654e-04
7.463295098948534477e-04
5.617985427800837542e-04
1.037698596458318159e-03
8.768489997689160424e-04
1.702230391278972436e-03
4.017841178982847934e-03
5.256888341721306125e-03
8.697073671408012130e-04
1.511825412688540086e-03
2.194854331469644256e-03
5.656652774691745076e-04
2.254126646833555861e-03
1.567392135587823143e-01
2.159079152402108241e-03
0.000000000000000000e+00
0.000000000000000000e+00
2.382053050607759598e-03
3.735488641662623125e-03
8.869674371114983713e-04
4.441662259083056091e-03
1.556110051793968291e-03
3.753119256484384325e-02
4.448267467770735534e-02
1.983511345368117740e-02
7.568089210046971581e-05
4.334652558198748111e-03
2.346842347921533080e-05
2.885687202852648694e-04
1.035553799013060397e-02
4.332722813242187573e-06
1.883494302482734866e-04
1.423696679030178342e-03
1.146713642235380318e-05
4.327391939978549626e-04
7.516719177866792089e-04
3.314688668345633490e-04
5.434186758151112774e-04
2.711998133165521439e-04
1.109337157498254870e-04
1.004105913205874211e-04
8.580684042934657012e-04
3.615844122742482955e-04
5.082863610963107761e-04
3.788614375723729517e-04
7.431696435152008832e-03
6.305236530956796629e-04
2.896856232589476495e-03
1.373846830651020913e-04
2.071520837815371259e-04
0.000000000000000000e+00
2.082139693194967785e-03
5.070408827912529105e-04
0.000000000000000000e+00
1.225945505002974971e-03
3.686082884262679819e-04
8.269786892405618910e-04
3.611254907967278126e-04
4.276728529682947175e-04
