7.025120868987071165e-02
5.674837442112461439e-01
5.355751990341856700e-02
0.000000000000000000e+00
2.679948695201178274e-02
7.209799273703645928e-02
0.000000000000000000e+00
2.384966400753179769e-02
-4.058446065596554506e-03
7.327428838036243244e-03
5.627750632439296880e-02
-3.740774894625542579e-04
-1.784555637268248106e-03
-3.841820513946758546e-03
8.966681428072987431e-03
4.362313255156347156e-04
-1.658519273327525162e-02
-1.019343863038813024e-04
2.465170305874157092e-04
2.762944441687231745e-03
-4.779608875613313053e-03
1.415840305325440258e-02
1.118248181449972220e-02
1.655976627809240334e-02
3.548865152319473013e-03
1.350288850810839845e-02
4.483535526128006321e-01
8.832063208602192184e-03
1.605913670360773881e-03
0.000000000000000000e+00
8.863849786814330736e-03
3.469877173922016663e-03
5.039956383868678981e-03
2.274319977640271054e-04
3.002015413073992351e-03
4.667139957700927946e-03
5.981579368333807788e-03
1.415894277131749847e-03
