8.562025528122884852e-03
1.956914282006493033e-02
9.004830379362585013e-01
1.490417773839158855e-02
-3.956446670532261949e-04
-3.565451045360139011e-04
0.000000000000000000e+00
1.326961235635137903e-03
8.051477224884307166e-04
5.040839470421924209e-05
1.453575800060839330e-03
-7.338321137955702064e-04
7.824687228226897745e-06
2.004703370491641313e-03
1.777101744073380065e-03
1.455990642263079414e-03
5.509141611801604771e-04
-5.521580543216275672e-03
7.460626063414318434e-04
-2.854175439469900589e-05
-2.755161753820770890e-04
1.413670121779101894e-03
-3.584911148169241503e-04
-2.035470164378209556e-03
-1.564299439199926976e-03
-1.004122797281703418e-03
-4.427908348227317659e-02
1.213453054402791054e-04
2.032146014399864196e-04
0.000000000000000000e+00
1.347967681655178529e-03
-6.229595658904610875e-04
-6.326657339730922935e-04
4.950888241130339297e-03
1.275837404787982798e-03
2.019296668839961131e-03
-1.497020579157816618e-02
-1.477464596207456182e-03
-3.539358903064782178e-04
-7.617485276540862486e-04
-5.070392669355901396e-07
5.073239494107391887e-05
1.438390097564412606e-03
1.002429346041999778e-06
-4.765311465054470784e-04
-1.632459480105892926e-03
4.618073206411240224e-05
1.741854389525343634e-06
-2.454115867075297940e-04
2.163572522940748755e-04
-8.471131549644036465e-04
9.344007782127553301e-05
1.869989403823835118e-03
-9.713748426118347986e-04
8.095742862628559468e-04
2.565140711679895612e-03
1.101791683150565816e-03
1.867687727575684199e-03
-2.819906577425945662e-03
4.447789260924439776e-03
3.674272568087829649e-01
6.036905841908968718e-04
0.000000000000000000e+00
0.000000000000000000e+00
3.641262807825588685e-03
4.300382528918511691e-04
8.004775717388076513e-05
-9.487183603866059328e-06
2.420582130524562194e-03
-8.805693628322508893e-04
-1.097713448288303688e-02
-8.738671372593801725e-05
-2.569791993188408450e-04
3.650670820588193814e-05
3.724431213754837976e-06
3.805829854663119296e-04
1.405624710443061651e-03
8.587847781793555859e-08
4.575097976982153030e-04
-8.503913636556115208e-04
-1.394027253607266237e-05
2.598350947892328678e-04
6.241380691703657174e-04
1.411783182025949657e-06
8.808624023627734676e-05
8.745607339624891492e-05
3.094017454216750271e-03
-5.324759629304306238e-04
-7.794776414697205197e-06
-9.647913128518759152e-06
-8.104379324697467415e-05
2.916976396825902594e-04
4.936100314180051456e-04
-1.539838716325829028e-04
-9.724657515777964929e-05
6.754551748485937640e-04
2.722408523061196515e-04
0.000000000000000000e+00
1.788904599509133541e-03
1.508493070723804274e-03
0.000000000000000000e+00
2.643030733730548313e-04
-1.290317403853139975e-03
2.494154244104448203e-05
-8.053828818219107340e-04
-2.922475443432715034e-04
