1.329159903135206378e-01
2.323611634193429865e-01
1.131140445105439929e-01
0.000000000000000000e+00
1.208568001985157181e-01
5.268903401613988721e-03
-2.709332758144000763e-10
9.819560062247260912e-03
9.719987967974996410e-03
2.576010401050297244e-02
4.273961914246819042e-04
3.050678922434268861e-04
1.177544238391522085e-04
1.361407386879413296e-03
2.900087423783344765e-03
1.436731144930895312e-03
1.566231287167441045e-03
5.857759142498826684e-03
8.003182716093718788e-04
-3.481195722389104235e-04
1.091609658256039415e-03
1.834353481343043990e-01
-1.792926767167742552e-03
4.450414931060760692e-04
-7.032632240502397110e-04
-3.328059679444361849e-03
1.508872327164039462e-01
3.188117075507960422e-03
2.521563529073333858e-03
0.000000000000000000e+00
3.132413186007133171e-02
6.238423052297025970e-03
-3.464400091482430777e-02
2.425098096923187455e-03
9.905330342431609494e-03
9.478230787156816323e-04
