5.535478856954101357e-03
1.488375061347330802e-02
1.083308330762454919e+00
1.359035064372889068e-01
2.474824130424043128e-03
1.131759505040189984e-03
0.000000000000000000e+00
4.841245112604160576e-04
1.763829748027412325e-03
-2.914212716738824858e-06
-4.250647958025840221e-05
-9.009225811197340845e-05
-6.265278203010371697e-06
1.335455634179483165e-03
-9.169993498419071458e-05
-2.499183142372925605e-04
9.036940437343229644e-05
-5.663958129912641812e-04
1.126121972696758535e-03
1.858503654476499102e-03
-4.202032077097054620e-04
-7.837332165445687066e-05
3.301567192968098575e-03
1.021716931252014725e-03
-1.938450559538044542e-05
1.956837596471154052e-03
5.126673047462916577e-02
1.116065552082753064e-03
6.036498977688061347e-05
0.000000000000000000e+00
4.534531318310534354e-04
5.438098993638063039e-03
7.596042480385330588e-04
2.222609107368711534e-03
1.365915325623371680e-03
2.073824919696243361e-03
-4.806096379895337671e-05
2.238279946140113007e-03
2.703712144324547581e-03
8.091322679710355025e-04
8.161430966787305268e-07
-2.412303440557835574e-04
5.079632948508293333e-02
3.817368198377746324e-06
1.062981289769004940e-04
-9.012712583243617228e-05
4.257342854918633179e-06
-5.056354579288842717e-05
-1.442099031048767578e-03
-9.656285573420576016e-05
-1.041859968904638474e-04
3.779710830740245917e-05
4.567863933480816323e-05
1.161765795171243454e-04
5.213419549144707741e-04
-1.262903687608248396e-04
3.520587897667855782e-03
3.652179212712510555e-04
9.189735582614673394e-04
4.465618738513402967e-04
5.384916907396368746e-01
1.110380194995141609e-02
0.000000000000000000e+00
0.000000000000000000e+00
5.705932523807311259e-03
4.823767171059023355e-03
-4.962584085122512256e-04
-2.517175013769875507e-04
4.827035262612078053e-04
1.655607833160133244e-03
4.036561500256811270e-04
5.647215384760595480e-03
-7.832465696125575901e-05
1.223967808249996404e-04
6.917043138643386327e-06
-2.176830665510072818e-04
4.520748380608219201e-03
8.263601312867112348e-06
3.789224970256540475e-04
8.943985970670899344e-02
6.568006447282836832e-06
4.714696757595245318e-04
1.668096919540025885e-05
-3.395010533372803263e-05
-7.665313998021321118e-05
3.239894483084334171e-05
-9.039865299381351913e-05
-3.371512977105251213e-04
3.922067625467355048e-05
-1.122225071500763531e-05
4.488734732165378376e-05
1.497212457496954752e-03
3.745394705641687515e-06
7.055351410179803604e-04
1.664951229806976851e-03
4.848679345556327963e-04
1.248885347502474421e-03
0.000000000000000000e+00
4.516932901388955751e-04
2.087366187555265539e-04
0.000000000000000000e+00
7.609380501739534258e-03
9.968911257568270103e-04
-2.561582492865977030e-06
3.450466242243247937e-04
9.809543266465733154e-04
