-9.252149446064120847e-03
-4.585185075865644971e-02
1.276329437801096311e+00
1.824907557269022512e-02
2.098564241614294355e-03
-2.528786066128792861e-04
0.000000000000000000e+00
1.506327919528427318e-04
3.586723682169982443e-05
2.014941609771447737e-05
-1.184156592144251368e-04
-7.204072808849234197e-06
2.592990798448620778e-05
2.932594628461441481e-04
-3.846006532664684508e-04
2.678870371793373728e-04
-3.451006194801801378e-04
2.059376171477185935e-04
7.601293504086115366e-04
2.770173381995181486e-03
5.360332591453190881e-03
3.261991146857582844e-04
8.061658704742032068e-04
-6.491740473858994328e-04
7.431086391633442414e-05
1.336233857389912362e-03
2.769009575107976226e-03
2.298943257592267302e-03
2.290493616818878478e-06
0.000000000000000000e+00
1.692231524185923983e-04
3.918741712919097562e-04
1.067057207302564843e-04
1.184918754408281804e-03
-6.653172548082586860e-03
-5.703432921645072706e-02
5.819933995833700448e-03
-1.161537124898670420e-01
4.384642802139904476e-05
3.677141101356640402e-04
1.135901581103733877e-05
1.538699321787295792e-04
5.793856020454361301e-03
2.925940797524247545e-05
2.479422909538583019e-04
7.146541183629117895e-05
8.248929486393737358e-05
-1.235208810836644798e-04
7.360551237041897132e-05
-6.933837738986296404e-04
1.485665037143313273e-04
1.145823663676733494e-04
6.505166893207200421e-04
1.559943856037774570e-03
6.459565711505125228e-03
1.962693920000664952e-04
1.059471361761214281e-03
6.334167107166425829e-04
3.873222539738689022e-04
-4.154170262197846332e-03
3.651963957058775856e-01
2.055598097945361951e-03
0.000000000000000000e+00
0.000000000000000000e+00
1.992603577029428055e-03
1.323559030366664889e-03
6.778927690364170908e-03
9.463518549897945728e-04
5.921735233888269882e-03
-1.648319838239778179e-01
-1.269412346105283085e-01
-3.645426727996523009e-02
2.867648816391232596e-04
1.388358012043031976e-02
1.463144098680831637e-05
3.709637947975963140e-04
8.454117869762059825e-03
5.874034391961657606e-06
2.405012975066767120e-03
1.976660999904567007e-03
9.139383649291085146e-05
4.442273651187841118e-04
-1.576818710504993828e-03
1.001724764664831596e-04
2.594713812648308466e-04
7.399294523148987346e-05
4.513521930878061856e-04
4.683369823879438980e-05
2.574968934384802783e-04
4.461584700355958062e-05
1.463875544188453313e-03
3.750127811891101784e-04
-2.428188508364209977e-02
7.190548670508982053e-04
1.000312076333344409e-02
2.855840535784840654e-04
7.881872322647291316e-04
0.000000000000000000e+00
-6.331232186440198572e-04
2.114309894326223477e-05
0.000000000000000000e+00
-1.248323845773853860e-04
5.963361141490549668e-03
1.052369984747118271e-02
6.484174404362949042e-03
9.991612658400523747e-03
