5.732518809612434374e-02
4.173379606517760854e-01
5.704344290053605521e-02
0.000000000000000000e+00
4.773148077440778070e-02
1.548920686564939260e-02
1.023715292944723187e-04
6.685263621092207495e-03
7.125170580756012622e-04
9.397145432708213855e-03
2.954927050835583560e-03
-1.448526388434423409e-03
3.780791175804039655e-03
6.630114730005912810e-03
8.330012161732843617e-03
6.477453514154666312e-04
-1.030324036580173159e-05
3.323680124507477542e-03
2.543587940904442398e-03
3.372030186541182493e-03
2.261886197374870199e-03
1.290405434271161677e-03
-1.139883988929366182e-01
-7.920372008419930554e-02
-1.157544043341902779e-01
-1.044301457639481429e-01
4.144759406551894454e-01
1.590283933216281873e-03
3.774116199224986003e-03
0.000000000000000000e+00
3.677314953715911904e-03
2.370654108565177064e-03
8.948156983401773720e-03
3.601688247593592788e-03
-9.830987722534326179e-02
-8.523809027351765544e-02
