1.673614036296520655e-02
2.465279669128092946e-02
8.925576361749267829e-01
4.256310407333914990e-03
-6.750301570238223233e-05
1.820371730627249772e-04
-6.900231071712188878e-09
7.109386584425355640e-04
8.537388850548369721e-04
3.573807073536938717e-05
3.331098522350472882e-04
1.059220916538376267e-03
4.928332620191729356e-05
3.654796500568694871e-04
-4.935965304492769597e-04
2.843062216979608367e-04
5.902402229992128457e-05
-3.026255693483544834e-04
1.800671650937539113e-03
1.254900241391136229e-03
5.003746516822478799e-03
3.956238735200382612e-04
1.616227969552082745e-03
3.587492202977471487e-03
2.557564600903653785e-04
1.957792729397049136e-03
5.460912427503525346e-02
3.664520829220959362e-03
5.433623277492601652e-04
0.000000000000000000e+00
1.988250754644974982e-03
1.756372240911185988e-04
8.886070418109552225e-04
1.307085787487175877e-03
2.053658316258018778e-03
-3.239705245613677892e-04
-1.947400539203954662e-03
5.348715356317461193e-04
-6.497374322605812278e-04
-2.355648819071095245e-04
1.255115075111186862e-04
-2.865482582566691644e-04
6.757191235588229762e-04
3.048707510936887635e-04
-3.881895963102844011e-04
6.060665701719148302e-04
4.343667883856724277e-05
1.350186124858561822e-04
5.510764660781782833e-04
1.388788830111139020e-04
1.860876480317889381e-04
4.190939584255056435e-06
-7.193934352353789348e-05
3.411857022156257967e-04
4.296780617716392837e-03
2.023348337924080111e-03
5.196260412134908737e-04
1.569247017322320838e-03
-6.535542806102763729e-05
-6.785555944431495004e-05
3.767355091591982896e-01
7.994840924756403634e-04
0.000000000000000000e+00
0.000000000000000000e+00
7.937573950976269804e-03
5.229081803447932324e-03
8.795947193541782567e-04
3.409742523102036733e-04
-6.865632912925560003e-04
-4.447789381966604783e-03
-9.023689559773802283e-04
-3.591277104053210417e-03
2.564331185137584072e-04
4.918812410788845485e-03
7.027589856855032395e-05
1.358649270474502789e-04
2.845549718236162120e-03
1.161937393134600786e-04
7.275103048763221104e-04
1.250210992153014990e-03
8.920845089790407369e-05
2.894727055458345749e-04
5.680256425925326756e-04
-1.411151835694697987e-04
6.096589412318424760e-04
2.214507871640532754e-04
1.013080596482910777e-03
8.624528414440205690e-04
4.793264381816412649e-05
4.684233024710252882e-05
1.925004867654530217e-04
-5.374387251185848598e-04
-2.160355065304209068e-04
4.479265450196889820e-03
4.424738005019464987e-03
1.688785082824469661e-03
2.570878646142397487e-05
0.000000000000000000e+00
1.522477190844269803e-03
4.435532736142100245e-03
0.000000000000000000e+00
-3.265541262960080799e-05
3.740948563850802545e-04
5.524011249689634532e-04
-8.420502840712051473e-04
-4.782233697776157593e-04
