5.267904555311738596e-02
3.689923744762053093e-01
1.312314061757415273e-01
0.000000000000000000e+00
2.980046375442001183e-02
1.539365461681142973e-02
1.028509890428353014e-05
5.399615260017517036e-03
4.723347857733761973e-04
8.879415562586489424e-03
3.850472315001292594e-03
7.005737504214441845e-04
3.862087105505921866e-03
6.328243528206667530e-03
1.002173123098880174e-02
1.581489960537048713e-03
5.731590797341128184e-04
2.317125291279401814e-03
1.955031669113690106e-03
2.751852121558854506e-03
2.463920327677127271e-03
1.559414013921056651e-03
-6.067234575637001776e-02
-6.885038326084522153e-02
-1.812701744425691541e-01
-7.718178741565280554e-02
2.596067040821751770e-01
1.848520068654028623e-03
3.075777642718039839e-03
0.000000000000000000e+00
2.244807559534297073e-03
2.526623120008597654e-03
3.723995207075522004e-03
3.173486715303464132e-03
-5.120204865933027094e-02
-6.753852632301084180e-02
-7.629162288094377964e-02
-6.609476734433386569e-02
