9.716183229855902825e-02
3.385705601785046204e-01
4.143974382482985830e-02
0.000000000000000000e+00
3.684244292422134137e-02
2.202710128368999890e-02
-3.356133050081977216e-05
4.715512022814513128e-03
2.259949963461342203e-03
3.551504763279737104e-02
6.324403592717224402e-03
1.193097092669244061e-02
1.076379579617737711e-02
4.755714775194467940e-03
1.356266653451321247e-02
1.031186298733799325e-03
7.683216245262588541e-03
7.316634693651350579e-03
4.910156827514511498e-03
3.396505986117052348e-03
4.965501914148550897e-03
7.284112555960228080e-03
4.355122034779908453e-03
6.418364443924854529e-03
-3.882475724459037280e-03
6.298781898465236929e-03
3.170854453349413737e-01
6.981766327737478142e-03
7.786962581780695371e-03
0.000000000000000000e+00
1.180364338138976781e-02
1.008247520287252480e-02
-1.155305369367857615e-03
5.000795766066508559e-03
3.403283698674737859e-03
4.977013450958208025e-03
-4.508903284706581856e-04
3.358486203497645754e-03
