4.725049945864276197e+03
8.423962374557487465e+02
8.465825264902590561e+02
7.576187075342352273e+02
2.849905515673120135e+03
4.418166780802511084e+02
6.755010586726054953e+02
6.669348380277118622e+02
5.701608629382794788e+02
1.845667694036869761e+03
2.124875521768795466e+02
5.589601936687793113e+02
1.747178188969950270e+03
7.887558800499687095e+02
7.886259663688698538e+02
2.946765332166354483e+02
2.871764493399850267e+02
5.583547695019819912e+02
6.720933929713027055e+02
9.325103188549226161e+02
1.009640943485031471e+03
9.218019555350471137e+02
8.697710645193659502e+02
7.238258014455947205e+02
1.612242542778048301e+04
6.925373474591350714e+03
4.202170523611938506e+02
8.923264637484408013e+03
3.605668193042020903e+03
1.949690101181126920e+03
3.725674629591713710e+03
2.114779774693041873e+03
1.047843624251664323e+03
3.616697856936518747e+03
1.049540273838814755e+03
9.725611128385424990e+02
3.543295811003340077e+03
3.412974728327637877e+03
3.063986203433177252e+03
1.475881848211822444e+03
1.255791027893167438e+03
9.002436133422210105e+02
3.493343508489757824e+03
3.368981525200298620e+03
1.321185463009608384e+03
1.148453529546143272e+03
1.111796741182555252e+03
9.497164566747806020e+02
3.480604193028908867e+03
3.365375849123277476e+03
1.294284212931351703e+03
1.037515898757532113e+03
1.013191183595382540e+03
6.505800552651630824e+02
3.475556347556080254e+03
3.365708882855016327e+03
1.268846507965360388e+03
1.012277453575657432e+03
1.008637881125500371e+03
8.287098375160113619e+02
5.989056672005200198e+03
5.988822957221036631e+02
2.724776103368296845e+03
7.447432533939606856e+02
5.543497760283530624e+02
1.340104116800814836e+03
1.390598120490102929e+03
5.744032013278009572e+02
5.839180155423856604e+02
6.888773724505663267e+02
2.471195707315056325e+02
2.449051827892787401e+02
2.933774953321718613e+02
3.603115764414644673e+02
3.602680336360524961e+03
3.179523019773691885e+02
6.392206372621936907e+02
6.875456367802779596e+02
6.596614705364308975e+02
5.885791468810281231e+02
3.781945628214099884e+02
9.981088211584979035e+02
1.016320448663620937e+03
7.581737832809441215e+02
2.202527164851437192e+04
4.093433372414949190e+03
2.264134396357032074e+03
3.589245551349890775e+03
1.599357623948446644e+03
6.137002649894795923e+02
3.935827100611978949e+03
2.623048302481851351e+03
6.702675439460589359e+02
3.658445332004321699e+03
1.253768912122647862e+03
5.370826755831153605e+02
3.613124824250983693e+03
1.098092786726522036e+03
8.923305842476256657e+02
3.472860598674149514e+03
3.433893154721100927e+03
1.392122784708180461e+03
1.224812878283178179e+03
8.459339012993582401e+02
7.562319954216155793e+02
3.475156205647584102e+03
3.369555514864240195e+03
1.256902800235652876e+03
9.956197072206293797e+02
9.885295071060746750e+02
9.167632277549909077e+02
3.474200836365877421e+03
3.369917512593189713e+03
1.235100223829134393e+03
1.014363363698473677e+03
9.083847784581610085e+02
8.286954928012215760e+02
2.288975421175155861e+04
4.143830375018460472e+03
7.517865496613570713e+02
3.770737633315532548e+03
3.776824151018484372e+03
4.476045054921077053e+02
6.637873090753166707e+02
5.930648455550748395e+02
5.936815718339273644e+02
1.097295852364444045e+03
5.153644752753058356e+02
5.667528524679418069e+02
4.238241616037660151e+02
1.616122047649354727e+03
2.251551629250770020e+03
6.729361140726481949e+01
2.409395757981235988e+02
3.128016521330563592e+03
2.704342212118708062e+02
5.237056156101220949e+02
5.900633312606535128e+02
3.861160075571256129e+03
3.860109985610755302e+03
7.781543943871931788e+02
7.311363645551367654e+02
1.411703696015145033e+04
2.556948566668708736e+03
1.144814600229856069e+03
1.180444044636228682e+04
4.662834379316896047e+03
2.372350212903597367e+03
3.604168582341035744e+03
1.582665107867914458e+03
9.490052538577897394e+02
3.611898475135164517e+03
1.307804724800813347e+03
2.202147056797367384e+02
8.889001134922447818e+03
7.922426320216406566e+03
5.984914167980206003e+03
3.641806716499482718e+03
3.468245441961818415e+03
2.361719061228646297e+03
3.483005830343688558e+03
3.311069241421841980e+03
3.045276568598731501e+03
1.557989851796835865e+03
1.433816971976587411e+03
4.447452569017270889e+02
3.473004890524478014e+03
3.371026168305222200e+03
1.252209329350093640e+03
1.005553303172144865e+03
9.831127345783928604e+02
9.290464818427831233e+02
3.468775647342544744e+03
6.900851288845070712e+02
6.340328448974069033e+02
6.065470345650102217e+02
3.214322238191673478e+03
2.778288130762415221e+03
1.853599783708182542e+02
1.694409078087803664e+02
9.210049633319940199e+01
4.972640391227100167e+02
5.392774523409135554e+02
2.905753194462647571e+03
4.369595583434077639e+02
3.003192051695031068e+02
5.477004003109785799e+02
6.748389975417198912e+02
6.737115171659887665e+02
6.544707486077256817e+02
2.703219119457410216e+03
6.720325239971328983e+02
9.917086845142762286e+02
8.221162434108764501e+02
7.703760526558693300e+02
2.198166028722812553e+04
3.816037460806363470e+03
1.854564874506423394e+03
3.734380154512650734e+03
1.589142168782837643e+03
8.699372306186405694e+02
2.743376883330010969e+03
1.276349412450368845e+03
6.577318128975836089e+02
2.692414081607870685e+03
1.143560415316018862e+03
8.778188232927858508e+02
3.304095439129139322e+03
1.000329015060410484e+03
8.697628468738844276e+02
4.508452163126637060e+03
3.644547378657311583e+03
3.530310692125085097e+03
3.221896702466598981e+03
1.443299727723326669e+03
6.554578599901284406e+02
3.503953387979089712e+03
3.399182813401892872e+03
2.980795401167318687e+03
1.440140621181537426e+03
1.186777049183491954e+03
1.038885886183684306e+03
3.480531433478538474e+03
3.364534027535101359e+03
1.321351522967418077e+03
1.097890503371439991e+03
9.881795277018832167e+02
7.810453444274204458e+02
3.472447845768664592e+03
3.367810555294024198e+03
1.255901283179230859e+03
1.015477217632916677e+03
1.008946492308946404e+03
9.231677550633894498e+02
6.209145884251634925e+03
7.404461788220013432e+02
6.506786119349641240e+02
7.797637849008223156e+02
6.573054965092337625e+02
3.296630046465338182e+03
1.404240313961414586e+03
7.554968167694260046e+02
5.561817573259544361e+02
3.666792081377216732e+02
3.585042898412815703e+03
1.092259814410528406e+03
1.394658859056991105e+02
2.612719552127067800e+03
5.674704090056040968e+02
6.378632865593843917e+02
6.327321483220894152e+02
4.055580912800000988e+03
1.531702359584882515e+03
8.243552166581766869e+02
7.591752096476952829e+02
2.188176791542980209e+04
3.926727117662469482e+03
7.508297456256049145e+02
7.495015473284436666e+03
3.622789827096464251e+03
1.594769809064548326e+03
3.615608093693240335e+03
9.786587225974434432e+02
9.682475105708974752e+02
3.616789770008654614e+03
1.061425690296391394e+03
9.201324966862949850e+02
7.658117533302293850e+03
4.333546092977905573e+03
3.690642185508785587e+03
3.533868648179955471e+03
3.356815725419992759e+03
2.762859738882856618e+03
8.584919165986902954e+03
3.503823174711013507e+03
3.375755746574693148e+03
1.595375578012789219e+03
1.286986627688528415e+03
8.173269044763944748e+02
3.514160457542643599e+03
3.162880616286900931e+03
3.124748031163747328e+03
2.199087117364301776e+03
1.423752096161684221e+03
7.614046516614733946e+02
3.233634250431510736e+03
3.059565614219595773e+03
2.808426284939308516e+03
2.417468555143235790e+03
1.189512356792475657e+03
8.882248666067880549e+02
3.422603835354765124e+03
3.173924175086895502e+03
2.854156098540145649e+03
2.523044968723555940e+03
1.380733239701827188e+03
1.138093132119921847e+03
3.477877950523911750e+03
3.377345425538389918e+03
1.322151976869195551e+03
1.189833369552223530e+03
9.600833992745957630e+02
8.602555342724840557e+02
3.473459923312729643e+03
3.368956083939364817e+03
1.250655096345409220e+03
1.006894964352597185e+03
9.817424345299458537e+02
9.027016046179576279e+02
