1.310899132950761603e-01
1.071327993038075493e-01
9.349511432990191551e-02
0.000000000000000000e+00
1.379010185414683565e-01
4.099603368968455022e-03
4.824427758067556789e-09
4.098222370642224700e-03
1.858857735876545030e-03
1.639528029629844707e-03
5.120858413289940299e-03
1.453740285151744254e-03
1.543906820224035014e-03
4.424407467703046423e-03
1.467383182247675990e-03
1.713659863476369371e-03
2.831571290721904624e-03
3.349721332097042176e-02
3.399542910616853812e-03
3.370747023396678151e-03
2.162606364225571828e-02
3.238572034642440284e-03
1.066514139338806677e-01
3.149906589595346564e-03
2.594768398727565623e-03
2.356694602783847639e-02
3.430023047613165940e-03
1.465196031102141729e-02
3.728302026182550664e-03
9.204477549276222567e-03
2.325933362121034194e-03
2.086217361568866013e-03
2.735770152236813215e-03
3.389051522659875144e-03
0.000000000000000000e+00
2.871690633337756898e-03
2.346086860828116780e-02
5.772840547212249908e-03
3.454032514586387499e-03
1.633121386107665995e-01
1.931094825460012016e-02
7.387233692317328460e-03
3.191274880168080280e-02
