2.410829393726650893e-01
8.639749956923845065e-02
9.352284694568120671e-02
0.000000000000000000e+00
2.457444534379255308e-01
3.585781376759885480e-02
8.707267555982423209e-09
3.992122033298128869e-03
8.799361208834494087e-04
1.567539905159844732e-02
3.465237672235894906e-03
2.284459634805139500e-02
1.619683459348175009e-02
2.818496301347917649e-02
1.558600883551657882e-03
2.660190831254247937e-03
5.338359796435922927e-02
9.070706589463766855e-04
3.776668219318345121e-03
6.492568824568735464e-02
9.156552541432390335e-04
2.086835905483522789e-03
7.021821208623554335e-03
1.274887881154214420e-03
4.305190219537818669e-04
8.167081777567358454e-04
2.719536820356515620e-03
1.779471423246813816e-03
3.968839264009026493e-03
7.440791341229017683e-03
1.420653762822559913e-03
2.280381937234745270e-03
1.594676940752483675e-03
3.063809412482971194e-03
0.000000000000000000e+00
7.442692673610823255e-03
3.575744733622995310e-03
6.362087769175050686e-03
6.289351623414056805e-03
7.750446972710422003e-03
4.025239930639551433e-03
2.206730773308985486e-03
4.476649735746951290e-03
