1.333601068146342550e-01
1.089885456792039908e-01
1.152015172754774081e-01
0.000000000000000000e+00
1.285546338330255667e-01
5.264389233592947463e-03
5.795304931823090224e-08
2.194099031594869131e-02
1.944344552266760728e-03
1.312780141750664875e-02
4.813158887766277177e-02
1.306717997134258834e-03
2.460491776195984203e-03
4.421454831368441113e-03
1.332388321730920873e-03
3.246658692305366602e-03
2.018638258748961609e-03
1.923435263281151036e-03
2.491973024581345831e-03
2.642675284643688106e-03
2.236688792985269594e-03
2.320304291979698261e-03
1.309393070443110596e-01
3.517445342033579531e-03
2.996096113987442057e-03
8.149408255968831546e-03
1.080073074899012093e-03
5.644337624768679638e-03
5.557517870787127834e-03
4.033534855785236156e-03
1.389239034538859198e-03
4.031209666262205137e-03
1.613381217578180619e-03
2.680445338027331436e-03
0.000000000000000000e+00
1.506399108414563648e-01
1.310436432469053170e-02
6.043867323626424780e-03
1.928883645684247765e-03
2.085178077925353701e-02
3.233312103656574114e-03
3.938213704061694666e-03
2.571226935129969707e-02
