1.282303792661674581e-02
1.762919738782215556e-02
7.115189439756047785e-02
7.010930996157174397e-04
6.799886355519296103e-10
2.942998420780841649e-03
6.562333276691305610e-05
5.544718434337768145e-06
2.137107242765817555e-04
1.939159234715666206e-04
1.579291465229873181e-05
2.592895948725277059e-04
3.222311107230079906e-04
2.317397247623171762e-04
5.959113677970521127e-04
4.970818470641701287e-04
8.951063030135754991e-05
5.060377073511430250e-04
2.300825522113747142e-04
2.769269122836344162e-04
4.477386100506643239e-04
4.562917023908348384e-04
2.493090694469098328e-04
4.722298232126390799e-03
7.749934466455718441e-04
7.013018007589085217e-05
1.269075872683028640e-03
2.027444008183016538e-03
1.942482188452331689e-04
5.097474254672684692e-04
1.655363133825447225e-03
1.078478219553294067e-03
0.000000000000000000e+00
4.530354642406818279e-04
1.067756512720275741e-03
4.183447355939074190e-04
2.064334094277143518e-03
3.459002632766832071e-03
2.688170419306706578e-04
3.169544757449290623e-04
8.872762316697969465e-05
1.471555473961351910e-05
7.159544039810639138e-02
4.439922669648549945e-04
6.848051411937420554e-04
3.285028440511444546e-04
6.696423603086452481e-04
1.552847406077872278e-03
2.106192194203060930e-05
7.853807307517679265e-04
3.062680631269785818e-04
4.551889778377160106e-05
8.697113620044306720e-04
6.026844618059875799e-04
5.153256227466579149e-04
5.551209923421506019e-04
2.493015417971299508e-04
3.389140202287715671e-04
3.423297659337618307e-04
8.280851628132826015e-05
3.995698893125714554e-04
1.572458726535988020e-06
5.060646355140383922e-04
2.806201280442292790e-04
1.166297086548143792e-06
3.607005854801496989e-04
6.808007273507570576e-05
1.599983153322246093e-03
2.059109336213328385e-03
6.416446700426383688e-04
3.459007015261373165e-04
1.102784046668825154e-03
0.000000000000000000e+00
0.000000000000000000e+00
2.853418466815054962e-04
4.874726276491001984e-04
6.371754694650713343e-04
2.309779729328858351e-04
1.209253804984738567e-03
1.114416218434377591e-03
3.122091016714678810e-04
5.871240750427639821e-01
2.776986312352925485e-04
0.000000000000000000e+00
8.272704869416929807e-05
1.228966361279501172e-04
2.718219499116637035e-04
8.924205946435748019e-05
2.545268701814084114e-03
2.774893789411335843e-05
4.498437474530050982e-04
1.686788941260205232e-01
2.444916921393225343e-05
5.661709201632185787e-04
1.126803965450445507e-03
6.457722235016446783e-04
1.805890042481441424e-04
2.309360116167434281e-04
3.489790612594459419e-04
5.471048413551055653e-04
4.391662395873195505e-04
6.666416427164153970e-04
9.178658430216747339e-06
5.302968089717690009e-04
2.688093812996109793e-04
3.606372707094574782e-03
3.142778883846237994e-04
2.499869125466446960e-04
4.676545178136547664e-04
1.176443310409043628e-03
1.437263352617453721e-03
3.146126820461569410e-04
4.022775284359046103e-04
9.075149761926754131e-04
0.000000000000000000e+00
3.731440065711611538e-04
6.022892607555113600e-04
0.000000000000000000e+00
4.368875546156100092e-04
5.129891293426158726e-04
5.627151737914956077e-04
8.467454285926927877e-04
5.415842038308131328e-04
