1.451573336286981486e-01
1.036353253301884880e-01
1.120083570218759345e-01
0.000000000000000000e+00
1.171895485486363492e-01
5.627497888979759999e-03
1.609049079559501651e-08
2.684464732096288660e-03
3.727980665763950142e-03
2.666728119936270791e-02
5.257465874847291887e-02
2.368419583959989819e-03
1.918253043483146309e-03
4.752248198867456939e-03
2.681561778991913784e-03
2.170296933912452524e-03
3.634609269651290029e-03
5.967694702378140842e-03
3.898982972203554696e-03
2.568659969342360332e-03
4.699522414466379867e-03
4.152267465812792269e-03
1.232092753069703173e-01
2.993558257026472050e-03
2.257323225143588550e-03
3.237317495007631211e-03
4.568485878837501638e-03
5.902606747847163882e-03
1.704308191937644115e-02
3.922255358463111984e-03
1.368699896436425655e-03
3.706650994421038705e-03
3.387142671326172274e-03
4.560520942590341048e-03
0.000000000000000000e+00
1.261257231187701833e-01
3.074041376370078779e-02
4.346741166518524116e-03
4.351453197332296255e-03
1.254235340660022138e-02
2.817130607846534893e-02
3.620854707525946424e-03
5.859255680005534365e-03
