1.146238175116328847e-02
9.851737685047814649e-03
8.809654798511039331e-02
5.562712323102437422e-04
3.574628899102741691e-19
3.275154716238948423e-04
1.679955440159937861e-04
8.098435800849679601e-06
8.280390755981987129e-05
2.651223270085008581e-04
2.685490800950851865e-05
5.656413338883109617e-04
3.208735304109644471e-04
3.264447192690010657e-02
3.678896380497571000e-05
1.775040496484018042e-04
3.820987536043151528e-02
1.203339670796274768e-05
3.316340096951196290e-04
2.263478313324745680e-03
8.161300837213625596e-06
4.104637298102989731e-03
6.230705422931242556e-03
1.748503292294333695e-04
2.645994331212123303e-03
4.296075311960180889e-04
2.691360030790243465e-04
1.917993853091971195e-03
1.785914555484555046e-03
2.348155372717640054e-04
9.621619707338140842e-04
5.363693368184807402e-04
0.000000000000000000e+00
2.975394578992816819e-04
1.437741712517278227e-03
4.942278975031163916e-04
1.150556235320219101e-03
1.066416718684708251e-03
1.159384384702377929e-04
3.086771621340115516e-03
6.494723357465872213e-04
1.684024418392248530e-04
3.964109889552191457e-01
1.363393031193875027e-03
1.605593628949925555e-03
1.148113272046139715e-04
7.509285965011648807e-03
8.491766845576226644e-03
1.820709967390725075e-05
2.524192610252377574e-04
1.199035840245657328e-03
6.595324139142638936e-05
4.457076649791251975e-03
2.742017889866064755e-03
2.977088668571071899e-04
4.058665863105832339e-05
4.266105445896123480e-04
4.629866004852004925e-04
3.682815246956614103e-05
4.215582392793526707e-04
2.420218458769720423e-04
3.035677002901115379e-06
3.540218060369288702e-04
6.879991954652840247e-05
5.512834092285293587e-07
5.695547421757426315e-04
2.700952784234895944e-04
2.017746523879956726e-04
1.397501851674153306e-01
4.956041560402557698e-04
6.051280073131865391e-04
4.370922124420891647e-02
0.000000000000000000e+00
0.000000000000000000e+00
4.924957817657912287e-04
6.294278911607140191e-04
3.948681232330623382e-03
3.653920014569653272e-04
5.038319872776278636e-04
1.006953752702295342e-03
2.448297425641767703e-04
5.784604509929927758e-04
8.601246162346721028e-05
0.000000000000000000e+00
4.549502774872249021e-04
6.253884570704401678e-05
4.247706157032242182e-05
2.693581079069609597e-04
4.655518739905758498e-04
4.927853390432661106e-05
1.941611321374533744e-03
4.717883303806404138e-02
3.653938699140698860e-05
2.861221087122843283e-04
4.137199421550898613e-03
3.565170024780312669e-03
1.105397195920267736e-04
4.558600721644624917e-04
3.501010213345485522e-03
1.924962928979693415e-04
3.846403445030115707e-04
3.265332803326631691e-04
5.355115086912992780e-04
2.250778214775945880e-03
4.787256506039945015e-04
4.180891553898290029e-04
1.263652018757203998e-03
2.808607376847915252e-04
1.389117400557104628e-02
1.601067905198517646e-02
3.298590569883148383e-04
5.000046181302465406e-03
1.501045840109256635e-04
3.245160551715311429e-04
0.000000000000000000e+00
3.872975656443899311e-04
3.320065015782486403e-04
0.000000000000000000e+00
3.434939037195816874e-03
3.507081472253291811e-04
5.656378652037810650e-02
1.645273972530683637e-04
1.154076343972030953e-03
