1.231381075996631352e-02
1.915638467470789919e-02
5.926578286717413407e-02
3.190592564367187873e-03
8.903494783903282581e-12
3.539676198022140632e-03
1.257158111290715332e-03
3.510833480368836818e-04
1.855231403958805146e-04
9.782291532166611755e-05
3.343857889193405856e-04
1.710480334126435892e-04
9.064295622788939551e-05
1.178657324104808395e-04
4.011476090089140722e-04
9.338077513376411226e-04
5.479590089887543104e-05
6.896006044653152150e-04
5.180695577659551838e-04
3.407828621221804257e-04
2.756439793079218143e-04
4.755273207038152863e-04
3.986531411211933509e-04
8.672555986754888117e-05
2.096864379339058524e-04
6.269921580930058530e-04
2.405472380194533758e-04
6.390691560288643382e-04
3.932734121873001612e-04
1.195316395867700117e-04
1.204908548954246620e-03
4.835096616463428255e-04
0.000000000000000000e+00
1.452276410608411812e-04
7.914880164609970842e-04
3.163931360436954515e-04
2.377262496986601661e-04
5.169636947945442651e-03
2.950516011165779055e-04
3.130807654595206698e-04
2.782640622745083218e-04
1.799610597179983649e-07
3.881678799093103011e-02
4.015182981235482576e-03
4.711649807459178559e-03
7.740048923085316677e-06
1.554512579337448918e-04
5.150455672932887329e-04
2.849239601272938481e-05
1.649278893928975067e-04
2.213855631833080626e-04
4.324661829589674641e-05
2.981898952878914849e-04
9.500451347983533896e-05
8.932213618697320743e-05
8.639547707381604164e-05
1.456603612861785300e-04
2.865687313721832592e-04
3.081089664734531597e-04
1.257137330093446902e-04
5.889524564635793998e-04
1.123591952677942888e-06
3.109293073495852803e-04
4.992620958885097973e-04
8.567091995468046660e-07
4.275328886329436500e-04
2.942948493934043107e-04
3.918144250050601025e-04
7.333714337790378859e-04
1.572395573812065549e-04
1.437251007789813739e-02
1.254227063174480523e-02
0.000000000000000000e+00
0.000000000000000000e+00
9.185344125934483508e-05
8.642441451811393692e-04
1.753231635663070255e-04
3.263127802449726240e-04
8.825132306681849909e-04
3.073163418677239862e-04
1.160334575328474972e-04
6.976246844267137703e-01
2.116267667026039889e-04
0.000000000000000000e+00
2.527622332144896207e-04
3.074296744753495544e-04
6.284262671413731470e-06
2.400290455178148068e-04
6.085943330127589236e-04
1.939568901877286700e-05
3.686037819170156810e-04
9.073081098662889865e-02
2.057871739080053739e-05
1.683818449576945236e-04
5.496710755345748543e-04
4.611592428486954113e-04
4.308117513225785526e-04
3.990988996708925464e-04
4.399714558983899956e-04
3.873487059223307142e-04
2.509828125597570727e-04
5.510374004621298094e-04
1.609126004550077169e-04
2.514748115231610196e-04
7.120979686102672660e-04
9.507368116806721233e-05
6.078924064793609803e-04
5.198007639950741446e-06
1.562717772758945897e-04
7.759052718963074628e-04
3.210139137965858014e-04
2.546003080919042650e-04
1.269819666638911005e-04
3.074268207960285503e-04
0.000000000000000000e+00
1.181487991133889533e-03
7.934820527399067108e-04
0.000000000000000000e+00
4.195420258883497482e-04
3.214549237176409402e-04
1.667235559197341791e-04
2.519952187035647819e-04
1.514750518944462147e-04
