1.144103415540641787e-02
1.051260361880208133e-02
6.611577700590647033e-02
9.610398770606806695e-03
1.129609268628353749e-10
1.050522508181570090e-03
7.565936074065668414e-04
5.358397445070960325e-04
5.806048896223610069e-05
1.931390383703449933e-03
5.782926437509613906e-04
6.671707481641951177e-04
5.359189564917979029e-04
4.998627366596294615e-04
4.220452349916155917e-04
1.906323793599319638e-03
1.615181862082303748e-04
4.010201430684689973e-04
1.413462861939334889e-03
7.831438179710579345e-03
5.460679778210724995e-04
4.037733180234677824e-03
3.008293168759459957e-03
4.869073920578371149e-04
4.791256412556445417e-03
2.136922658169582070e-04
8.065584555536040338e-04
1.548674383601275628e-03
1.341055138570257550e-03
1.205553459699609321e-04
2.523379157326082357e-03
8.791835526464707564e-04
0.000000000000000000e+00
8.017475416653899569e-04
3.963476769309778706e-04
2.555494785261262867e-03
3.089289054570449125e-03
2.917562439714060582e-03
1.165609621808339153e-03
3.610537604833937743e-03
2.444831839224323889e-04
2.599022646801791864e-06
6.170911165412127364e-01
8.890602335441933832e-03
7.913166368469027115e-03
6.123160318384383632e-04
5.053019929870086052e-03
2.701216315443241180e-03
1.892768436450976510e-04
3.759283062640888335e-04
1.423159214711804338e-03
3.442588730084954738e-04
1.727862456080160169e-04
6.445646238395963314e-04
1.523361550468807024e-03
1.082773787599084457e-03
5.125456290446354923e-04
2.196529314355669712e-04
3.710136511766283594e-04
9.803751862435150944e-04
6.012263703862805175e-04
2.011863466259251280e-05
2.596468526140520688e-03
1.501967386751790581e-04
1.045923197735680587e-05
7.357105751181742745e-03
3.905920448268834061e-04
1.500033943398038300e-03
2.261791087264343296e-03
3.001078913753993599e-04
3.992466651101768600e-04
1.989575700005141029e-03
0.000000000000000000e+00
0.000000000000000000e+00
4.643958436397867067e-04
1.888143027271688926e-04
1.642898894703525951e-03
9.161016060428151106e-04
1.797539968011369971e-03
4.575721838173286028e-04
6.454302935248966682e-04
3.032374848821399568e-04
4.195951853242995094e-04
0.000000000000000000e+00
4.608287842895050714e-04
1.126024203381681280e-03
1.213324413046425648e-04
8.672396649096113198e-04
1.377743754757610644e-03
1.807698695524425053e-04
1.328847780388181347e-03
1.280973412586453031e-01
4.515494228203430650e-04
1.340699506642874022e-03
5.498018333371131180e-04
1.632746863646295996e-03
1.337265305861796269e-05
5.547093598107946753e-04
1.770213561593003736e-03
3.724363363720888977e-04
7.657657843151723358e-04
3.100350690366925933e-03
1.853612138921266017e-04
3.929203546671911768e-03
3.854496769573987226e-03
7.832938765068007438e-04
3.463574433568030082e-03
7.586711494437719605e-04
1.292600353662936262e-03
1.129921615069403489e-03
1.806032395712329390e-03
2.305194560064029868e-03
8.740747469232324320e-04
1.145404129607143200e-03
0.000000000000000000e+00
9.675324911491690839e-04
6.797387295975392202e-04
0.000000000000000000e+00
9.636668936547226633e-04
1.080765315220469543e-03
1.836973038035361093e-03
1.390459360281004822e-03
1.411317655880599872e-03
