1.260654783338733577e-02
1.874736310198543005e-02
6.078792532404533183e-02
2.367927650061651512e-04
6.514056912090881009e-10
3.254251265493883060e-03
5.248503101123052923e-04
1.859070335105859194e-06
3.383264294361091359e-04
5.689203615431998864e-04
8.488089092126380620e-06
2.987101599547496321e-04
1.358926695114109711e-04
4.193246917850613088e-04
4.903951854911595652e-04
6.884266592652617516e-04
2.729370524032847340e-04
2.135480646786889005e-04
5.986851590998119432e-04
2.527224894073234617e-04
3.485361033584670064e-04
6.862658775935958060e-04
5.408992226267720109e-04
2.132826407927844166e-04
2.081210709200721103e-04
7.688598407229011193e-04
2.333458300237760928e-04
2.901667472109671045e-04
5.134644238140284025e-04
1.583244718354830083e-04
1.377044132380165434e-03
2.266331094571117765e-03
0.000000000000000000e+00
7.152254221618536490e-04
3.119802198558746130e-04
1.471408800984181384e-04
4.116751344582400248e-04
5.369178804173970962e-03
2.620454865096437987e-04
1.771713057288723417e-04
1.157626911793070224e-03
2.435952051580690420e-05
1.224194355976875037e-02
6.718112412291785129e-02
2.523090236097931430e-04
1.916879630930883353e-04
6.740886690451945587e-04
5.487292514955346978e-03
3.141760589493992038e-05
4.873476511492189165e-04
4.491896178303119878e-04
2.315092591390857752e-05
9.171063067809271567e-04
3.521950070669454700e-04
2.857300469124421718e-02
4.364957920513271006e-04
4.010234599884505676e-04
2.331116330617753751e-02
1.767671024422468344e-04
3.397115743970686465e-05
4.700616662637066654e-04
3.414393956532902276e-06
5.522050906741919531e-04
4.766229200638414168e-04
2.051322941165316958e-06
3.907628418967885138e-04
1.776238998214865175e-04
3.228680384275727823e-04
5.503534692246957270e-04
4.415348631648366895e-04
1.855148124716804849e-03
5.171289450691052107e-03
0.000000000000000000e+00
0.000000000000000000e+00
2.859769018032254796e-04
1.203320874297710772e-04
8.620815098436693464e-04
1.805479748606135710e-04
6.814588225651084952e-04
1.554320585408227684e-04
2.858334643938228612e-04
6.775102539673237834e-01
1.157321566935880323e-04
0.000000000000000000e+00
1.534489080227181986e-04
4.283334854729181932e-04
5.165202069231670991e-04
2.537614008683381156e-04
5.194845960085342626e-04
3.411964854860675571e-05
1.952692802279956512e-04
1.200217818657039895e-03
3.694965115114040078e-05
2.453474114309873500e-04
5.488148088556066327e-04
4.906696259251454827e-04
4.442080049563871071e-04
1.310143384634660923e-04
1.433402260628099034e-04
1.135297022726631296e-03
3.193217263832851330e-04
2.896943742348069431e-04
2.024784311073505780e-04
8.472830138078157837e-04
8.643036845050119932e-04
5.832696291685214698e-05
5.746496808097871197e-04
1.165568496903463355e-04
2.043161185578712977e-04
5.251619863863222533e-05
3.580656484089332625e-02
5.622131316874074986e-04
9.328429891697470047e-04
4.513357875613188143e-04
0.000000000000000000e+00
9.101047959299287489e-04
4.867266557430841695e-04
0.000000000000000000e+00
3.747210970072758617e-04
5.104674737952121736e-04
5.309283731843812476e-04
5.257369269493708400e-04
4.422384758735470735e-04
