2.096813878473542392e-01
1.210843294949972559e-01
6.156253864074601873e-02
0.000000000000000000e+00
8.078940535182420335e-02
4.370653924127578666e-02
1.585795342614694473e-07
1.241383313575764730e-01
1.662377405678038727e-03
2.783529272154306334e-03
1.120337195183223472e-02
6.348422666565854862e-03
4.602719444252100292e-03
7.106942272769998202e-03
3.881629557155025396e-03
2.621325075130314514e-02
1.652882068073874625e-02
1.476001214877245777e-03
1.897356489238067115e-02
1.611757352973606713e-02
1.507156251067258727e-03
1.212767802685635159e-02
1.248914433720290165e-02
7.942785336358908340e-04
1.217158050399883137e-03
1.933760434522297650e-02
5.546841572286275932e-03
4.933536656806992993e-03
1.641229211125215743e-03
2.079707043239416905e-03
9.347643195002334690e-03
2.440998077548735441e-03
5.071268400527222803e-03
1.129046240540726963e-03
0.000000000000000000e+00
1.144757943858175364e-02
2.111077684247331804e-03
7.938495163495784893e-03
1.022942005999096828e-03
1.564555532759432169e-02
1.031533770487179230e-01
4.613290276290146937e-03
1.654349896085988494e-02
