-4.597614518933807929e-05
-4.303712509728364834e-05
-4.598304084158882717e-20
-2.563424617879440711e-20
2.384030945061006385e-20
5.940241350408947921e-20
6.887450258510441144e-20
1.005860734929705108e-05
3.227560117983088554e-04
-1.096729522596779946e-05
-6.838794045863412621e-21
-3.099987543535198092e-21
4.277297153251869572e-22
1.451887995077676698e-20
2.135023635702301966e-20
2.694889686787247124e-06
7.397355262456936395e-06
5.410630111005563803e-05
-2.859004550314237530e-07
-3.059762363541094659e-20
2.268448732524573753e-22
3.977492800231401812e-21
1.125960179967496233e-20
3.323461860902771336e-20
1.781813462565922780e-06
7.696616580573787460e-06
2.177059619475663922e-05
-4.807396601156118945e-06
-1.883817708784389828e-20
-4.560035185731070915e-21
1.935170972288211615e-21
2.383435272761293161e-20
4.303117318115460030e-20
4.713637477595013925e-06
5.457672792329897995e-06
2.995298134477805341e-05
-4.976593368941503807e-06
-1.984018900630747604e-20
-3.732163615984698349e-21
8.970622290027997924e-21
1.252148210348207265e-20
3.617843783037318432e-20
5.754268442015675816e-06
6.078391026635640164e-06
1.321859067204389917e-05
-6.449926440563984238e-06
-2.378296249467006993e-20
-5.898196432208262360e-21
4.139378577042519369e-21
1.766251778478854670e-20
2.194495220694150869e-20
5.444086400986340119e-06
6.247763040708663656e-06
1.294743435152944610e-05
-1.605879385561486147e-20
-3.861737134730498379e-21
4.799442562852104128e-22
3.048709467083297886e-21
3.170098320652842035e-20
3.002478287898552624e-06
3.611105008181411155e-06
5.177079608305848021e-06
3.071917993294927257e-05
-9.603272485588635441e-07
-3.691788144334642008e-07
-1.661209346044651742e-20
-6.908657203665907819e-21
-9.146480438673126067e-22
1.706803403841600113e-21
2.043686848684543206e-20
7.848239223182582364e-06
2.281589876215548636e-05
-2.731022258774026586e-06
-3.124763733008353730e-21
7.628789414309252566e-21
1.455932659453714068e-20
1.590292642042894427e-20
3.093864943539871425e-20
4.682696078230246991e-07
2.286902316625161144e-06
5.409070397226245394e-05
-4.576183097769920575e-05
-4.317533281904630172e-05
-3.066958116262961715e-20
-1.566869622727882708e-20
-1.914029871451672648e-21
1.552184368591076094e-20
2.359278734180439431e-20
1.015800829685108897e-05
3.227701490837547827e-04
-4.848065435862264257e-05
-4.201431645034805047e-05
-1.002939243260478898e-19
-3.573185997653578454e-20
-1.577782861823983769e-20
-1.365924191269070601e-20
5.637037752775666745e-20
1.218294903924028078e-05
3.375502736557793983e-04
-3.371623062597429841e-05
2.518250884861567265e-20
3.414023989225808008e-20
4.499622322884844610e-20
5.092902315958476735e-20
1.916532116268008876e-19
9.298919755018985615e-07
1.989383244333361246e-05
6.943627683887078762e-05
-4.663440618096645466e-06
-3.867102793613521282e-06
-2.107179993672315407e-19
-8.437563095878663914e-20
-4.296187651208523726e-20
-1.747679214382891510e-20
1.865740023100650571e-20
1.532739737169962961e-05
3.499641473398896774e-05
-2.718503563739448116e-19
-1.043210915955803288e-19
-5.776327457934684931e-20
-3.787562134338078217e-21
3.363257122069849048e-20
1.621745440469639908e-06
1.858652024518899709e-06
1.182824958679696545e-05
4.226386405447287369e-05
-3.419178880749571916e-06
-2.924830948503093002e-20
-1.389485759075856526e-21
6.316788403530847630e-21
1.315453526927214203e-20
3.473651429381136271e-20
1.182839945298409160e-06
2.435669636307161888e-06
1.985752944466572778e-05
-3.359520449100133419e-06
-1.678130755278440350e-20
3.652040425340010614e-21
5.654235287579462223e-21
2.081649525537905516e-20
5.146824431775932773e-20
1.251264785686054589e-06
1.954932774542329997e-06
1.978159785801523316e-05
-1.496408298872830356e-19
-1.278413248607341669e-19
-5.224548289856446123e-20
-4.177495242410933480e-20
-1.008460276330923591e-20
8.672800972449655834e-07
1.421061365414604809e-06
1.085827178846366967e-05
4.341421103492912331e-05
-5.634499566596742675e-06
-4.562382827890363129e-06
-1.532842353116497660e-19
-6.480762978853690987e-20
-5.009334834207884687e-20
-1.843293288780927789e-20
1.914790669066944690e-21
1.201000133565631381e-05
3.621848987352195332e-05
-3.468365387958264744e-05
-3.524965432885428418e-20
6.447007967941664299e-20
6.461197164255611836e-20
1.256451801778222281e-19
2.187015235586747499e-19
4.805417392629934620e-09
1.838770948149353912e-05
7.157899576844183541e-05
-4.881019746667933541e-05
-4.169982613021073060e-05
-6.739087963146597803e-20
-4.074295365005742974e-20
-6.520297451458593478e-21
2.820764185899279015e-21
3.822901538822224326e-20
1.193537660778459524e-05
3.375471359234194914e-04
-4.809566864912050084e-05
-4.747185938942467462e-05
-7.235797970496558583e-20
-1.896570841152092529e-20
-7.174539390290756065e-21
6.613700157049235912e-20
9.986595449259769401e-20
1.386087891585245776e-05
3.357788180594087975e-04
-2.752382109067429738e-05
-8.522336329347282925e-20
2.784249437894289927e-20
5.704846869473761226e-20
1.064158994412293456e-19
1.994940785327399091e-19
6.295550245702173536e-06
2.999360337253494812e-05
5.104787260677745889e-05
-2.032011593373230545e-05
-4.131524462405186757e-20
-4.027195383649347244e-20
-8.276378988837544203e-22
1.040181097971156818e-20
1.871295254279470582e-20
1.698581252966875294e-06
2.562463834820546990e-06
1.411480211500064469e-05
-1.094931867574675739e-05
-2.085019422937522738e-20
-1.108570882446406584e-20
1.216941619689569363e-20
1.271587604982803199e-20
3.746068617459302368e-20
5.283301942316254512e-06
9.221590075994894021e-06
1.667011146705026892e-05
-1.724398225505318784e-05
-2.620700404761658317e-06
-2.168069447868617510e-20
-1.965949592930754185e-20
-1.850510452646709546e-20
2.071659105714627899e-21
1.057918876331218018e-20
6.842193014128769939e-06
7.837691690432521780e-06
-1.783972273754234276e-05
-2.035559373747183380e-06
-9.106931287279633528e-20
-1.449786373477561660e-20
-1.307461928461748640e-20
-3.109600684606142428e-21
5.856389005462375107e-20
7.363072399630257949e-06
7.801487994488907459e-06
-1.441409048246504796e-05
6.346925537882119614e-21
7.581634363604640185e-21
3.089567007146132982e-20
4.070844604403360504e-20
5.059540185982906415e-20
7.249006917774731874e-06
8.311235247038494046e-06
1.680831083268417221e-05
-1.704498055075963008e-07
-2.357888895992078755e-20
-5.065270588812500683e-21
1.117949275013781566e-20
3.243036022855358496e-20
8.949090129922984288e-20
1.678858786393423011e-06
4.083412114419849933e-06
2.381508677324658933e-05
-4.029929609156300536e-19
-4.547844002414973253e-21
1.347252446230710308e-20
3.653143144913003401e-20
4.498934255167025287e-19
1.598903023993749547e-06
4.536158261382534453e-06
2.775421853239163760e-05
5.503824601237468735e-05
-4.822565166716591498e-05
-4.735355088704743757e-05
-7.123255003913523749e-06
9.823223160089301473e-22
2.790186308451972739e-20
3.533332343861424134e-20
4.254851376001748758e-20
7.910123481924483634e-20
3.357720011296307008e-04
-5.263980490029274725e-05
-4.499254723327364127e-05
-9.601918679065640840e-06
-6.729996296464271716e-20
-3.054519983283024054e-20
-1.358738736078732978e-20
7.102802152410960806e-20
8.658457431451035401e-20
3.346067439889103428e-04
-1.651207774334779099e-05
-2.406249223071043723e-20
2.976120158720030605e-21
1.138522705346870502e-20
2.416483441243256534e-20
4.985950180477221563e-20
6.122277775137574644e-07
1.428652847821431511e-05
6.112397333487572834e-05
-5.118569273660638507e-06
-3.410282815441663952e-06
-7.878002866113156836e-20
-6.045940615551469817e-20
-6.506315127671539134e-21
5.266046381467715482e-21
4.928464379297485139e-20
4.317096614605519638e-06
2.593939146027290568e-05
-1.114221704576189313e-05
-4.144405863815626090e-06
-2.231828700514523415e-20
-2.375634487764759109e-21
3.310484425561608584e-21
1.299333375989339443e-20
4.227953674947979749e-20
6.527900685481467555e-06
1.446513590149206378e-05
-1.038576767649049624e-05
-5.962885198104947380e-06
-3.209456013240552786e-20
-2.361820669175110375e-20
5.104502172684954860e-23
4.005725588984242995e-21
1.923130829809144733e-20
2.709570043463286503e-06
3.688508107268338980e-06
-1.106754960371677788e-05
-5.303650213083631229e-06
-1.449482733063640414e-19
-2.868149499769779474e-21
2.981858191309992440e-21
4.638536147445788148e-21
5.604789496039776502e-20
2.750371730783603421e-06
3.632507294065605605e-06
-3.147976156452384291e-06
-3.873032056780360289e-20
-1.772194664044374027e-20
-1.013060820787859408e-20
7.128588879183548521e-21
1.986122755754933015e-20
6.017822000175150722e-06
7.815440487657749640e-06
1.456027119644105458e-05
-4.704824465232122983e-06
-3.410250254085621428e-06
-9.416839173434162783e-20
-9.190874657281385798e-20
-5.587381598378552579e-20
-3.595508238977870544e-20
-2.428825637082698522e-20
4.428356814719421577e-06
2.901088199161678730e-05
-1.063156032847572565e-07
5.317992244869691806e-21
8.342061937148361950e-21
1.718037452940123438e-20
1.805373744341396821e-20
3.007108267795731604e-20
9.217217986246702632e-07
1.263953408443496438e-05
6.216712085252708536e-05
-5.264118794845520650e-05
-4.500732268836590079e-05
-9.516789130943682207e-06
-5.907861339814064524e-20
1.428368056544652327e-20
7.137687607461348797e-20
7.176687589657662000e-20
7.318325736014868365e-20
3.345892710905076718e-04
-4.493071760361028085e-05
-4.051586906187451472e-05
-1.038723756912179705e-05
-6.085601608990790704e-20
-1.112097463236102283e-20
7.932051976409791534e-21
3.193973893119408152e-20
4.225220365148677649e-20
3.309926769249461149e-04
-2.572781047597488385e-07
-2.157192710712199829e-20
-1.732884028427889845e-20
-3.829626198743910453e-21
-3.190686794870951232e-21
2.880425328271306864e-20
8.505264094410998276e-06
1.084142583271923323e-05
5.256549158523107437e-05
-1.527018677405920212e-05
-3.686893023404089782e-06
-1.774201176959194849e-06
-6.875779335960214757e-20
-1.171142564396298027e-20
2.892360130323926200e-21
2.163139625220468346e-20
6.641591908835491152e-20
1.612538092561658658e-05
-1.269731417235016905e-05
-1.543360290657734161e-20
-4.658955616182116888e-21
1.846170231272783780e-21
3.047799057316120808e-20
6.227554788608695077e-20
2.054978619742086692e-06
3.883096595001072945e-06
1.663497761495671384e-05
-1.309428947790619987e-05
-2.962797088910264139e-20
-2.135262551292119100e-20
-7.192130754745347062e-21
1.428384596438243845e-21
5.225538487256925323e-21
2.733397401717660259e-06
3.717867888279022811e-06
3.837667380288136420e-06
-1.292057954084305307e-05
-8.435990594563323253e-06
-6.479148217431340002e-20
-1.531520411303457252e-21
6.421747718942925426e-21
7.794113003466490328e-21
1.901098544648884841e-20
2.143379502323013116e-06
3.673685083802792701e-06
-1.582252427930137793e-05
-6.103338133224554168e-21
4.722802455562573664e-21
2.675762192811659359e-20
3.585836504196724814e-20
8.949484802401801449e-20
1.510101681541641583e-06
3.409704973007385154e-06
1.875800307712924861e-05
-4.937376842640005393e-06
-3.858021917961040980e-06
-2.817169703523336629e-20
-1.964676928221471061e-21
1.121756429016505045e-21
4.565042379206579512e-20
5.747140154597325396e-20
2.453581188909624499e-06
1.920806375649215767e-05
-1.034933860057318147e-20
-8.621228496316787933e-21
1.567496826024445009e-21
9.955803633363434917e-21
1.913088278637583347e-20
1.003358779804421761e-06
8.509470364147956407e-06
9.152828125140884572e-06
5.276056266956430537e-05
-4.499783022458071655e-05
-4.048742632730019099e-05
-1.212495728092550800e-05
-1.277790882855211046e-19
-2.031848905212841491e-20
-8.394854338331312063e-21
4.615343273596027298e-20
8.917612702440754900e-20
3.309326103285677233e-04
