3.913753381627195625e+14
1.705998724525646875e+14
1.056794730979814688e+14
1.381794464813065312e+14
1.218110501046110000e+14
1.245345432639852969e+14
1.299847604270262812e+14
1.040439041865837500e+14
1.271798759827236406e+14
3.914971237752821875e+14
4.007950300268849375e+14
2.220808688375933750e+14
1.584308768588154375e+14
1.427691399475207812e+14
1.016361902090143906e+14
9.986319909123170312e+13
1.363033874418456719e+14
1.588465052478623750e+14
2.123544329753328125e+14
4.003816901499058750e+14
4.072060946588142500e+14
2.313080595196864375e+14
1.267830888561805156e+14
1.444723217795991875e+14
1.269871244378021094e+14
1.266495439153226250e+14
1.529243467130586562e+14
9.772957378397021875e+13
1.825473416202490625e+14
3.952473846885345000e+14
4.013209882702426250e+14
1.866631997995414375e+14
1.280446860155403438e+14
1.331767398952500625e+14
1.047884521370550000e+14
1.043670036326829531e+14
1.230366863230494688e+14
1.306139055969612812e+14
1.444589095106185000e+14
4.011728750304186875e+14
3.914501583424965625e+14
1.585403994477478750e+14
1.268586162968314219e+14
1.253889968776385156e+14
1.039694656949167344e+14
1.121497923713207188e+14
1.292280739402215312e+14
1.150510656713291250e+14
1.612800380240802812e+14
3.944048032889566250e+14
