-4.814449703210337342e-05
-4.768835074781088327e-05
5.117666867230191043e-20
9.980060753014430984e-20
1.260145467215001758e-19
1.420198241509968572e-19
1.602849542951282088e-19
7.487552136201731012e-05
3.349310096959927157e-04
-8.634951608554194643e-05
-2.805771759812208958e-19
-2.158131972595058171e-19
-9.298807300090611883e-20
-3.291019809195988468e-20
1.076341598047708885e-19
4.651173044049273265e-06
3.317067477512525032e-05
9.846309609724934850e-05
-7.923166450802641839e-05
-1.303011473780931684e-19
-1.210085554632653972e-19
-4.243594972292480304e-20
-3.855339228393617337e-20
-3.685406310306884929e-20
2.464293272066058839e-06
1.610324215499352440e-05
7.014323492803700775e-05
-1.228226311433023883e-19
-1.090986503842848372e-19
-1.019562707654574855e-19
-4.139162947564060372e-20
-5.877171972321383008e-21
3.944586388202283816e-06
4.717484325649790248e-06
1.159071221987963123e-05
4.512218789589118748e-05
-2.913213552736197524e-05
-1.108129005737425952e-19
-3.140462461159508430e-20
-8.126611942984579777e-21
-3.027936842136118500e-21
7.708114098256564401e-20
4.045857396599020559e-06
4.330188657255407006e-06
1.491553296576008396e-05
-6.430554827023605783e-07
-1.324495817008912162e-20
-9.593603727907762096e-21
-1.811283050836103315e-21
2.330873955928496043e-22
2.790966614076439162e-21
3.388000669800173597e-06
3.840995535824052678e-06
4.492561744809739055e-06
-1.021626236836149746e-19
-4.963716936608322177e-20
-1.536810956198696287e-20
1.026075642952340122e-20
3.709084025898467083e-20
3.530010470580125825e-06
3.944450411653223228e-06
1.172522466553296329e-05
1.856424819237771187e-05
-5.184274661393762187e-05
-1.402572714247358704e-07
-1.110096142893475364e-19
-1.030221041967629001e-19
-9.406211625920493189e-20
-2.653640084608000884e-20
3.341094244724467825e-20
2.004567228237587873e-05
4.190234524331813221e-05
-3.310448176992515930e-19
-2.470977290906289333e-19
-7.918039380533533533e-20
-1.596490769223121466e-20
5.076150632399027674e-20
4.284596585070854543e-06
5.233342424186001752e-06
3.375111439820094355e-05
6.949500757052780710e-05
-4.696649945976219483e-05
-4.442870205642154477e-05
-2.448235161432668262e-20
7.403909948216363258e-20
7.586157388359782064e-20
1.488704682707078543e-19
2.102149479696845586e-19
8.034641880808462706e-05
3.346463129767798220e-04
-5.389728210717307361e-05
-5.131444184769394805e-05
-5.580522202298705230e-20
-4.527051303600951298e-20
2.396286858216631233e-20
5.764093542994685035e-20
6.687294950368493290e-20
3.940133121076874289e-05
3.321794935487536703e-04
-3.164279249763103305e-19
-2.205094501146778815e-19
-6.612088650019847547e-20
-3.963972381021959411e-20
6.794366073847283831e-20
3.955369486991397771e-06
5.043307136671502423e-06
2.569215388133449092e-05
9.321730243335972651e-05
-8.144962206627666260e-05
-1.987605638984811891e-19
-9.974293383744973865e-20
-8.543592264609548507e-20
-7.175018365870024123e-20
-3.087083457252044404e-20
3.927523838899372336e-06
5.896207944072040570e-06
7.267109661601413523e-05
-4.753867531415359443e-05
-8.627718424212845789e-20
-4.832116822991977690e-20
-1.676402710156808354e-20
3.165882781391966961e-20
6.112368669093381238e-20
4.365392991655409788e-06
5.139009916906227233e-06
3.595198585338510108e-05
-1.617843454710091893e-05
-1.669890782036559363e-20
-3.200729063013625028e-21
3.766427084044965964e-21
3.917994219407690211e-21
2.266134674439413476e-20
8.610037286122170618e-07
1.932503852859955411e-06
3.827937776834263121e-06
-1.634374653021399855e-05
-2.036311691182534138e-20
-1.557002141287628768e-20
-3.963990181297605146e-21
1.093720961234962597e-21
3.324519052367624732e-20
7.460392946406766188e-07
1.637548032191988439e-06
7.462366289405154404e-06
-2.475477243800625862e-05
-6.896258781825715775e-20
-4.388176450938101293e-20
-9.434258633788474075e-21
3.773338506751328776e-21
3.467404920183856074e-20
1.329134966693951124e-06
3.950813969293287378e-06
1.602032960169970244e-05
-3.794617752993624613e-05
-1.429123521519069799e-19
-6.837652726634136412e-20
-2.846685146607479662e-20
-1.201211261230534055e-20
-5.961757976139390244e-21
3.860141995472295068e-06
7.133361854429912499e-06
2.842141963016051926e-05
-1.766629550005525504e-19
-8.475207949487886278e-20
-5.753036668891484640e-20
-3.769621936598158322e-20
2.345438750660301806e-20
4.374020065067111491e-06
5.184709629790771094e-06
3.036059190168350694e-05
5.814252396814292829e-05
-5.104284298364109978e-05
-4.795572604625263058e-05
-8.091216637709806007e-20
-2.277453805477840209e-20
5.891365784331807037e-20
8.013779233588380658e-20
2.682434400245632098e-19
8.459566939726121261e-05
3.348355854416691711e-04
-5.030515080289958707e-05
-4.751308228926564946e-05
-2.556238631250761555e-20
6.060255165111911991e-20
6.715332709112466116e-20
8.484205764678672018e-20
1.159008198850991840e-19
6.053087537052775777e-05
3.413417196564722152e-04
-5.942316415537175365e-05
-2.004839215382234285e-19
-9.453193651969450021e-20
-9.334552690446597934e-20
-5.788030734309606234e-20
1.218833447594910819e-20
4.319322192028184510e-06
2.657251568794174643e-05
7.758856980348163661e-05
-6.382371995474346148e-05
-1.262078423116858333e-19
-1.065509325288441053e-19
-6.521628164764253657e-20
-4.009724875739223427e-20
-3.777836332900148779e-21
3.552359588927387590e-06
1.104181581238015947e-05
5.792996021026404350e-05
-5.459996388458938980e-05
-1.002962365168729898e-19
-7.404388289546232512e-20
-2.867103326908941524e-20
-2.709746331353927505e-20
6.593344638984023758e-20
4.697782669832225822e-06
1.295501217877635607e-05
4.096911013903837916e-05
-2.530695152703306747e-05
-8.018270667034283821e-20
-8.772356466432337040e-21
2.865875727076451735e-21
2.197555757666600758e-20
6.494172071941966930e-20
1.623318364916676103e-06
5.083063151963468993e-06
9.862296512522625736e-06
-1.272544647159955181e-05
-6.518442947914368009e-06
-6.622187014511074695e-07
-1.838737974532543740e-20
-1.091658725936461290e-20
3.675004247902636773e-21
8.331834446593852315e-21
1.050017679296271560e-20
4.284393651457357089e-06
-3.830159143237074609e-20
-2.869957434945010509e-20
-2.863762777997949659e-20
-2.300397528892121374e-20
1.643994738028432839e-20
3.393734692383801497e-06
4.037869211718826181e-06
5.444711117621980665e-06
1.276063343520584818e-05
-3.024658092011633706e-05
-1.290173060950020666e-19
-3.688668430926091049e-20
-2.437763951852167528e-20
-6.024514980178434750e-21
1.536858636210184892e-20
9.092766559236934945e-07
9.465943587456056204e-06
2.596163662084496283e-05
-2.797726534232712376e-05
-2.070595190915963945e-19
1.344687299704528714e-20
2.288950885077671358e-20
4.767306685658058015e-20
3.463708607340755966e-19
1.176292814585485740e-06
2.034939620128276800e-05
5.251735211880451088e-05
-4.822897708062823848e-05
-4.528211233338647344e-05
-9.145574032536705469e-20
-3.453941807746592225e-20
5.391942934247423223e-20
1.883447277672208714e-19
2.889331151717604832e-19
8.783623300601254614e-05
3.443012539447498133e-04
-4.936215410337665169e-05
-4.890037091576167647e-05
-2.419711296851642517e-20
3.772581178243267101e-20
9.057033476651994425e-20
1.115892620395276049e-19
1.262909679722459160e-19
4.605994429992335142e-05
3.390043244932627268e-04
-2.401338989309618468e-19
-6.250242545171415997e-20
-5.438951044391991303e-20
-4.500867474027505174e-20
5.543131766038640415e-20
5.281088246604322498e-06
6.379891990351376856e-06
2.347894871444957809e-05
8.537115619133680753e-05
-7.128227483994169830e-05
-2.103170216179293270e-19
-1.069456123888053646e-19
-2.957530106864653926e-20
6.298920381161874649e-21
1.623219141261175989e-20
3.559595262681004904e-06
4.851184719204971358e-06
6.122391920468187325e-05
-4.686143187854552371e-05
-9.221937220381787623e-20
-8.363246235100457752e-20
-3.826319943797851731e-20
-1.785597246540830175e-20
-5.471298748280670064e-21
5.427687074965913227e-06
5.833737529742775707e-06
3.533331734070001170e-05
-1.845710694035124428e-05
-2.264250844880512408e-06
-8.038478017882185072e-21
-4.484325923206800503e-21
-1.078871799458955233e-21
8.253425601602690244e-22
1.087778918322727969e-20
4.286647750348934757e-06
4.970077136847206728e-06
-1.833440316358544026e-05
-5.842076991794297109e-06
-1.127388791359950136e-20
-1.096212300480841261e-20
-1.009500765004992861e-20
3.655332552074576536e-21
1.420520410841872001e-20
4.496539344771147747e-06
5.725501965810622281e-06
-2.548250383893181938e-05
-2.867883494210568386e-20
-1.534973664918083527e-20
-1.404421674754440253e-20
-2.150548823472856583e-21
1.243269701590655768e-20
4.376133010696263212e-06
5.091885496812031233e-06
1.243525910575987703e-05
-3.157058182028734013e-05
-6.059021866646944313e-20
-4.553337691735783349e-20
-1.162482470694849048e-20
-8.297220072920864313e-21
9.281290092023864187e-20
3.679083157609125378e-06
5.014440101220266997e-06
2.130135489828993638e-05
-2.760416326007444069e-05
-1.538547271431147179e-19
-8.773316320001878355e-20
-2.673081070740797509e-20
-2.146275832856994884e-20
1.404887114345796098e-19
5.353786228823277810e-06
5.774848128631914800e-06
5.314297163074943007e-05
-4.879223299752463814e-05
-4.523401625686971202e-05
-4.571201671437235152e-20
-9.112322292096698275e-22
5.170094895623780518e-20
8.348315799258921881e-20
2.043923327902578502e-19
7.299332998306460620e-05
3.415395685086106549e-04
-4.853355862313589220e-05
-4.808223144532915427e-05
-5.693438871529017908e-20
-1.765096919668835150e-20
-1.315898792535937486e-20
2.175658079336514004e-20
4.365826530106802827e-20
4.755507626241103994e-05
3.286000327108257115e-04
-6.671666088578583791e-05
-1.643883451937885995e-19
-9.491304742212783935e-20
-3.338697608475734257e-20
-9.413162283658570936e-21
-5.889767552483338241e-21
5.385685624539309585e-06
4.224543552739030880e-05
8.572438182102455335e-05
-2.217447203427563149e-19
-9.831866382112544068e-20
-5.584353555985645829e-20
-2.793544916294260153e-20
-1.481675452870158831e-20
3.800253311395747768e-06
4.230431515885410581e-06
1.749973133292832193e-05
4.975153754812872261e-05
-9.058567069294690654e-20
-7.753784997752329073e-20
-3.349995013711071696e-20
-1.009030973284117878e-20
-5.052755727947153887e-21
5.340859942821690287e-06
5.810455255307481957e-06
1.348275402923290092e-05
2.600705723496181277e-05
-8.391343798269136120e-07
-7.858622866038036893e-20
-3.459564282316765591e-20
-1.330890988001417273e-20
-4.135808812667009782e-21
2.831987692947547278e-20
4.318210912731659641e-06
4.840066496291209137e-06
1.647108780727339351e-05
-1.428874930988058659e-05
-5.210038539387519635e-20
-4.379261880659813698e-20
-2.146815819110180709e-20
-2.783000517659926143e-21
1.173746445021379193e-22
3.377653883355739409e-06
4.237286644077857054e-06
1.745519936682389688e-05
-8.631619249491603615e-20
-3.433882248519443888e-20
-1.424646319849250008e-20
-1.183346463671046875e-20
-8.137173134103196229e-21
4.541862351283728924e-06
5.447474290666195283e-06
9.405867974966042869e-06
1.802247383888804289e-05
-2.176470925188426085e-05
-3.388058937301160560e-20
-1.806411892249108576e-20
-3.009188714706111808e-21
1.110199324170329807e-20
1.147153851546527000e-20
3.783757250946878463e-06
4.085724282663133097e-06
1.550471165569547292e-05
-1.696777547540522614e-05
-9.256932458928676700e-21
1.587419251087347610e-20
2.151401166474848941e-20
2.373661975044381637e-20
3.333702781549912038e-20
5.532431048852362200e-06
2.355414437889794490e-05
5.580243065693790499e-05
-4.770757194704124414e-05
-4.544666272420516966e-05
-6.259717501835437022e-20
2.477965098447532368e-20
7.619865508883427491e-20
1.059366407598750530e-19
2.054662486878925478e-19
7.263395642743431522e-05
3.301894844149793132e-04
