-5.048137847605298814e-05
-4.925412456241969115e-05
-4.301394616134543187e-20
3.129142556488083550e-20
7.331998098986024374e-20
7.373176484084288899e-20
8.508844306652160936e-20
5.066394998488929610e-05
3.410654794254762488e-04
-1.850104495524403528e-19
-1.352997498747522894e-19
-9.339282980961896869e-20
-6.546503786946721105e-20
-4.375576793314348094e-20
4.402336955703914539e-06
5.162444748957676647e-06
5.350916966436185685e-05
8.377422784784988225e-05
-3.076705054869793008e-05
-1.682518798659250062e-19
-1.265706756753032572e-19
-2.993067723053663819e-20
-2.257636155867145686e-20
-1.356337385775347033e-20
3.877004307827184379e-06
1.904080475895617778e-05
6.112061064203097008e-05
-1.178888166184503484e-19
-1.086016795385492328e-19
-4.274914407897107694e-20
-1.825187232394491338e-20
-1.655510585024632335e-20
5.721024148603479507e-06
6.452623635084273991e-06
1.730667205922705248e-05
4.029652669694850134e-05
-6.874017955000983407e-20
-6.083452900507806455e-20
-5.104658898133815038e-20
-1.819576662141173603e-20
-5.936027959765527232e-21
6.634909156231578346e-06
8.046717910844686171e-06
2.118332488446630113e-05
2.471405722234561346e-05
-1.906868715023956201e-20
-1.434409536983252287e-20
-9.156223743563015048e-21
1.389600709330078732e-20
1.504378879426848920e-20
6.878330331965110909e-06
8.033779443004287815e-06
2.182674171215916710e-05
2.423593043454436985e-05
-7.423694764450429547e-20
-5.857555639673724749e-20
-1.836649947952276391e-20
-9.758186850540812037e-21
-9.246510075101249634e-21
6.946583735974924426e-06
7.461265718526225551e-06
1.802084135287480756e-05
2.884355360106638112e-05
-1.937013322099430352e-21
6.685106146012882518e-21
1.671511242239753982e-20
2.059981011963062519e-20
2.099389413075310324e-20
3.779281213131809236e-06
4.736074431440647249e-06
1.890044578899172480e-05
3.561452494910944500e-05
-1.311855835554325300e-21
4.282957950190842408e-22
1.066033526524609169e-20
3.329054538549272317e-20
3.826374207761704980e-20
5.060103602532238437e-06
6.246777590105274631e-06
3.406236541740425536e-05
6.656567932732134862e-05
-4.943128560572674653e-05
-4.785298935597067217e-05
-6.060531130339794655e-20
5.708404437453361000e-20
1.573035817758737242e-19
1.779936109806108180e-19
2.087614427633837895e-19
1.161028574692352989e-04
3.402432563177705581e-04
-5.167584524948803931e-05
-5.046717545425933980e-05
-1.090339594824086101e-20
3.432301149961653002e-21
1.254059210316434405e-20
6.309195965329677503e-20
6.800371701355232072e-20
6.731840418506555206e-05
3.336018158327091619e-04
-2.957579981796068181e-19
-1.162577237504211874e-19
-6.690351690306411853e-20
-3.068879187148338697e-20
-8.567739808222092877e-21
5.509190243699174865e-06
6.010021290798300595e-06
5.198856553436723144e-05
8.506168790190283039e-05
-6.216154572363813023e-05
-1.604963964106602306e-19
-1.571956669740773688e-19
-9.239819393502156788e-20
-2.133114732191366153e-20
3.181257433355118995e-20
5.984608802053755048e-06
1.061622754777413070e-05
6.878722977569017797e-05
-1.356473710557183753e-19
-1.356043466687379450e-19
-2.811444132849666076e-20
6.607824007714161220e-21
9.918555817677459691e-20
6.160955461427635673e-06
6.221801826953321964e-06
9.677106773092709413e-06
4.627444011556250213e-05
-5.287465795549727471e-20
-3.379521417051026221e-20
-2.964915433838919420e-20
-1.574379946810117695e-20
-5.093007732201866084e-21
6.220717877574277276e-06
6.410870788949028650e-06
1.094137538158670788e-05
1.530751535419407386e-05
-1.251839186511480928e-05
-4.117417765548146043e-20
-2.192736611462035472e-20
-4.922161491949588615e-21
-1.341797526813446570e-21
1.282804321060468657e-21
6.430183002247566378e-06
6.683819475512647937e-06
1.127241864566873298e-05
-5.003840485728360075e-20
-3.101384422301713965e-20
-9.059471418604614240e-21
-6.875144131666948711e-21
-1.657240274168232933e-21
6.628743865923752892e-06
6.698323292962461614e-06
1.014672912733775277e-05
1.932950240373002181e-05
-1.022865023786185219e-19
-4.020769759231681240e-20
-3.141081129305131407e-20
-9.096105696439866403e-21
-8.559490811774625464e-21
5.419861101676900250e-06
6.716848855935005457e-06
7.389960052017615648e-06
3.078007276432960271e-05
-1.075470209561243075e-20
-4.883497898370317565e-21
8.754686879249442310e-21
4.704261073720367147e-20
6.979067219399912926e-20
5.689844012884621856e-06
6.347012637294528985e-06
2.931641896336096783e-05
6.599742235330975431e-05
-4.965670665033322645e-05
-4.902375914757409599e-05
-6.560190411396280603e-20
4.071460278241670799e-20
7.792876162862898328e-20
2.095311823778469254e-19
2.606851022551804481e-19
1.169858936119805607e-04
3.272365888454230060e-04
-5.179563956941374080e-05
-5.161887447078730576e-05
-3.897023412138648845e-20
-2.918640781279346229e-20
2.923952312666190813e-21
4.484478610801871320e-20
7.885206070712533100e-20
4.449273048842911847e-05
3.347320073915905606e-04
-2.185352154670934030e-19
-7.502324160802787397e-20
-4.721506846225817515e-20
-1.671773324800944011e-20
2.290183356595494764e-20
5.300119361035614043e-06
5.900295553667849409e-06
2.707004866352009267e-05
6.898566417801762878e-05
-4.469912959427277925e-05
-1.041634078796921214e-19
-4.247094991689252021e-20
-3.664320363300379017e-20
-1.491016930078435412e-21
1.044413018090507463e-19
3.506794736540891945e-06
6.947927060392015650e-06
5.019519855202794441e-05
-1.351047239332403240e-19
-6.841815248078850922e-20
-6.354034033529172119e-20
-3.919772441435464345e-20
-1.289890951691464877e-20
4.941652338445166801e-06
6.493901675964884059e-06
7.168918217552502225e-06
3.713412219127768584e-05
-1.761063503629146831e-05
-2.261966654289530269e-20
-1.583414966901426763e-20
-2.475106519083221014e-21
1.151120405092906445e-21
1.874046320353890603e-20
3.133238374745558819e-06
6.759916984255903955e-06
9.122779229316551529e-06
-1.477074358750439342e-05
-7.260427288711541903e-20
-2.920460055008880359e-20
-1.329925645672324146e-20
1.370820871625468089e-20
3.595977861235231581e-20
7.017501129274999740e-06
7.730110803602166118e-06
1.110324369481534476e-05
-4.185936139403061761e-20
-1.871288684499294652e-20
-1.497886157354791026e-20
6.878864644470404758e-21
1.266600403311313225e-20
3.583595231066107579e-06
7.041683118825169990e-06
7.321832708927216045e-06
9.587093889417557001e-06
-7.295027945542449377e-20
-5.299849041677372408e-20
-2.443781124003498140e-20
-1.236870108377221636e-20
-7.433550002356092877e-21
3.920246799498009001e-06
5.731535441131130245e-06
7.058188177290624018e-06
1.840370877158303673e-05
-9.793457609775394229e-21
4.550161505440510234e-21
1.233464131523966454e-20
6.069428979240769643e-20
8.490438712696081522e-20
5.750077785968205670e-06
7.024841432136538757e-06
2.095228894966765483e-05
5.453128704524356211e-05
-4.954666977398963670e-05
-4.839804306811529701e-05
-7.913576683188109388e-20
-3.503674830214749737e-20
8.653457757975603012e-20
1.146229315963127496e-19
2.343887785394572880e-19
9.566813143256632055e-05
3.357176254427941516e-04
-4.963415823019328381e-05
-4.882569221748742593e-05
-7.776326860291921563e-20
-7.251401688342122913e-20
-1.329640400360781857e-20
-5.466617719615269599e-21
-2.264268266087643525e-21
5.677479227017017305e-05
3.408678398696890553e-04
-5.120784341846729550e-05
-1.943070201900802245e-19
-1.158040764417124079e-19
-7.257417694599165627e-20
-5.553875583329044239e-21
1.600544234051403819e-20
5.402948911064330932e-06
3.361306222535977785e-05
7.976780393451704477e-05
-5.221265169765092309e-05
-1.428166614608586539e-19
-8.632063971369237956e-20
-2.121197780263677183e-20
-1.031637374909498990e-20
4.483915398416525549e-20
4.346356166304525317e-06
9.104988166103120885e-06
6.184821183350439988e-05
-3.961656306655444992e-05
-9.120458805849304667e-20
-8.831427586823252475e-20
-2.842691450113247396e-20
-2.564118428800374119e-20
-1.466795896674272098e-21
7.194673197290133335e-06
8.514649871198638474e-06
3.449740207366053794e-05
-2.199041881224638963e-05
-7.009538185257986999e-20
-3.284777265708698067e-20
-1.487366788668943283e-20
7.091906138349702981e-21
5.475779255501110587e-20
5.393149446679860074e-06
7.466147179378340514e-06
8.138894427118745041e-06
-1.534120782247456923e-05
-1.784636979279708938e-06
-3.718740829929941774e-20
-2.102055397012196808e-20
-8.438285338742240301e-21
9.883160656001450170e-21
1.076192432646139444e-20
6.679966168880346418e-06
7.727887155517155376e-06
-1.331296582917695099e-05
-3.911256287464929037e-20
-2.603322288054658835e-20
-2.709340591103818548e-21
1.765356678810660711e-21
6.887789984813317381e-21
5.221892365816226437e-06
5.667401149165803290e-06
6.581241368458580158e-06
-8.589703558166201090e-06
-6.605494679065501910e-20
-3.262381907024436284e-20
-1.747580491073008083e-20
-7.027619394269123852e-21
6.574586801358893785e-20
2.901975179864232141e-06
3.500286423818375447e-06
1.758159036086979877e-05
-1.087242496202176112e-05
4.380573105711806526e-21
6.191911090071546155e-21
1.372940569977366414e-20
2.210278882375892047e-20
2.414452353706054185e-20
4.280458397376748076e-06
2.234725940349732747e-05
5.070099867616008528e-05
-4.850911389456577489e-05
-4.811377258660557636e-05
-5.176046284976095701e-20
-3.585315369118728994e-20
1.083294882362374088e-19
1.348610600080173766e-19
1.419761893818375044e-19
8.246713327185832001e-05
3.405057040230750334e-04
-5.271573345941507610e-05
-5.142025419093124888e-05
-3.996143401480597626e-20
1.399153158845218030e-20
2.209425056009160869e-20
6.934270236363762128e-20
9.487433302397043637e-20
5.845326765815631070e-05
3.398130950674125542e-04
-2.744900228035218594e-19
-1.064958945730711803e-19
-2.799985728387503874e-20
-2.531733875680798233e-20
-2.417356045470042458e-21
5.193003612894593907e-06
5.277491704585593956e-06
3.869310955927000552e-05
7.607608287599893198e-05
-5.229117984766044376e-05
-1.354447665025027440e-19
-7.948591350278149146e-20
-3.424744844067771392e-20
-2.495479727737048114e-20
2.894435843512445556e-20
5.271418687254149448e-06
6.465033990202771843e-06
5.564685728975179714e-05
-1.499665083593600684e-19
-9.107163235179326342e-20
-8.624170805307253136e-20
-2.018532179543788237e-20
-1.549302113911455934e-20
6.597808875285740496e-06
6.859670979982577296e-06
7.792850703192745701e-06
4.002966559736764642e-05
-1.445209848743590539e-05
-5.355012265584254320e-20
-2.509091718271204244e-20
-5.351776567697090689e-21
3.706791142873197457e-21
1.244643750061588016e-20
6.908831515237496076e-06
7.582194322121565702e-06
8.287107020309276590e-06
-1.254533199931574901e-05
-3.503334429168363399e-20
-2.492740209174863973e-20
-7.197117168018705847e-21
6.746555935969150393e-21
8.943890229094954168e-21
6.748641775118884977e-06
6.998196504780148892e-06
8.550768531156041920e-06
-4.696575582422484321e-20
-3.455134605614986017e-20
-1.556631635473045180e-20
-1.172233482467691431e-20
1.278660304173857496e-21
6.209818368475953700e-06
6.564328988013067706e-06
7.422830612655731382e-06
1.505909625859187796e-05
-2.496521190205353379e-05
-5.270985129004507994e-20
-3.468359817529059886e-20
-1.147514160792002670e-20
-5.655724109822125266e-21
-5.173798406013818952e-21
5.470774840968825690e-06
6.518752588294608773e-06
2.826747473988459625e-05
-2.566484867258282882e-05
-1.681128548585743680e-19
-1.281279293676543568e-19
-7.443870780666001598e-20
-7.156602260798820814e-20
3.951100131611649656e-20
4.996186103513008686e-06
3.446422204077188482e-05
5.883030851468364623e-05
-4.999413140349624117e-05
-4.988934902891412450e-05
-1.959704009655193168e-19
-7.809102143770185772e-21
2.120538926991800031e-20
9.290638891656236344e-20
1.613780296092513151e-19
8.599813644078512843e-05
3.433622301172943570e-04
