4.507573184439293750e+14
2.365441659904165000e+14
2.235950503314128750e+14
1.752692389122778750e+14
1.701180571375730938e+14
1.708626651651094375e+14
1.700785646776629375e+14
1.638654189290865000e+14
2.127718050712559375e+14
4.900351710965493750e+14
4.627126589488922500e+14
2.410144099055218125e+14
2.484016116227923125e+14
1.690221209437948125e+14
1.390148813119689688e+14
1.364074530511750781e+14
1.446714485512161562e+14
1.496831770079449062e+14
2.093562645809130000e+14
4.875948231072065000e+14
4.466542347200518750e+14
2.070506597807048750e+14
2.074960124514453750e+14
1.537286583919376562e+14
1.315298292054026250e+14
1.430835679039346875e+14
1.174751836256178750e+14
1.285072306027917812e+14
1.930924867072585312e+14
4.778925081080171250e+14
4.544037465288331875e+14
2.748129961994017812e+14
2.292148923890145000e+14
2.016926627511333125e+14
1.429952520240492188e+14
1.205209315537084531e+14
1.235030198904982656e+14
1.214418242534529219e+14
1.954052894081016875e+14
4.703525839019071250e+14
4.598597950442803750e+14
2.215662363485125625e+14
2.216901014810240938e+14
1.623970017446540312e+14
1.369262653162982188e+14
1.329187775848223750e+14
1.323489741453907812e+14
1.726043380699347812e+14
2.365882158886848750e+14
4.760538859793525000e+14
