5.229060857725425194e+03
1.273196705349510921e+03
9.724765321511292768e+02
5.678473662113784712e+02
2.604553848746164931e+03
8.749954947830959782e+02
7.143209364322096917e+02
6.082202864004403864e+02
5.578681933306421570e+02
1.955024014808989705e+03
5.765831105295295629e+02
5.619232487314054652e+02
1.635029992238461773e+03
6.917567905025117625e+02
5.262426237810673229e+02
2.589781749893246001e+02
2.418695223705722412e+02
3.835752092883880664e+02
6.629338793792252318e+02
9.711822167762450135e+02
9.671563766643324698e+02
9.253574667319828677e+02
8.802321792409474028e+02
7.479177564134913609e+02
1.554836287248372537e+04
5.974865183101538605e+03
1.965033099345754181e+03
5.918490724517999297e+03
1.510234935401561415e+03
5.877753039550473204e+02
3.689445121685646427e+03
2.550267348127111291e+03
8.284480940394107620e+02
3.625691129884513430e+03
1.070966603008889251e+03
1.048630154615728998e+03
3.469676929496366483e+03
3.372462694900860697e+03
2.457162564135581306e+03
1.660135923096094757e+03
1.615677958697389840e+03
1.120483563652279827e+03
3.377765830464175906e+03
3.312544919356922946e+03
1.639416049870442066e+03
1.388847372440263825e+03
1.174738973238965400e+03
8.206768724819745557e+02
3.386887014031711715e+03
3.321865517175362584e+03
1.650626855045883758e+03
1.255747428857125442e+03
1.100901181310295215e+03
6.980502112239926191e+02
3.372895661571104483e+03
3.255506485117193279e+03
1.689873464283433350e+03
1.253717468186750693e+03
1.086724138843302399e+03
9.397606672555407386e+02
5.326945368386688642e+03
5.307005543447845639e+02
1.659974170388504717e+03
7.669780917662912998e+02
5.606903506588897699e+02
1.882853794105200450e+03
1.340165609830363110e+03
2.567175970517626524e+02
3.595894559819491292e+02
5.217992363676348759e+02
1.673875626963740046e+02
2.509187225104597019e+02
2.956734051452580729e+02
3.322721351037840805e+02
4.164159388853972814e+03
3.860488728968821874e+02
4.201696001700159400e+02
6.108843454022414790e+02
6.435535839223282437e+02
6.067616949106793527e+02
3.036563423044128740e+02
1.068330831428259216e+03
9.895840247605700597e+02
7.509679913669284588e+02
2.057919121845395784e+04
7.796107304387378463e+03
2.911229207941169989e+03
6.330781343612472483e+03
3.546647768307291699e+03
7.963864728519129130e+02
3.718670748652375551e+03
1.543390688625207531e+03
9.607521283935512884e+02
4.241688226072527868e+03
1.077905755562826926e+03
6.126225766411231461e+02
3.601267782200196052e+03
1.052771273946125120e+03
9.644418437040918661e+02
3.451474106293564091e+03
3.409290091278510772e+03
1.542262977659753687e+03
1.503422322223300398e+03
1.406922413430744427e+03
1.099093468529665870e+03
3.416648490014101753e+03
3.340408322524530377e+03
1.538803523224210267e+03
1.103225445343070078e+03
1.050977695631723918e+03
9.976242483036849080e+02
3.420502871453927582e+03
3.371778139838314928e+03
1.470146422445366170e+03
1.054447402105060974e+03
9.637107450739401884e+02
9.050787815150152937e+02
1.185198269516286928e+04
3.691457851305625809e+03
8.495975790757883033e+02
4.023752477582043412e+03
3.592853806141130917e+03
5.220982846979345595e+02
6.167231360200178187e+02
5.684629869785939036e+02
5.572308739040714727e+02
1.481968250133018273e+03
3.785273211025202045e+02
5.604594893596743077e+02
4.813732172424836335e+02
3.230096809104064505e+03
2.189874798579176968e+03
2.200461404329192305e+02
2.782633199590947584e+02
2.612381267895870678e+03
2.436859394650698789e+02
3.858892177239633838e+02
5.733412709881461069e+02
3.023418023420159443e+03
2.309158485576786006e+03
7.160421557593177795e+02
8.351883665583723086e+02
1.593320331308569075e+04
5.754938453852335442e+03
4.317191902370782373e+03
1.072004159454990986e+04
7.043543955061902125e+03
2.661422718328325573e+03
3.621237831235690464e+03
1.759219679726684035e+03
1.465850901801884675e+03
4.221403111807461755e+03
1.377104443343822822e+03
6.623384967375462793e+02
9.429169103170675953e+03
7.015907552517685872e+03
5.155714124824971805e+03
3.588985618038223947e+03
3.410810371903934538e+03
1.289321943823107631e+03
3.457315614047168765e+03
3.380076877662550487e+03
2.503138540862322770e+03
1.616832766798277135e+03
1.546591440044496949e+03
1.160617002449749180e+03
3.442424864322916619e+03
3.397277828823966047e+03
1.434791040261419766e+03
1.056421193577723216e+03
9.797299454783892543e+02
9.788164730129312829e+02
4.009949686933602607e+03
7.435409666482458988e+02
6.167171276567640916e+02
5.880933706728518473e+02
2.946063890597152749e+03
2.477125600383324127e+03
8.403508896541301283e+02
6.001774942900437964e+02
3.556017652608036315e+02
5.179826788330572072e+02
5.396730030163558922e+02
2.866650168136341563e+03
5.617669108043621691e+02
2.849476285250764249e+02
3.722427844338690193e+02
6.685910882617348534e+02
6.430595826488031435e+02
6.175046893103395860e+02
1.613703842289454542e+03
5.757814292833165837e+02
9.959771963684539742e+02
8.529406607377977707e+02
8.036558352620759251e+02
1.993801670716798617e+04
7.271243268465851543e+03
3.597385244242097542e+03
3.615107345051918401e+03
1.583105268356760007e+03
1.407462417890682218e+03
3.715070176839237774e+03
1.499338011908645058e+03
1.290143480182291569e+03
3.580553665403383548e+03
1.223852783565412665e+03
7.586089896720118304e+02
3.503718686016495212e+03
1.120417395756022188e+03
8.884135617060570667e+02
6.610478769476309026e+03
3.449651057177823532e+03
3.425708952212022268e+03
1.961777188591061758e+03
1.379072903465036461e+03
5.905108298923030361e+02
3.580376596693970441e+03
3.449645040548903125e+03
2.484968384711248291e+03
1.620642923918300085e+03
1.599041754004460472e+03
1.140325691422692671e+03
3.439678124088953609e+03
3.390947214258971599e+03
1.494141196452256281e+03
1.254291051402103903e+03
1.073194694122736337e+03
6.786071384790709544e+02
3.441685759879275793e+03
3.396462991283754945e+03
1.440744060846183174e+03
1.093036826641262678e+03
9.684252281020301325e+02
9.521308120708334854e+02
6.240777493478690303e+03
1.141769604323363183e+03
6.411039133697345278e+02
7.748281845597343818e+02
5.650662028573176485e+02
3.416690267410548131e+03
1.321900547553454317e+03
5.333986449406405654e+02
5.576399603373183709e+02
4.756647765084710500e+02
2.948724106252556339e+03
1.073624320459112141e+03
1.008139825952027167e+02
2.886436793280572601e+03
2.432689336435166467e+02
6.320753517003554407e+02
6.044568384986461069e+02
3.389163815052231712e+03
1.031121994477224689e+03
8.409941866332776499e+02
7.592993529923913911e+02
2.020435909789302968e+04
4.076295990218319730e+03
3.747264877730264288e+03
6.654050991749085370e+03
3.625610541789595572e+03
9.766395912179999641e+02
4.110851524263798638e+03
1.005866010035526301e+03
4.888843128663366429e+02
4.046181749610579573e+03
1.130469445860253245e+03
3.896137984643729624e+02
9.451253927791200113e+03
4.133087186559671864e+03
3.547526689193524817e+03
3.050906689355107119e+03
3.003470984310544281e+03
2.612994407729604973e+03
7.607627848870328307e+03
3.458165723167496253e+03
2.462342322764611254e+03
1.358529644858344000e+03
1.197804819180794084e+03
1.003785744919729837e+03
3.554276916058867300e+03
3.232555151139519239e+03
2.907423903423532920e+03
1.977965014062089040e+03
1.373890492401511665e+03
1.297759604727956003e+03
3.399261308064890727e+03
2.877953387385422957e+03
2.489962699998989592e+03
1.968390680871702216e+03
1.423653916328124069e+03
1.363823162168926729e+03
3.413630412876953415e+03
2.716163234435588038e+03
2.391724159980702098e+03
1.896866150011227091e+03
1.175523042360998716e+03
1.029349979101193867e+03
3.393780509832350617e+03
3.363479668324850081e+03
1.528968467271884947e+03
1.375771074525143604e+03
1.158605632022741474e+03
5.654770436569486947e+02
3.508904045559571387e+03
3.411882421937959862e+03
1.484302565718242477e+03
1.045088266764142418e+03
9.818849985393020461e+02
9.715371746506425552e+02
