2.786043682848132197e-01 -1.067625280476730693e-01 1.353586130730248700e-02 -1.245285183099998153e-02 4.612545526094355593e-03 -5.983787650771223111e-04 -1.402863015845074723e-01 3.812009216210221485e-02 -1.551569521253969020e-01 -1.404130267294204093e-01 7.685972924923317739e-02 1.405363676653012261e-01
-1.058745111943397571e-01 9.507213607701898994e-02 5.988378637013246769e-02 -1.434126342399408803e-02 3.265989623009618592e-02 -6.623080224480451528e-03 4.184305448349094625e-02 -4.648717317960288781e-02 5.342713654630037307e-02 9.063007005415760209e-02 -9.044530410362040806e-02 -1.124125093978360079e-01
1.362206581441906782e-02 6.028995988445060711e-02 5.630294205563314280e-01 2.223983552205817220e-03 -7.800561940780461473e-03 -1.853731744309617541e-02 -1.957528866984838967e-01 5.566853223788493371e-02 -3.143323767193896834e-01 1.787775689761955666e-01 -1.156104320784600847e-01 -2.697765548974593863e-01
-1.245285183099998153e-02 -1.434126342399408803e-02 2.223983552205817220e-03 5.714327025737397404e-03 -2.258736665727544114e-06 5.604192216049265501e-05 3.801875313885353606e-03 7.739230852860795595e-03 -2.091473250527605549e-04 3.912817471632145522e-03 7.475247927487184245e-03 -1.615191317996492182e-03
4.612545526094355593e-03 3.265989623009618592e-02 -7.800561940780461473e-03 -2.258736665727588584e-06 -3.566086088107077445e-02 5.988752121507438624e-03 -7.509329803256089382e-04 1.718740132119646455e-03 -3.113010371973118470e-04 -1.768732526278848482e-03 -1.107769393287954054e-03 1.310518057786630832e-03
-5.983787650771223111e-04 -6.623080224480451528e-03 -1.853731744309617541e-02 5.589367640301249365e-05 6.008940057738780711e-03 1.309167781700004175e-02 2.808836913955831908e-03 1.213524544692273256e-02 3.200273225995003534e-03 -2.607995893060846733e-03 -1.103562806503920017e-02 5.882815822655811100e-03
-1.402863015845074723e-01 4.184305448349094625e-02 -1.957528866984838967e-01 3.801875313885353606e-03 -7.509329803256089382e-04 2.808836913955831908e-03 1.191405321567606257e-01 -3.906517176395318119e-02 1.571641932143738873e-01 8.714661793914401516e-03 9.293909309920777998e-04 1.905345881533297356e-02
3.812009216210221485e-02 -4.648717317960288781e-02 5.566853223788493371e-02 7.739230852860795595e-03 1.718740132119646455e-03 1.213524544692273256e-02 -3.911641493428651140e-02 4.198116835507272743e-02 -4.769197066888127001e-02 -3.946515659441690756e-03 7.351098307432573460e-04 -1.073103010997342871e-02
-1.551569521253969020e-01 5.342713654630037307e-02 -3.143323767193896834e-01 -2.091473250527605549e-04 -3.113010371973118470e-04 3.200273225995003534e-03 1.571218417647469168e-01 -4.772415806417843603e-02 3.184434562439986682e-01 -1.859434598816145021e-02 2.583992768510195819e-03 -2.992111895665767671e-02
-1.404130267294204093e-01 9.063007005415760209e-02 1.787775689761955666e-01 3.912817471632145522e-03 -1.768732526278848482e-03 -2.607995893060846733e-03 8.714661793914401516e-03 -3.946515659441690756e-03 -1.859434598816145021e-02 1.176771374478627202e-01 -7.763066188191042327e-02 -1.429301601466971827e-01
7.685972924923317739e-02 -9.044530410362040806e-02 -1.156104320784600847e-01 7.475247927487184245e-03 -1.107769393287954054e-03 -1.103562806503920017e-02 9.293909309920777998e-04 7.351098307432573460e-04 2.583992768510195819e-03 -7.769962192257709455e-02 8.512148840147029660e-02 1.095842384611365739e-01
1.405363676653012261e-01 -1.124125093978360079e-01 -2.697765548974593863e-01 -1.615191317996492182e-03 1.310518057786630832e-03 5.882815822655811100e-03 1.905345881533297356e-02 -1.073103010997342871e-02 -2.992111895665767671e-02 -1.436827485536456561e-01 1.104614731922887727e-01 2.771837916329998319e-01
