8.755282648236101543e-06
1.146714900197033729e-05
2.406412724362598737e-05
6.253796012332301030e-05
1.251701690970773195e-04
5.128643257225822708e+03
5.528944660319884877e-06
8.065203815577528509e-06
9.054793403912981241e-06
6.258072214623357275e-05
1.022010151019089468e-04
3.758733600977539027e+03
1.059965565198193531e-05
1.770900980027434059e-05
2.374378634300010303e-05
3.190877546870556493e-04
3.210657843366113823e-04
6.980743925915592172e+02
1.554314891709849107e-05
6.341948665513446844e-05
7.712699154376749554e-05
9.607782219321437192e-05
2.044020302038178935e-04
7.608024153522713277e+03
1.725247926605142290e-05
1.993377120568962129e-05
2.977252556920357069e-05
5.474239792727577801e-05
1.180596385021001257e-04
5.276969921497910946e+03
1.599635487263894199e-05
2.322554419434004458e-05
2.856605214216887911e-05
4.327481933909889980e-05
4.344642993422709884e-05
1.074390849357811021e+03
2.944877825141781848e-05
4.504437488493554469e-05
5.759723843028349643e-05
5.920664837917243663e-05
1.505097473336277942e-04
6.884891168178838598e+03
1.653960286633886657e-05
2.564891921528956087e-05
5.110050755095447338e-05
1.255259100271165717e-04
1.271732707075060639e-04
2.907388302483341704e+03
8.509540830268762387e-06
1.688845290637624633e-05
1.735725243878429605e-05
3.383425785573309979e-04
3.419665325028202929e-04
6.970830612901198720e+02
5.120907916925316797e-05
5.292828524608017961e-05
6.959669620175859919e-05
9.054492419574431327e-05
1.909468003765871344e-04
7.522269284546625386e+03
5.015432080222833815e-06
5.449824060786806717e-06
2.182314965406423414e-05
1.440616310154791693e-04
1.486516014235184330e-04
1.746598212040055614e+03
1.440533060584418513e-06
9.825563795766798235e-06
1.686714364854306224e-05
2.711259032407988229e-04
2.811289736566241937e-04
6.980743925924693940e+02
1.323892003643728821e-05
2.048903496753243320e-05
2.629964475346653196e-05
2.953325629360610920e-05
8.054647912751011177e-05
3.035780347529537721e+03
6.472866940147847307e-06
8.718483576557251299e-06
2.494262586071176947e-05
5.110050755095447338e-05
5.500737730233746175e-05
1.917233734736316364e+03
6.777845726602235126e-06
1.254749180027085196e-05
3.017849610699241942e-05
1.998326673328608936e-04
2.038264137965578333e-04
2.070493316146726102e+03
2.283918657340932624e-05
2.548545551024976964e-05
2.818164264161528694e-05
3.642309384889894167e-05
1.022010151019089468e-04
3.605506387668940533e+03
1.440305781291770775e-05
1.589271884790675700e-05
1.759889435963303404e-05
2.284135735152652028e-05
2.469090663335427410e-05
5.032495699986488376e+02
1.114055838979182275e-05
1.463177099785501620e-05
1.498653435210427705e-05
2.166128148567290001e-05
2.296419192249190210e-05
7.674674841430623928e+02
5.808979762259340158e-06
1.011240012884611856e-05
1.415389661659057226e-05
1.633304055597480870e-05
1.820921773419472296e-05
7.620409982934510253e+02
3.770183082326757106e-06
6.203814199819598557e-06
8.260431879489656888e-06
1.015454620038177111e-05
1.693924878836853632e-05
6.310374892071954491e+02
1.311327053660006963e-05
2.060665137195388815e-05
2.120006366090616728e-05
5.779097362059450014e-05
6.196729132518646605e-05
3.564454301220548132e+03
2.151299571961472478e-06
2.886014339262791558e-05
3.613351541135428999e-05
1.213843194783974878e-04
1.219476473724671867e-04
1.806410826824466994e+03
5.147369896867002709e-06
5.843956935811530017e-06
1.080660261437066539e-05
1.968779272100156612e-05
2.524711531922507640e-05
7.341914179938360121e+02
1.038348838279196244e-06
8.429867458450867031e-06
1.127116704227284568e-05
1.142475958613687291e-05
2.085256086268456245e-05
7.080840802361318538e+02
3.387489723850587371e-06
3.560556283534656697e-06
5.531716697040968251e-06
5.766176982613515802e-06
7.961965164217747195e-06
5.733529784755550054e+02
2.055009782960973205e-06
2.912169821402576068e-06
2.936324754643976662e-06
1.772654697198502462e-05
6.258508454853865973e-05
2.310263271942893880e+03
3.504159603314572309e-06
5.036023794153053200e-06
8.544728888241057404e-06
2.174109723042992216e-05
5.029313219198033142e-05
2.349059967679429519e+03
6.009144769826305067e-06
1.259914675311201659e-05
1.511739368772141792e-05
2.244919820842455197e-05
3.875443158670210172e-05
4.401190709374281482e+02
2.211177451569411701e-06
6.106251047198388955e-06
7.194916426691322464e-06
1.016163835662330534e-05
1.862278749493750409e-05
7.005021851085673461e+02
3.154404525008374749e-149
2.302693497441273263e-06
5.527386233828206944e-06
6.718540732743535767e-06
1.265106062437452682e-05
5.429553279519849411e+02
1.291195848268727762e-05
2.003438755747284053e-05
2.687507908222438720e-05
4.101452049267728954e-05
5.633240418413971166e-05
3.533849988806755391e+03
1.227416844537743951e-05
1.311987121697817581e-05
1.409702322476397740e-05
1.609984053479560055e-05
2.118515122104187479e-05
7.776675460873307202e+02
4.422600172462395291e-06
8.319025188673462968e-06
9.103218516343568607e-06
1.336485022102339959e-05
1.862278749007455580e-05
7.270523636108077881e+02
3.719707325823801730e-06
1.164317044562524670e-05
1.350082236169559414e-05
1.775343254235252561e-05
1.909496810416446124e-05
6.993798237959293829e+02
4.260017874444217234e-06
6.435206851976053213e-06
8.374563726656770036e-06
9.533429887293138366e-06
1.106358442004921692e-05
5.811716572076060174e+02
3.216784034284430439e-06
1.441020613722324171e-05
1.606092513233042156e-05
2.353402629415350206e-05
5.110050755095447338e-05
1.758087223925555236e+03
1.442808306026765642e-05
1.575456048497754730e-05
1.916269040968296666e-05
2.860435615649790871e-05
3.893349865980904386e-05
6.801451614912782588e+02
3.186459386249452218e-06
4.830762758664366255e-06
7.520801858169575807e-06
1.222913470888024813e-05
1.862278756108502761e-05
6.355821817998497636e+02
5.738621184759903934e-06
6.827684709191909065e-06
1.273885396026450889e-05
1.660488479141279010e-05
1.760582348905211035e-05
6.385227851831027692e+02
7.586801577076486484e-07
5.121130625509417899e-06
6.917473489934795850e-06
9.739286138385873040e-06
1.355006789293293995e-05
6.318552079679208191e+02
1.127329594334147490e-05
2.547542544678571056e-05
2.558912480255938173e-05
5.852239631816243061e-05
1.022010151019089468e-04
3.290240671672374901e+03
6.396917567782901957e-06
6.824647669240272619e-06
1.277512688773861834e-05
6.782123006718057082e-05
6.960823231692477313e-05
5.477096378844913716e+02
3.546103288195960952e-06
1.280323792293044092e-05
1.580829883092975345e-05
1.703693989020231293e-05
2.215652261624749821e-05
2.135940093073752166e+02
6.402610548549341576e-06
1.035930939858427959e-05
1.500597654878584417e-05
1.596561911517318104e-05
1.736135888968052889e-05
4.232175852991483680e+02
2.710224726176317130e-06
3.284033010131054545e-06
3.909447634506891618e-06
4.893440730217245916e-06
1.153418068399502311e-05
5.531058975362946057e+02
7.413491839531589388e-06
1.405700637849832166e-05
1.573299381099168941e-05
2.693833939583549714e-05
8.045292582704296818e-05
3.399739829673240365e+03
3.998513282960579014e-06
4.370899999459061834e-06
7.151229591543638144e-06
1.806339550591769564e-05
3.613351541135428999e-05
1.738786766995129710e+03
2.833006907727341671e-06
5.308853621294783038e-06
8.347418962363957218e-06
7.533005097979568747e-05
7.595282109162833091e-05
1.912953843288665610e+02
9.329083852905743811e-06
9.581345204582984121e-06
1.002152592968340062e-05
1.256630322015416646e-05
1.297340302543398879e-05
5.660253684619048045e+02
1.598924047721648079e-06
4.086575999948837673e-06
6.753473064502526357e-06
7.088949110102614297e-06
1.009962457765234448e-05
5.321683362748966601e+02
4.011625449753705314e-06
7.325211923906614013e-06
9.011006113266184592e-06
1.628404257511308762e-05
5.110050755095447338e-05
2.306385661003389941e+03
9.394851802548250447e-06
9.843804385160432924e-06
1.152365606031175021e-05
1.964775920699343898e-05
4.695221638268070821e-05
2.309584526045104667e+03
2.700510328139871402e-06
1.008441089901118698e-05
1.877267130287733993e-05
2.171892711120642055e-04
2.179655406833730239e-04
8.622329895920499894e+02
3.583004836222800167e-06
1.076799772753256263e-05
1.398688733478031373e-05
1.464583264110735778e-05
1.734992832705360157e-05
5.536817919142999926e+02
4.123076285677251773e-06
4.516689421446604843e-06
7.390392694476470826e-06
1.191091270766451535e-05
1.245106604469946219e-05
4.924734060261725972e+02
1.022610733241928061e-05
1.175282082847629860e-05
3.331810843953540209e-05
4.089267338456634978e-05
7.184316238639534239e-05
3.234096713425770304e+03
2.503150068684887706e-06
8.517693116647186331e-06
1.358848672929982514e-05
1.498016410851609547e-05
1.864462086622207791e-05
5.111716972702652697e+02
7.370241101016446081e-06
7.947416655730191832e-06
1.008477749735880611e-05
1.458371533710385626e-05
1.557004607692505978e-05
5.271341404144840226e+02
3.845460226117365941e-06
7.853166589005849052e-06
8.563057135994494031e-06
8.981687206134185566e-06
1.124438179012983965e-05
5.365744063967846387e+02
2.868240858638327949e-06
3.158552175288667954e-06
7.823135562002844065e-06
8.990668218287144029e-06
1.133264308776642151e-05
5.357317924003490361e+02
3.318062021170683306e-06
5.501723338990683746e-06
3.580706995884200776e-05
3.613351541135428999e-05
3.753313903651162779e-05
1.723828735647609847e+03
7.488403200358073776e-06
9.466247950952444266e-06
1.046607394185987382e-05
1.583627323461423399e-05
1.684185052301414613e-05
1.920693368915598285e+02
4.725816288079278402e-06
7.254391291668404937e-06
8.661953903257721209e-06
1.271271780356839442e-05
1.305476879777344286e-05
3.808948262029143166e+02
2.514768976300037443e-06
3.881471659381146850e-06
5.393233842137102481e-06
7.811196360508923007e-06
1.070517164214249196e-05
4.910742359246843307e+02
5.821836450587528924e-06
8.037905481950942318e-06
9.184925671291860010e-06
9.449907605087126968e-06
1.009962457925084812e-05
5.541135639371619845e+02
1.559042343759763601e-05
3.354876223847731763e-05
3.581514042714099345e-05
4.060646693263890661e-05
8.850867537081020771e-05
2.970111680796147994e+03
5.680666719491799573e-07
2.277941163369702523e-06
2.733445369506329288e-06
6.726859535592614093e-06
1.277512688773861834e-05
5.631731249207870178e+02
1.990441774900187816e-06
5.198668598419385176e-06
6.387563443869309172e-06
3.178004102677009290e-05
3.198016911171478686e-05
2.608653210593525387e+02
0.000000000000000000e+00
9.079032030007783553e-06
1.056929746384219171e-05
1.686609983481685677e-05
1.762107108307946183e-05
2.253210154068973452e+02
1.041356849115047357e-06
1.881940200057425300e-06
2.763276937252658028e-06
3.193781718300735435e-06
3.405562562647727775e-06
2.919509587818010914e+02
7.422650643993240039e-06
1.869532454002548557e-05
8.850867537081020771e-05
1.937286741790069722e-04
1.960167116663747312e-04
2.925314148329596719e+03
5.648374279074815427e-06
8.805174466627681390e-06
1.054174539521461002e-05
1.774344148605049604e-05
4.425433768540510386e-05
1.436447281677793399e+03
2.550856049430353433e-06
2.813634385146635539e-06
7.277297882077857067e-06
1.895675570241923383e-05
2.020926048183522097e-05
3.728002309711849875e+02
2.543252830505573275e-06
3.940167189284764296e-06
5.901079919443868798e-06
7.651119800658993472e-06
7.984454286606002034e-06
2.425237333824535142e+02
8.221228767529074791e-07
3.706981611833444142e-06
4.516689416853955780e-06
5.531007379556465755e-06
6.841836520308896606e-06
2.921263246993141252e+02
1.028709999947349803e-05
1.074540576712835590e-05
1.871093391857351021e-05
1.949129242947998097e-05
4.425433768540510386e-05
1.957902714370804460e+03
7.474956768931067393e-06
7.797902028601769121e-06
1.046388290917399882e-05
1.306800371696168775e-05
4.114790353627945021e-05
1.957902714371003185e+03
1.589632092607102334e-06
2.113437027656135140e-06
2.633742853175489766e-06
9.034112903103196080e-06
1.277512688773861834e-05
7.375252279709515051e+02
4.080441186389921495e-06
4.177601045858424599e-06
5.198145568683322191e-06
7.490082036374046500e-06
7.562940947038217735e-06
2.484386773101921335e+02
4.325439861190851966e-07
1.399432832016428397e-06
1.900388561938890448e-06
3.870205414749933503e-06
5.531792206442850867e-06
2.798383458963695034e+02
1.306933298689862019e-05
1.318172519235594383e-05
1.695584023896687370e-05
2.600295059717206642e-05
6.258508454853865973e-05
2.951401028326208234e+03
2.775526856847944304e-06
2.779089055392447728e-06
4.059202752938885050e-06
6.357420168373140672e-06
9.836171050787695499e-06
1.838221194347286769e+02
1.832021101513909910e-06
2.620456614072296062e-06
3.869593068470901219e-06
5.744153098271245258e-06
5.975018466022609253e-06
2.365560756360512471e+02
4.380633608039224697e-07
1.906861124774650294e-06
3.901032156311252181e-06
4.099659831741020402e-06
4.460961443210317583e-06
2.721435312167874940e+02
2.538596713240270605e-06
3.206631467624875517e-06
4.495376257664587912e-06
5.384682908691708837e-06
7.490082053865015975e-06
2.927219243702131166e+02
1.396829764096624486e-05
1.701046371658815692e-05
2.194333457616313399e-05
2.425494820687224766e-05
2.583609917734545195e-05
1.436330556145580658e+03
6.007875927950591331e-07
3.763349314496833937e-06
7.823135568567332466e-06
3.604758391065923358e-05
3.643946377500255406e-05
2.932180545873556525e+02
6.137410321487311981e-06
6.963998033902247327e-06
7.893633980820959713e-06
4.324614777390824844e-05
4.365529409511250178e-05
2.107212916520421402e+02
1.617781272585449089e-06
5.808187208953295674e-06
6.522129419149583352e-06
6.831743184829252148e-06
9.425516998552854004e-06
1.487301345885809383e+02
2.187579529452245916e-06
3.190862402826561436e-06
4.413377004752033096e-06
4.559142742594086398e-06
6.891228610172852744e-06
2.924120749460652178e+02
1.829342193642602370e-05
2.132617484705592702e-05
2.647029487800876924e-05
2.659311974108335557e-05
8.850867537081020771e-05
3.378027862932980042e+03
2.450926205144309627e-06
5.770534245869560302e-06
1.289546301118532171e-05
2.109772304286374573e-05
3.929136532038514249e-05
1.597552425291173677e+02
4.919523851345848941e-06
1.267113217730040516e-05
1.998328037343298505e-05
2.105247669496372950e-05
2.763442554217936152e-05
5.764604119674921776e+02
7.460694274165685334e-06
1.138486867408309617e-05
1.139473681023892497e-05
1.892716576256458380e-05
1.895250479120033635e-05
6.126315422232730725e+02
5.433797663972387112e-06
7.358775135135457372e-06
8.593564145244776467e-06
9.273244733901209131e-06
1.199661862988125919e-05
6.407449524417191924e+02
2.152688731149192785e-05
4.403159558554966841e-05
1.022010151019089468e-04
1.163340543447110242e-04
1.167833415872398677e-04
3.481113319131235585e+03
5.373629528422746585e-06
1.291430086002920348e-05
2.555025377547723669e-05
5.950997332255158687e-05
6.177584409491882313e-05
1.822624439279124772e+03
1.079921493507420723e-05
1.240654734568327251e-05
1.865206420679896602e-05
2.261899678367960636e-05
2.849557048524827208e-05
5.130592513789581517e+02
6.868391695874720982e-06
7.830623753879821717e-06
1.411557287903828799e-05
1.937687483008495603e-05
1.968779274712394362e-05
6.726705436498923518e+02
3.373728267895097126e-06
4.859693808981056235e-06
7.720487621135537886e-06
9.033378844854512781e-06
1.095477520586222562e-05
6.180597368888425081e+02
5.029973813444222931e-06
9.538432953840475661e-06
1.607236930469023030e-05
2.553809865748265379e-05
7.226703082270857998e-05
2.355619884936139897e+03
7.574922139551900457e-06
1.050008731387516597e-05
1.952072143591114241e-05
3.131861701609606050e-05
6.258508454853865973e-05
2.376611081588996058e+03
6.112995063567653685e-06
8.086385338214909364e-06
1.564627113713466493e-05
3.755023611366486861e-04
3.755825440677872519e-04
7.045149034702060362e+02
9.612088141888123276e-06
1.182587610146085470e-05
1.273452933224924527e-05
1.802534999258264612e-05
1.982151000351070480e-05
6.744876457843984099e+02
1.870415294649500117e-06
5.109802780733585697e-06
5.771412063844815152e-06
8.951695532373804619e-06
1.689990434507379071e-05
5.911951859786207706e+02
1.522877726057249928e-05
1.851189130230810543e-05
2.003885002326266765e-05
5.112636788698052064e-05
1.142642085686755164e-04
3.473732707582646981e+03
9.914703367719320025e-06
1.083136949277481666e-05
1.140958105223193740e-05
1.462031988851125951e-05
1.498016408035733894e-05
6.620788322383046989e+02
7.920339993781921442e-06
1.037115523908571874e-05
1.045435725697480043e-05
1.375498197380005328e-05
1.564627110560562191e-05
6.634774692716705431e+02
4.949897068811507312e-06
6.044609552725634104e-06
9.268881136146610886e-06
1.319638229707317944e-05
1.553096997527862394e-05
6.504949264606793804e+02
3.478758729345637457e-06
3.878918221825480366e-06
4.977078656469964198e-06
1.185466480890499415e-05
1.559055748651405965e-05
6.167138567142937973e+02
1.115360509376201877e-05
1.636667160138351380e-05
5.110050755095447338e-05
5.576154177380746751e-05
5.728741826416677309e-05
1.876072541050889640e+03
8.263018562051954158e-06
9.158587061518573305e-06
2.069807118535358211e-05
2.390433001424228934e-05
2.638936522543318332e-05
5.586953956707809539e+02
5.371982212870094943e-06
9.973454505377762214e-06
1.095824222409669583e-05
1.097610904158177008e-05
2.142453902223182436e-05
5.662343195308523036e+02
7.091703053357893620e-06
1.223702144888379649e-05
1.893495797143209192e-05
1.908644027697151027e-05
2.054842284652598600e-05
5.974935905962566949e+02
8.253910179125384221e-06
9.667767980636100036e-06
1.009962455406477914e-05
1.513309047242709536e-05
1.778035185563449841e-05
6.439287818622310624e+02
3.545968882381653990e-06
5.412806891337094323e-06
9.692946591592080377e-06
5.924074189578913506e-05
8.850867537081020771e-05
2.850201956862958468e+03
3.233210357103822102e-06
5.226529010564264390e-06
1.283259106586022364e-05
2.409905214721907275e-05
3.706986188353854491e-05
8.688503094189159128e+02
3.039907619473773168e-06
1.007415816669570724e-05
1.277859810524729735e-05
1.742685756206864098e-05
3.066875434998702851e-05
9.948422599711669818e+02
6.368279784786229974e-07
8.718208333671606780e-06
1.106358440033330026e-05
2.584355755791266728e-05
3.428221935376274848e-05
9.992939477435309072e+02
1.694297998310208415e-06
3.338258611455143599e-06
5.254222560441185704e-06
6.387563423593610463e-06
7.681259425411857204e-06
8.737558620194803325e+02
5.607454367694694337e-06
7.676964253232963884e-06
2.719549182273451235e-05
5.641318175849600029e-05
8.850867537081020771e-05
2.899140661580099732e+03
9.327823209028588729e-06
1.526761125763564128e-05
2.526795953106851311e-05
3.129254227426932986e-05
6.337279183875980655e-05
1.052240751204658864e+03
6.494065616652721897e-06
1.192811831318138028e-05
1.370765030933045139e-05
2.311522915889162530e-05
4.234024998726125641e-05
9.638198792486693947e+02
3.306792926498033144e-06
1.033749906304558838e-05
1.186508459721229276e-05
1.721728470561859599e-05
2.198296609004962414e-05
9.671738388167599396e+02
2.756003868837577953e-06
3.433122621024290369e-06
9.019386085050436384e-06
1.731160979790234616e-05
2.202657258924237312e-05
8.201521450684898582e+02
4.643060772583171240e-06
6.435373451073643352e-06
3.616236588074709692e-05
4.425433768540510386e-05
6.258517624931071689e-05
1.435918902304293169e+03
5.036003153340497550e-06
5.166025929860102348e-06
4.425433768540510386e-05
2.095248459806239275e-04
2.182815290132961606e-04
1.441871604037495899e+03
3.924577812797320648e-06
7.078142680474302735e-06
1.277512682081413014e-05
3.837829436852940716e-05
4.711843083467273901e-05
6.781895198401912239e+02
2.118509498411246422e-06
7.141513022601533318e-06
8.660647446398421519e-06
1.208106880723961320e-05
1.677497161649378279e-05
9.661139092355718958e+02
1.702754452535216588e-06
2.333859434670932071e-06
3.783418119240746919e-06
3.911567774440992614e-06
5.468294919469442291e-06
7.779285177013299517e+02
4.110460381545184956e-07
3.614059339402802960e-06
7.981181863537933224e-05
8.079699672582446525e-05
8.325875211384122659e-05
2.744476287580886492e+03
4.231831703461629773e-06
5.269017861698517755e-06
1.236946339603131957e-05
2.127364328803339112e-05
2.159414947860720973e-05
1.010802708065467641e+03
2.806483489341676017e-06
7.823135543891048568e-06
1.030462418513358085e-05
1.249295872218218032e-05
1.422298291458683172e-05
9.698448266724199129e+02
2.714055550617581776e-06
4.434187081656029429e-06
7.579260437164111745e-06
8.203332308211226060e-06
1.684214222796068364e-05
9.225731295071018394e+02
2.216759563080773547e-06
4.390519894579994054e-06
6.387563422630975306e-06
1.109262412528969507e-05
2.635226015548215961e-05
8.154876367265401313e+02
7.595035685458784257e-06
8.010479933871425540e-06
3.129254227426932986e-05
3.709627704108444844e-05
4.186455375618918244e-05
1.097088177550751880e+03
6.679152161177222944e-06
7.058999633811139428e-06
9.033378819005018795e-06
5.378432924333340792e-05
6.004411290162532807e-05
9.733637152155235981e+02
5.606161236573436427e-06
1.426500232787146167e-05
1.864907215941158115e-05
1.879042399916667664e-05
1.986518814682456028e-05
9.720787313521943815e+02
5.050288487382063540e-06
6.779311721220592047e-06
9.033378828140890853e-06
1.319116161326112374e-05
3.062510752995875211e-05
9.712337506749357772e+02
2.589155419761099215e-06
7.748977771491762543e-06
1.004197177634647444e-05
3.640908881803530008e-05
4.706119019174499155e-05
8.789032809438892855e+02
1.623931390722061931e-05
1.085445538857716491e-04
1.896103826285173803e-04
2.106008025191211401e-04
2.881634172061290993e-04
5.544271819468937724e-04
3.380911320749810898e+02
4.471022687525969559e+03
1.275953445112833651e+04
2.782385774434467521e-05
3.442051967180077571e-05
4.748271428377866688e-05
7.498137255554821216e-05
1.068649317884893830e-04
1.141521362293935300e-04
1.217911069140618565e+03
2.372120697995742375e+03
3.680359816436399342e+03
1.567983101028448093e-05
2.794205091163833675e-05
3.201278521190026576e-05
3.969336214185693553e-05
4.478786082723257885e-05
5.602845195718071864e-05
1.470682249322599091e+03
1.584619730181712384e+03
3.622849358948452391e+03
1.404431120011873064e-05
3.586895606294254187e-05
4.853254861336117653e-05
4.856337874397419419e-05
6.216534773943347900e-05
6.813793734551263845e-05
1.303086559602664693e+03
1.397936143288576659e+03
3.672801763504076007e+03
1.022010151019089468e-04
1.766043395852713799e-04
1.784944819707051699e-04
2.683397736962418734e-04
3.149910646441194100e-04
3.408469427628054403e-04
3.323927393857396169e+02
4.367168374740008403e+03
1.442572715988032360e+04
4.875597688547923038e-05
5.854884983667691062e-05
5.971010940405289052e-05
6.904777741185300977e-05
1.375135120075153203e-04
2.358318456510123359e-04
1.055593062070034648e+03
3.627481354464452579e+03
6.169144919227102037e+03
1.302976802079712301e-05
1.408925289003147822e-05
2.155753131188402927e-05
3.304075684332623297e-05
3.634676353544450620e-05
4.480314552727476498e-05
1.557353778421946799e+03
1.984057738687015899e+03
3.779243628496843940e+03
5.918875618284733148e-06
1.645713770313587978e-05
2.068139474869469397e-05
2.824452556444287661e-05
5.566976041084417372e-05
8.573157925599338744e-05
8.576019928061620021e+02
1.358073255275967767e+03
3.652254239258073540e+03
5.942268457409547800e-05
8.333265311971130263e-05
1.364604839545364165e-04
1.704664427890644786e-04
2.132705878099697486e-04
3.983509286748404847e-04
8.349326852180978449e+02
8.392222135783244084e+03
9.802303262623259798e+03
2.683530782021750657e-05
1.250268480514072072e-04
2.062668065161850069e-04
2.369658336530974872e-04
2.467087035617327958e-04
2.527245399748919092e-04
6.471720667957625892e+02
7.628986339885909729e+03
9.737527315526196617e+03
1.319850837150923442e-05
3.679544123416947051e-05
3.928522895566617413e-05
7.505497024442420824e-05
9.934060028683976129e-05
1.103808944088685931e-04
2.100820452970829137e+03
3.579449836512208549e+03
3.724662091785970006e+03
2.555025377547723669e-05
2.979380254634588824e-05
3.122544045784605862e-05
3.231930457795451875e-05
3.444216904635482896e-05
3.635318482336717102e-05
9.554567252757365168e+02
1.092520412463356024e+03
3.618636129379199701e+03
8.766677503346104443e-05
1.201983648198953660e-04
1.908386552233549884e-04
2.100964077656325142e-04
2.208093972226368154e-04
4.149158337353387100e-04
7.054720332613808296e+02
4.771747441453399915e+03
1.328151086400769236e+04
1.166392207021464752e-05
1.294932385872260612e-05
2.112532110159924382e-05
4.349553631012247453e-05
5.394888155830628593e-05
1.125433935762585621e-04
1.282557208174126345e+03
1.625829222097423553e+03
3.714551807300348628e+03
1.831494784867131396e-05
2.095833347783241648e-05
2.152000716983289413e-05
3.054290224499048425e-05
4.079132412903160789e-05
5.211655684175952479e-05
4.865751968130062437e+02
1.216937392741192070e+03
3.613648014614906970e+03
3.637821144468252274e-06
2.444319691799140014e-05
2.510151309602208321e-05
4.039791222290061752e-05
6.371264029079694779e-05
6.499983931750020431e-05
1.034812380563703073e+03
1.073718351607687509e+03
3.617982430011428733e+03
1.463791549494447874e-05
1.475906805450189436e-05
3.235531129960325989e-05
6.530403650512532187e-05
7.757560677513404578e-05
1.284181406170742347e-04
1.956187846572654280e+03
3.745886030917637072e+03
3.947180449790431794e+03
6.905224391589491351e-06
1.409893829823406192e-05
1.514702951781182879e-05
1.898638645510979296e-05
2.112732418815867829e-05
5.323159246144261626e-05
1.271136181581520304e+03
1.621371352609971154e+03
3.615479439647040181e+03
1.059602377559104034e-05
2.992768877185465181e-05
3.235424583123890573e-05
5.249322850402353738e-05
5.831479145279062497e-05
6.679906543084912919e-05
1.413998811965156847e+03
1.688169782698712197e+03
3.765931608097138451e+03
2.105868738523210900e-05
3.582326938562122406e-05
4.414298935877456463e-05
5.433408843004828952e-05
5.510051258790226331e-05
7.578276712804460043e-05
1.242686191330014367e+02
1.019152498434837526e+03
3.665286273502623317e+03
7.568503178222177005e-05
8.758452959484552369e-05
1.183406859224611591e-04
1.186709863258099401e-04
1.645374122900236820e-04
2.582110061128738772e-04
4.695659045195970407e+02
3.254357688935578153e+03
3.506629650519280403e+03
3.717472244314157706e+03
4.395264329484798509e+03
1.031858018658165020e+04
3.987718714240648193e-05
4.227104374846205617e-05
4.507778444321358804e-05
5.856381460635409341e-05
8.074602934307215042e-05
9.504761191094991582e-05
1.187062131198429597e+03
1.592084946298083651e+03
1.649707726942188856e+03
2.650955743878818794e+03
3.434814298427601443e+03
3.464878372821454377e+03
2.097701474674860093e-05
2.915482637533243715e-05
2.967123510068158247e-05
3.369893988537548286e-05
3.437054247775551068e-05
4.074762722270299669e-05
1.004886433195272730e+03
1.434487260730617663e+03
1.540087103527708223e+03
1.620689401986518305e+03
3.399483591465989775e+03
3.440861503263704435e+03
1.307503496596015320e-05
2.865132028433951358e-05
3.618643187726068117e-05
3.715987266383716947e-05
3.830138357967720157e-05
3.843066145209465156e-05
1.145820994252334913e+03
1.304552243002484602e+03
1.429603142913516422e+03
1.524185745285777557e+03
3.406631754012127203e+03
3.435947150756139763e+03
8.787366098757782673e-05
1.454354867323551237e-04
1.471719705187908252e-04
1.749335861398887415e-04
2.008115730795618993e-04
2.926246131978263464e-04
2.094636140289413561e+03
3.452063151033585200e+03
3.544518404781330446e+03
3.558551452292506383e+03
4.042615096634417569e+03
9.412190376597429349e+03
1.431727356934982997e-05
3.330151491365627411e-05
3.357640475905680213e-05
4.144882228768621818e-05
6.683020224765714795e-05
7.933470748535179345e-05
7.092929075366357665e+02
1.330263576819197169e+03
1.696846710078759543e+03
3.278160715789669212e+03
3.523574503372779873e+03
7.568831884004534913e+03
9.067542762016684760e-06
1.864610849591780009e-05
2.965834167265700094e-05
3.329890930831412989e-05
3.474340525874172167e-05
5.400823018133939761e-05
1.167363066831845344e+03
1.580453443586284266e+03
1.614809377719743679e+03
1.907539063107800530e+03
3.417295390618476176e+03
3.444612002598203162e+03
8.018375552730862805e-06
1.208220814971489066e-05
2.102509255235584422e-05
3.523978990416299956e-05
4.883216514347214218e-05
4.988134403374051390e-05
5.242233151214569489e+02
1.185374710045673737e+03
1.427806410756686319e+03
1.503995574094952417e+03
3.406980715751396474e+03
3.444560291370003597e+03
1.241677595401265459e-04
1.832233696292019925e-04
2.520562077054113695e-04
2.737673077271351790e-04
2.762365442694299429e-04
3.233101695307349834e-04
1.467257627851132611e+03
2.955830362308415260e+03
3.191680880633356082e+03
4.706076586244609643e+03
5.928573658275563503e+03
7.098471990573739276e+03
2.444698155569722839e-05
1.203265071894649325e-04
1.280264667605762047e-04
1.625249226409728907e-04
1.758783131681925492e-04
2.411932670772413783e-04
1.867581700002619755e+03
2.041438095069899418e+03
2.214777620129585102e+03
4.571762086733076103e+03
5.195399333328719877e+03
1.034500308920669522e+04
2.381511613721309871e-05
3.134505322722160649e-05
3.349642505994787769e-05
5.679678779108904605e-05
8.358514029978583411e-05
1.117397467980024885e-04
9.406604358530064474e+02
1.599933665133481099e+03
2.029325071446980928e+03
3.004725359927051613e+03
3.379964806644870350e+03
3.455368273109174424e+03
1.072551896169041032e-05
2.825500064440217453e-05
2.940695440970406219e-05
3.095265798402164949e-05
3.603076384381990679e-05
5.443108313943891767e-05
9.438105647605779041e+02
9.635912620892067935e+02
1.009655545853150784e+03
1.428277730335008300e+03
3.398914155626462161e+03
3.446352504314453199e+03
6.555665360870616013e-05
8.335925132371201725e-05
1.432537412562692074e-04
1.491675247686998385e-04
1.582807614555484178e-04
3.793987373907198573e-04
3.343192296909594916e+03
3.546817715318742557e+03
3.560286347209533233e+03
4.456799911010856704e+03
6.840887154749269030e+03
9.866482761146606208e+03
1.865699695350019467e-05
2.018883395164650950e-05
2.502656012592429453e-05
2.712318121306169801e-05
3.502941607108601106e-05
3.873435184014673097e-05
6.345077886402867762e+02
1.162525676481174742e+03
1.492582967799220796e+03
1.506520883175945528e+03
3.404954442885300523e+03
3.445936529832566521e+03
7.968201262439012015e-06
1.775794420054884525e-05
2.324156910680613472e-05
3.777457577128992018e-05
4.332200983915863849e-05
4.717639541029853547e-05
3.484510837178540328e+02
1.095211533754175207e+03
1.370689227397691866e+03
1.478850822384220464e+03
3.400868627138288502e+03
3.439144413710444041e+03
1.859385239630111225e-05
1.884499484951539778e-05
2.389677898200308134e-05
3.150870920111919468e-05
3.736235902211919590e-05
4.172581393661392704e-05
9.875669815739231581e+02
9.956841166474961256e+02
1.050159990488761423e+03
1.437008606488989017e+03
3.398134030311060087e+03
3.444486160583729543e+03
2.448801217309504473e-05
3.325191747046367358e-05
5.841298144536247584e-05
6.808218539722841556e-05
7.313216376408775718e-05
9.137768147556502767e-05
1.107984057671018036e+03
1.433325811241896417e+03
1.790751246664131941e+03
3.000298127523364201e+03
3.449519431433781847e+03
4.215540397193495664e+03
2.264843768814750252e-05
2.544548396532748063e-05
3.160986105117084296e-05
3.376084526930451022e-05
3.408619880036759848e-05
3.486428176485543593e-05
1.137128051670577179e+03
1.463366371172040772e+03
1.546491492314307834e+03
1.579584325706539857e+03
3.417542043018335789e+03
3.455351543791237418e+03
6.303110251961197606e-06
2.577354620180754682e-05
3.156992602679086797e-05
3.625331322448352065e-05
3.858853148172673573e-05
4.550428141053317841e-05
9.767575205123821434e+02
1.231961482978509366e+03
1.415938925660955420e+03
1.525073240111441464e+03
3.411146392104974439e+03
3.439255771028065283e+03
1.388478433046572766e-05
1.652012528261693014e-05
2.343249269247505321e-05
3.466820682983858936e-05
3.969508897988504990e-05
8.093536300760717896e-05
7.674819266854005946e+02
1.439959345625303968e+03
1.641915497745508219e+03
1.757622619402953887e+03
3.365339767635369753e+03
3.376824592961620056e+03
