2.658156334348260597e-01 -1.112077122208567775e-01 2.112065557997444554e-02 -2.002720003910800003e-02 -1.853332394077163115e-03 -4.984102746887637261e-04 -1.284313780163459651e-01 4.055078025372794298e-02 -1.378689763024253667e-01 -1.373560733143460721e-01 6.714745769674772269e-02 1.242884022757669016e-01
-1.112077122208567775e-01 1.003519446401729687e-01 5.521003563600895836e-02 -1.822443101249004646e-02 -3.275547437779982030e-01 3.288884575964085011e-02 4.447138155001315041e-02 -3.737338952978790790e-02 5.123716367266367006e-02 7.815416928067601965e-02 -7.857897852879688894e-02 -9.508486654795379744e-02
2.112065557997444554e-02 5.521003563600895836e-02 5.674901172786640524e-01 8.338871160986021476e-04 3.493484367335560753e-02 -1.828826478939323333e-02 -1.778111671314879794e-01 5.524316961909243873e-02 -2.773545184228660143e-01 1.625827237184128971e-01 -9.946199842667548252e-02 -2.452191136978572328e-01
-2.002720003910800003e-02 -1.822443101249004646e-02 8.338871160986021476e-04 -7.673509288418236575e-03 -6.852943267320650220e-03 -5.387600410519948098e-03 4.063417737745765243e-03 5.964495834653433387e-03 -3.962170886370484923e-03 5.348672894737397515e-03 7.010431098805531593e-03 2.250274580785490905e-03
-1.853332394077163115e-03 -3.275547437779982030e-01 3.493484367335560753e-02 -6.852943267320650220e-03 2.183866302675145643e-02 6.786898289254744698e-02 -1.453466760889695914e-03 7.200855462175225754e-04 8.347852848976936501e-04 -1.691528934071162069e-05 -8.625119331616807900e-04 7.722668865355867716e-04
-4.984102746887637261e-04 3.288884575964085011e-02 -1.828826478939323333e-02 -5.387600410519948098e-03 6.786898289254744698e-02 5.558369734066651718e-02 -1.581242826686673174e-03 1.018218876420118671e-02 1.537356274036723140e-03 3.572006477189821911e-04 -9.321588032204597071e-03 2.299822679424293713e-03
-1.284313780163459651e-01 4.447138155001315041e-02 -1.778111671314879794e-01 4.063417737745765243e-03 -1.453466760889695914e-03 -1.581242826686673174e-03 1.213962993304592286e-01 -4.022133285532964592e-02 1.546166751907755710e-01 9.514744330718886631e-03 2.722847022227920920e-03 1.792384437829856389e-02
4.055078025372794298e-02 -3.737338952978790790e-02 5.524316961909243873e-02 5.964495834653433387e-03 7.200855462175225754e-04 1.018218876420118671e-02 -4.022133285532964592e-02 3.364700715987400947e-02 -5.350578168067865459e-02 -1.442779553036782755e-03 3.002086736158721385e-03 -1.238206454982005746e-02
-1.378689763024253667e-01 5.123716367266367006e-02 -2.773545184228660143e-01 -3.962170886370484923e-03 8.347852848976936501e-04 1.537356274036723140e-03 1.546166751907755710e-01 -5.350578168067865459e-02 3.114371930849992309e-01 -1.757514708283886701e-02 2.181672422098564386e-03 -2.998058738937759565e-02
-1.373560733143460721e-01 7.815416928067601965e-02 1.625827237184128971e-01 5.348672894737397515e-03 -1.691528934071162069e-05 3.572006477189821911e-04 9.514744330718886631e-03 -1.442779553036782755e-03 -1.757514708283886701e-02 1.232947893452531613e-01 -7.695376642605539219e-02 -1.407597345573199377e-01
6.714745769674772269e-02 -7.857897852879688894e-02 -9.946199842667548252e-02 7.010431098805531593e-03 -8.625119331616807900e-04 -9.321588032204597071e-03 2.722847022227920920e-03 3.002086736158721385e-03 2.181672422098564386e-03 -7.695376642605539219e-02 7.000409765307985532e-02 1.063028373225553685e-01
1.242884022757669016e-01 -9.508486654795379744e-02 -2.452191136978572328e-01 2.250274580785490905e-03 7.722668865355867716e-04 2.299822679424293713e-03 1.792384437829856389e-02 -1.238206454982005746e-02 -2.998058738937759565e-02 -1.407597345573199377e-01 1.063028373225553685e-01 2.727947254609994210e-01
