2.431185581406229423e-01
2.027024032274365450e-01
8.088415646988107444e-01
0.000000000000000000e+00
5.945336934948829838e-02
2.753749750375233951e-03
2.424293598765429463e-05
2.136595489070732511e-03
1.430868712909889526e-02
7.935570734966202128e-04
6.730963823588620009e-04
1.844862620379142740e-02
2.533615363435777913e-03
1.224287013634992559e-02
4.413519293517673137e-02
9.589090229858935471e-03
-2.242179792719234508e-04
3.785887678473116164e-02
-5.057891933989792639e-05
4.459137370731810004e-03
1.019952564482101351e-02
1.642558189151980055e-02
-4.048572862869385600e-03
2.761142372923826652e-03
7.935304050237042620e-03
-1.761833398011021902e-04
1.223199022761504605e-04
2.892162735928383108e-03
2.277430823140358276e-04
-7.536453049790618058e-03
4.806778294336059264e-03
-1.113685583658482114e-03
7.346579965151208737e-03
5.084159098665434057e-02
4.734845149831063554e-02
0.000000000000000000e+00
7.370963545035176534e-02
1.537769790556682212e-02
3.126099960553003348e-02
1.205305030483178400e-02
-1.683838178168609858e-03
-1.433517149696276463e-03
8.157593346824162147e-04
-1.694517570281065845e-03
