2.035678337158256315e-02
8.048988967592556401e-03
8.420928301803714433e+00
7.696995289015792774e-02
1.197055596353043455e-04
1.419209052835842036e-04
6.245045391749156618e-05
1.865773109081899370e-03
5.465335153090696355e-03
4.426083202240989887e-05
1.489331006187570247e-04
6.071331387348703063e-02
3.143831398472555496e-05
2.449010985264488214e-03
3.110861389743043316e-03
-2.608598262035706912e-05
1.369383157583318577e-04
5.774543099778420806e-03
1.315681128992644388e-04
4.538058297030023169e-04
4.171558281325093715e-05
5.903173182525053018e-05
9.247967194673616098e-06
-8.772843079400220723e-06
3.499436451535572253e-04
8.568800806433667084e-06
-8.836445885955039931e-06
2.276246857069175178e-05
4.904916575122856968e-05
-9.696737464833423542e-09
2.035087245104631292e-04
2.682841532064550534e-06
1.860112178970159738e-04
1.334701352246751285e-03
1.342797486950357165e-04
0.000000000000000000e+00
1.007811906877857211e-04
1.592044963671956827e-03
9.733337780673720059e-05
-5.469059889589012173e-05
3.936881751872937512e-05
1.135674943336291815e-05
2.572097498552879599e-05
2.510463895869878209e-05
1.431308543449068792e-03
5.425129851671280914e-04
1.165809835632562296e-04
1.677496796323622386e-03
1.404225325645043210e+00
3.326464208083616396e-05
2.111003988971771415e-03
1.109774073635735991e+00
1.880281578221509943e-05
8.554351472320235409e-04
4.795628958791287380e-03
1.077998820762019860e-04
1.041435616598418407e-04
1.194316516133375793e-03
2.289505090058794462e-02
4.473068550795508019e-04
3.064388363143303652e-04
2.706403544568599433e-06
-3.058323443512941242e-05
7.075563151583234020e-05
3.108088369348690000e-06
1.250291409961394110e-05
1.046201155574225968e-04
5.122829117021332479e-05
1.011118667030667462e-06
4.216460645848626315e-03
8.272962462104367653e-05
2.553206385912372943e-03
2.391272234196534577e-02
8.075812460142750213e-03
2.647785171074742093e-04
0.000000000000000000e+00
7.830832021766080122e-05
4.310914111593048821e-05
-1.132188099919328971e-05
7.657611510685816917e-04
-1.162640459296741368e-04
-1.524531797452895571e-05
5.070063539761212186e-05
5.202048655708058214e-05
1.861491660433604520e-02
2.040534852576862126e-04
-7.589614052857148300e-07
8.279389157557956097e-06
3.401813823311764743e-03
2.408217772739510847e-05
3.103548743105721732e-03
7.380577522670303016e-03
4.045486326087477549e-06
9.306979456324674825e-04
4.133939400499479495e-04
1.185149228414505930e-04
4.834736114315951847e-04
4.380325869698016922e-06
3.589841294138196304e-05
8.631492537188496805e-06
1.202253099085244970e-04
5.405484943911502269e-05
6.576048597349467553e-05
-1.343702748567802522e-05
3.793057849849438559e-05
1.097276764462732715e-05
5.415230139075670118e-06
9.039839822214309746e-05
-3.630564394616619814e-05
3.431651941601850526e-05
2.168859032040411751e-04
4.605604541459603316e-06
2.428792383168953792e-06
1.476087243332813193e-05
1.533653988441925967e-04
0.000000000000000000e+00
6.990715304773983421e-06
6.873215881115928060e-04
5.597757668936628039e-06
-4.804594646895162522e-05
-4.007266454827037269e-06
1.210109392087025727e-04
3.968519317380329181e-05
5.168407532685215075e-06
1.795798129028292750e-02
-3.815514778785870231e-05
1.098356198695101400e-05
1.356867016359786238e-02
5.725106289599471996e-04
7.896290955397530006e-04
3.992893807332808858e-04
1.264780081485309716e-02
1.730131717536664752e-06
1.079292688854634717e-03
-2.468847297328509788e-05
2.993930500016320985e-05
7.135458266960270804e-06
-8.267652733036829854e-06
1.594409199943136321e-05
1.471740703640496807e-04
3.316860875142898284e-06
3.913215801243374700e-06
2.449275973989510218e-05
2.536553865773635074e-05
5.510060128766092361e-06
9.015384232546886490e-06
8.355551811739155563e-05
1.613692106098666906e-05
6.436899527582085599e-05
7.979962573882263071e-06
4.519664644739111308e-05
7.147921058038446450e-04
6.966206048573120855e-05
5.751230843272781001e-04
0.000000000000000000e+00
0.000000000000000000e+00
3.110962688964350950e-03
1.841481189114609453e-04
-2.149683355492371242e-05
2.411574799230153997e-04
-9.605129793599510147e-06
3.513241994383224134e-06
-3.318991677325004437e-05
1.452208796597353956e-05
1.926983585400628639e-04
5.538019255346471109e-04
6.826067585817460195e-05
5.924916998119670805e-03
5.586325895549008706e-04
7.178944988208332259e-04
1.992421994146731433e-04
8.892433766504330428e-02
7.465771554242550678e-04
1.183527536403161635e-04
1.494057213537473318e-03
2.391996961075282190e-05
1.817375642976237771e-06
8.581042860796861405e-04
-4.646438745172787457e-05
-7.003313172182501150e-06
1.341060088176545192e-05
9.424089278908069352e-05
-9.726754483356063791e-06
1.750013704896839423e-05
9.193423608174396483e-06
2.699135495027871269e-05
-9.927651988113813435e-07
5.698754143105647796e-05
3.139161721824305527e-04
2.031174930055742176e-05
3.693825929015718683e-05
4.948248285011243726e-05
2.589589306893151990e-02
-5.450134739128920238e-05
9.694617496663922654e-03
0.000000000000000000e+00
1.439839960331938153e-03
6.886210996204973904e-05
0.000000000000000000e+00
1.220707957864863944e-03
1.263897785602548663e-03
8.586906145292930734e-04
2.537579344109216272e-05
1.924412892505400442e-03
