1.714244113885429743e-01
2.422817183444631386e-02
8.922157634432123161e-03
0.000000000000000000e+00
6.743786151803302879e-04
2.661986903143069311e-03
3.800569557436498715e-07
2.947257770236818013e-04
2.284709174588635597e-04
2.778606892498795229e-07
2.284665798690947215e-04
7.222594889336297463e-04
2.395355880109454661e-04
1.570325253079133895e-04
1.079583097755302612e-03
4.553674784063543868e-04
4.488352435796372355e-05
6.843065452313427987e-04
6.611076052993899001e-04
2.658721582318879055e-03
-3.320156378950889220e-04
7.179402033424154162e-04
1.317476231319651193e-04
4.693344941086123319e-05
2.180150758898250830e-04
4.036358247926438042e-04
5.473348883634414179e-04
7.376118841699863538e-04
1.633093652883443772e-04
1.927000046899400056e-03
4.990668883428398764e-04
7.012272559253333480e-04
1.184315350227353320e-01
5.400909116213640235e-04
3.118651570823471669e-04
0.000000000000000000e+00
2.335850187803638085e-03
-1.278114350760528486e-04
8.138501668473222331e-03
3.770288653509146323e-04
6.093381313236290349e-03
1.305538563928820145e-02
4.264045587927419584e-03
8.814896872836926883e-03
