5.580702093706957356e-01
7.738497668233333682e-02
4.099728456931517329e-02
0.000000000000000000e+00
1.507771981288181726e-02
-9.540218350403195441e-04
6.571493862406186356e-08
-1.105069917859479584e-02
-7.855804613593697638e-03
4.848971592559999511e-05
-4.861916315454605994e-03
-3.171876640757553909e-03
7.989196799241001347e-04
2.246375025232009732e-03
-6.003997603020453516e-03
-2.243869742434075488e-03
5.867452145528736195e-03
2.368281955868402344e-02
-7.555815656607152778e-03
3.557386472046982287e-03
1.344354893245968546e-02
-6.223804715783876279e-04
-3.069993077873515389e-03
1.577747428122133668e-03
-7.749473626728538636e-03
-5.020454217086041566e-03
-5.687380652467647311e-03
-2.992951900459494934e-03
6.777956544505725142e-03
-6.070016514979981528e-03
3.580804385831363752e-03
1.562793824885531230e-02
1.558271875115275484e-01
2.612937676073874907e-03
-5.904771763356774991e-03
0.000000000000000000e+00
6.209337825998222787e-02
-4.808534707225768125e-03
1.260397376724020635e-02
5.516248637460570946e-03
8.415097220932166514e-03
1.318538997711096901e-02
2.734119437385958747e-03
2.203217028866063121e-03
