3.484303404364952339e-02
1.484412256323884398e-02
1.054023481569478005e+00
9.949947864710076764e-03
3.376210410888091844e-06
1.860656968450946703e-05
2.822042380968096671e-04
1.596751878469785779e-04
2.430650477224016780e-04
7.917384757775518245e-05
9.275113644391374412e-06
7.146754197522086965e-04
3.093535283804627056e-05
4.329010985524295172e-05
1.360374437929505074e-04
3.157837320340769327e-05
9.248754487568196518e-05
1.951747884061383399e-05
2.607749168669052818e-04
1.614403908156702983e-05
-8.714179116248536308e-05
6.371092536534561375e-05
-7.063863223984631051e-07
7.272480919800668739e-05
1.063771674520985755e-04
3.715041815611404567e-05
7.985480373233026774e-05
4.340873635672407862e-05
-6.063484400405568484e-06
3.014099298107882465e-04
4.068613304061644980e-05
2.244849568409090643e-05
-4.461694102148398291e-05
3.223542097422112536e-05
3.028919546402460556e-05
0.000000000000000000e+00
9.241854511847410461e-04
2.286105175333859736e-05
8.139931805054937552e-06
8.227157731068856518e-05
2.942338962793167420e-04
-5.315713068846742584e-06
8.046889532928128434e-05
4.290300042308163304e-05
4.309575950358635190e-05
7.184101693936313930e-05
8.368372282183974111e-04
5.495524688778896525e-05
1.874868571379028487e-02
6.909286290660196213e-05
2.127023369065857754e-06
6.090052343017404452e-05
5.761646986689831769e-05
2.297137812795983227e-05
2.274754233144715698e-05
3.608604353718310864e-05
3.216759314040433006e-03
2.056504213547860548e-05
6.342905486516059726e-05
2.188508039852413991e-05
3.192999928172864517e-05
6.050047898913391280e-05
3.985313889128446269e-06
8.797570365255413534e-05
-4.870616781020113006e-06
7.916370258791438901e-05
2.859884515880780284e-05
1.102850775734909305e-04
7.778736232729863143e-02
4.145888038935026387e-02
8.762500766702116181e-03
3.563720533524549622e-02
6.766853945053620534e-02
3.413177726829371306e-03
6.677347079848535046e-03
0.000000000000000000e+00
6.729387823929992678e-03
-1.531734277498975061e-04
1.004923535704212644e-06
4.355141636162174028e-03
1.760548242301768554e-02
9.035613776683744727e-03
8.759424898382070141e-06
1.663867013233195566e-02
2.722042194899465745e-04
8.500768517013904417e-05
0.000000000000000000e+00
1.230593151352839590e-04
-1.651691646556652238e-03
9.881128008326634638e-06
3.243977102451722602e-06
2.335141268408798683e-05
1.783985849842369630e-04
1.944891705446908650e-05
1.911097701815892871e-06
-1.697375233978467356e-05
-2.230276511790603783e-05
2.935320555626693212e-05
7.202815450198703578e-06
-1.379421279410486568e-05
3.667291246224706056e-05
6.772665883003625709e-06
-3.542252801934282915e-05
3.502110099954750677e-05
-5.338652394715204252e-06
4.912890295175979836e-07
2.865328265685048327e-06
-5.477345573456915079e-06
5.450551824045154167e-06
6.652295451559838151e-05
9.306282302482908216e-07
9.477021071196597144e-05
7.639403485236951003e-04
1.550520518270870340e-04
-2.079628693771873180e-05
0.000000000000000000e+00
3.931853811529754440e-04
6.290766644726867451e-06
-7.363601645401137055e-07
1.006714737627293736e-05
3.684461465030800962e-04
-2.813208406671208301e-07
4.662967885230943052e-06
3.076542207161100267e-04
3.305257038599999312e-04
8.687278324317555984e-04
4.864231010343426367e-05
1.059893830194575878e-02
5.151849119295892350e-05
5.388816800907895581e-05
-2.631233716970567680e-05
1.663601360086216011e-04
1.250557687336432576e-04
-2.573653979116574743e-05
4.179649225898677818e-05
1.957422257384451998e-05
1.062563216175667872e-04
-1.461644109597889060e-05
3.170957947492188642e-06
4.414281964059152755e-03
-2.754394790708640252e-06
2.659296801092262891e-06
6.179011184566837161e-07
1.301587575447034734e-05
-1.062284684774021215e-04
-2.889258041472627446e-05
1.627386172753375562e-06
1.684969512361078508e-07
7.508170920988987550e-07
-1.000444983514444275e-04
-3.198326939068962604e-07
3.180502711153850308e-05
5.503844666092607557e-02
5.777781408637198279e-05
0.000000000000000000e+00
0.000000000000000000e+00
2.052475473480893861e-02
2.013943628653702689e-05
7.800609413114814955e-06
3.204292533430426617e-05
-1.045699958140226398e-04
8.802357700425922631e-05
-5.547345059457124726e-07
3.139274179978131658e-05
1.024054121727679888e-05
-2.938782620575489880e-05
1.475925749531592393e-04
5.923206224690928521e-05
1.923415756657146757e-04
6.779842355413438814e-04
1.385341798523898158e-04
3.838528617011534652e-03
3.374997849286624340e-03
2.162745072838608441e-06
6.349743722610471926e-05
-9.087826329238583506e-06
3.280535409936705984e-06
7.559288427502567091e-05
2.147652464919621271e-06
-5.337464805836115385e-07
-2.105265458340888243e-06
1.913342026159300032e-05
1.866340864897786347e-06
8.156774257879936458e-06
2.006086318134592315e-04
4.569846779064097766e-06
1.147817934208372782e-05
-2.019564360559537313e-07
1.228924815327066650e-05
2.486441538419962641e-05
2.096166211738026284e-05
8.725025020028809520e-07
3.583728432199784100e-04
1.201917580517649297e-04
1.292000365406516585e-04
0.000000000000000000e+00
-4.128081718045188003e-03
-6.293905950189119527e-05
0.000000000000000000e+00
9.378648751320698156e-05
-2.138989676829054426e-05
6.938097973881636640e-06
-2.627788995354318974e-04
8.044897103080354224e-07
