5.949702188992287422e-01
7.932806526057460672e-02
3.230683987717197087e-02
0.000000000000000000e+00
2.458760715843144682e-03
4.151230865120888232e-04
-3.676276790987031761e-07
-7.153004035807600941e-03
-7.682772582477877601e-03
3.046727229249590716e-04
-1.541027731717751483e-04
-3.809553983532280603e-03
9.333919656011675954e-04
1.500332276462645800e-03
-9.341327858892982741e-03
-1.240283918453914279e-03
-9.098993075999114001e-04
2.741608827471907900e-02
-9.095428218075704216e-03
7.829694386237484377e-04
4.870113108024017382e-03
-8.063396171271778462e-03
5.790005165750307771e-04
-3.053658696062289298e-03
-1.028670548708929093e-02
4.685885471067408048e-05
-1.419676825773241811e-03
-2.875951101889658457e-03
1.194272091064337406e-03
-1.013603994941133244e-03
3.791665877690020107e-03
7.091139129622551183e-03
1.117289870303933980e-01
-4.034109826919526041e-03
-6.315613326663009662e-04
0.000000000000000000e+00
7.417501264955904394e-02
-4.434579875112716792e-03
-1.524125511426517978e-04
1.087330117440572438e-02
6.309613740705244042e-03
1.322272871310698969e-02
7.866951373847112620e-04
1.389429512701567671e-02
