3.061248719828077100e-02
1.446486101634248539e-02
1.299510731025982357e+00
6.589554649677890549e-03
5.332971860264971309e-05
1.091298287761555103e-04
8.124207790582168133e-04
4.185399834435665984e-04
1.158201492557453570e-03
1.279227479700217800e-06
7.299409163709450485e-05
8.873658489640204880e-04
8.443723489152492312e-06
1.564512749496108947e-03
5.587956505121264574e-05
5.930479001977258935e-05
1.218168242991398429e-03
4.944250277890324144e-06
1.765094443934393245e-05
9.633451749346081945e-05
5.097871721428208345e-05
2.842033107908944266e-05
8.023577575237232629e-05
2.135022600165588719e-05
5.420890298253322199e-05
4.479890489544521013e-05
1.245709112956812858e-04
5.423326008834328249e-04
1.226702234457421772e-04
4.695242102059256632e-04
4.370618687680553205e-05
1.865932178184500246e-04
7.956668617978761120e-04
7.666042562678072891e-05
8.834814339927425479e-04
0.000000000000000000e+00
2.271414192860706383e-03
8.657114237181555254e-04
9.419528734640655092e-07
8.687680918439226181e-05
2.443498526730388394e-05
6.038412645607375236e-07
1.721200070696759997e-05
1.002223717650944478e-04
7.035156693663872311e-04
7.491860226012114494e-05
1.402555211033991922e-03
-7.067524226978279646e-04
8.469007585215434022e-03
4.764865300831051955e-05
1.599110820667067501e-04
7.592701570957371754e-04
3.644161402701480922e-04
1.180842473214038790e-05
9.019999011723456306e-04
1.339574028065423092e-03
3.563072766608654622e-03
-4.454568530036044288e-06
2.850644827971926464e-05
1.697812658895969619e-03
1.089700906754302156e-03
3.535438092690709044e-05
3.845070998386527768e-05
5.490458553755257938e-04
5.067578926462405347e-05
9.673876582329358218e-05
-1.472409487957016026e-06
5.725055003359847284e-04
5.553341737436791326e-02
6.441239215996640011e-02
5.126886267236045562e-03
1.955237128341884636e-02
2.355973560012219678e-02
1.903907063881586257e-03
1.655816479113077569e-02
0.000000000000000000e+00
5.721421593296708435e-02
6.270067035315148854e-04
9.426370633569325147e-04
3.781431513677143384e-03
1.835244295739240847e-02
4.188671014111452172e-03
1.603072357204323516e-05
1.887377063445301248e-02
3.418844978565120304e-03
-3.209162453132741262e-06
-3.650251212405919432e-10
4.209319534044316685e-04
1.854352707658287467e-05
6.999033576919148553e-06
1.243578225347145415e-03
2.071788267685947761e-04
1.601994867696558353e-04
9.491261535002534484e-05
1.685389096580299301e-05
1.030128772642709524e-03
2.662538933535518805e-05
-7.202688796244712158e-06
6.083804848046048264e-04
1.872385655743435962e-06
4.743816947031890757e-06
-3.308060979433221304e-04
6.165900652441639977e-04
9.872305502023336776e-06
1.515702346300236761e-04
-6.290008001859822280e-08
7.246300107361787436e-04
1.445152236813340750e-03
1.144608903225867013e-03
3.516464393481892321e-05
1.652585817764714270e-03
8.129213560710279736e-05
1.728406191057400409e-03
1.679487973217745137e-05
2.812201323327823200e-05
0.000000000000000000e+00
1.427919524664759488e-03
-3.083942935477572032e-04
6.281032559514250664e-04
5.254349016746855160e-04
-2.573657558301967294e-04
3.170009650449075731e-05
1.016243990196123237e-03
1.067026816413973967e-03
4.156141428551999792e-03
7.207307067454612453e-07
1.895431325879585679e-04
2.295803118729374329e-03
2.606086040906063704e-05
1.671288109797626904e-05
2.997947504461029203e-04
1.058614732050370665e-03
4.317984915516159952e-05
3.381510331427565754e-06
3.977237943889969796e-06
1.049975713652469729e-05
5.128625260653052295e-06
1.511061159908955134e-06
1.442891259283052242e-03
1.306683911627952053e-04
-1.049375089792192705e-05
-1.973714455575740428e-08
7.979162875019577779e-07
-3.165363984628892227e-07
-4.255162271641725263e-06
3.059549134920199203e-04
7.563018915453708491e-06
8.256915394215802451e-04
3.590614255125264693e-05
-5.788254635733883913e-05
4.810448037454821341e-06
3.023164228799224248e-06
3.965309944587147410e-03
1.215768800999272924e-04
0.000000000000000000e+00
0.000000000000000000e+00
3.779296102187105350e-02
-9.012848256606531550e-08
3.735093893590206003e-06
6.811975835168422979e-04
-2.609802566115130598e-06
-2.719861529230094141e-05
1.366875038143848080e-05
2.374498726966156603e-03
3.668767246944870664e-05
2.364153593150675328e-05
2.538717733396422924e-04
1.160265439192009697e-04
4.889413774786059290e-05
3.047247049350102887e-03
8.924520572928251061e-06
9.928315133702720827e-03
3.286348266626859613e-03
-1.859788798156773292e-06
6.454375539137006945e-05
2.513224874904906801e-05
-3.160364765812199708e-07
5.494742625221426873e-04
6.306565017709061301e-04
2.087822925974276976e-06
4.344876366695952369e-03
1.087813166692856322e-06
5.326555774276542365e-05
1.470714707162793892e-05
4.497090118407154471e-05
7.089586694466464846e-05
5.233780830948830953e-06
-6.624953244741919020e-06
1.159458666067666012e-03
1.150648438312407195e-03
1.162106099596016320e-03
1.139152390460392581e-03
1.929013331437949078e-05
3.717319306148551567e-03
1.143701720381458918e-03
0.000000000000000000e+00
2.734088710943064805e-03
1.442836569685697779e-03
0.000000000000000000e+00
9.488175793983237181e-04
3.155384095823906139e-05
3.906109890881766391e-05
-6.689560032070810411e-05
1.337965779114824673e-04
