6.738133077352519429e-01
7.451820614061439862e-02
5.143788802191562315e-02
0.000000000000000000e+00
8.165329648571254678e-03
3.354778505763023142e-03
-2.182679153787484948e-07
4.785831273871340476e-03
-1.512326756605508694e-04
1.754102241127153541e-05
-2.776514586932369785e-03
-1.845982268070141740e-03
6.518602616394956421e-04
3.035885585715029315e-03
-2.945019555955193449e-03
1.764396302163488131e-03
7.213627384647472961e-03
2.930215230298773010e-02
7.183764220477728774e-04
8.502001460759285242e-03
1.227081820170259317e-02
-2.207585004138164827e-03
-4.418659702981238562e-04
-3.487140220587551815e-03
-5.703160791962047678e-03
3.001885571720268060e-03
-3.752232097074796211e-04
-1.168192404816100318e-03
7.575392708611294879e-03
6.796459383524059653e-04
3.046349502456517210e-03
7.048901355755695514e-03
1.723048347454926299e-01
2.545630186549008127e-03
3.547051431061975894e-03
0.000000000000000000e+00
9.093048847016867164e-02
-5.170287674397755712e-04
1.924994038804543270e-02
4.879097990764787694e-03
4.095209067834584132e-02
1.635022229709409344e-02
2.773259244608635137e-03
6.723682539028315829e-03
