4.292596666174149089e-02
1.870359913279052988e-02
4.222242848840898621e-01
1.091698451478707171e-02
1.678453135179521559e-05
-2.689825012665754930e-06
3.500294876360351000e-05
8.095226599389438436e-05
-4.477422403380189466e-05
-4.769224396220887549e-07
5.366017217979616858e-05
1.438871631429254139e-03
8.083879987252907251e-06
3.088719620413704538e-03
1.031245457378574898e-04
7.328669447826286366e-04
5.361805676962205611e-06
-3.023869805813816992e-05
1.333413822521907933e-04
1.239423980707865457e-05
3.109440804120611017e-03
8.312093338765554073e-05
1.020958425602310378e-05
5.555710216641844275e-05
-4.451058352472614049e-06
2.067696850559889378e-05
3.643145290373276941e-04
1.762217377620315596e-05
7.480434594179686137e-04
-1.704330970730971728e-05
1.748635133759594287e-04
3.137307704343062159e-04
1.239432379776343350e-03
4.458674457339236396e-04
3.815050215833763357e-04
0.000000000000000000e+00
5.558299023564676304e-04
1.710826966836879581e-03
3.092742268542133187e-04
-7.904269268495707162e-06
8.258712115261819813e-05
1.345795368874225326e-03
6.300969146496211714e-05
1.679784031526717356e-03
1.221504223595245176e-03
5.580737286744093600e-06
3.825927891397314242e-05
-2.541820291884840815e-04
7.495591664158281556e-03
2.742935802208338605e-05
1.058831904915106566e-04
7.130785025543391999e-04
1.878175277908825937e-05
3.260185104601020931e-05
1.334199771468351167e-04
3.385681234642223543e-05
-4.422548316148781412e-04
2.036471577326152350e-05
1.163942040315809343e-03
2.078736539665726333e-05
2.223271007460928927e-04
1.979388260586745049e-06
5.663274654676235249e-05
4.580707950278354795e-06
1.916066336586179014e-05
1.234972280418985104e-03
9.349592628316027998e-05
3.368429505406160106e-03
8.178851093194413127e-03
1.158615338125144022e-02
3.372356400452340090e-04
6.934424889399822683e-03
9.265933165770342400e-03
4.154619017662586691e-03
2.604877691574351405e-03
0.000000000000000000e+00
1.046231003735519777e-02
-1.166922617137355866e-05
6.611771436400755950e-06
6.488721897485616886e-04
1.203039765341997781e-02
1.084796972441952681e-02
1.133160627810866038e-03
1.397359706771049252e-02
2.704441295168595001e-06
2.419877224254148294e-06
-3.401294061215291434e-12
9.597471905651892236e-04
1.866271846333130389e-03
1.206516219730927978e-05
8.027415813670613076e-04
8.043948357079259807e-04
4.816704244755183786e-06
8.800634105525044821e-06
4.495154538231016517e-05
1.843753871873706322e-07
-9.903829034578018268e-07
1.160307795549098063e-05
4.753366944713436831e-06
-7.426201396931731081e-07
5.687457706423278105e-07
1.507174479067215599e-03
7.465345526501761426e-04
1.478555530272281484e-03
4.281060269928360979e-06
7.995599296602614583e-04
1.477888504586322063e-03
7.470447989603501210e-04
1.911324892295655222e-04
7.240513014569405431e-04
6.015661388069452604e-05
2.747501074743692855e-03
2.042845043380532837e-03
1.599494282356062005e-07
5.243065794801419761e-05
0.000000000000000000e+00
2.833636192481225782e-04
-8.739554316401498553e-05
1.878369269044573647e-05
1.117200660268665314e-03
8.807441886930463589e-04
1.782402019660874479e-03
3.612479437067335920e-03
5.813963850420507352e-04
1.681709426143281560e-04
-1.392631880385112676e-06
8.552968329251046389e-05
4.324217281146032770e-04
6.340040769816645562e-05
6.735143752469122677e-05
5.460175607615210161e-06
-1.606220004644498436e-04
1.254227407208781883e-05
7.377496448130275444e-05
3.274448944535524129e-03
6.049536308473009720e-05
1.543044610582041362e-06
1.017805902892021663e-07
9.082345817426507473e-04
2.040802143723559781e-04
-4.326717254106900454e-08
-9.373878099590744930e-07
1.737131675838554550e-07
2.945005379340059903e-06
8.208970238084608132e-07
9.051076625543607806e-06
1.388260226908892168e-03
8.469977873960902190e-05
1.082734400110544649e-03
1.980883618875791445e-06
1.195917455217868942e-03
1.530328380466183693e-04
2.409605445600013912e-02
1.506898781039600621e-04
0.000000000000000000e+00
0.000000000000000000e+00
6.220369278847534544e-02
-2.081750845632039161e-07
2.741128066567159134e-06
8.656098248561357460e-05
2.681477540723934753e-05
1.670129354619150465e-03
3.229459202931495021e-03
1.327081894298736200e-02
9.107356715665204449e-07
2.574198765910769558e-06
-3.145925103894183639e-05
3.028587763601820132e-04
1.197564077909614878e-03
9.802567203252011128e-05
5.461188506124722142e-05
5.733349295747943060e-04
5.707287214665883500e-04
2.013333984532591077e-05
3.274730288385807424e-03
1.472271236028591939e-06
4.448977172888390790e-07
1.859195428567014040e-05
4.596212526556027749e-04
1.882298039937631702e-05
1.841070358832297521e-07
2.456234333555092679e-07
8.631935000524097452e-05
9.299167919963065689e-04
2.419495426083292149e-07
2.966164350737266089e-06
-5.063177166938122277e-07
2.342738324250248570e-05
1.614515083955899268e-03
-2.969300676699167686e-06
4.815898397113945774e-03
1.346275735794200167e-03
1.065650432006452330e-03
1.546068928898421558e-03
1.300505494568363887e-03
0.000000000000000000e+00
4.440398694493789431e-04
-1.646682466115804367e-05
0.000000000000000000e+00
7.901958812999228428e-04
1.945699685650052312e-03
1.942311640216557928e-05
8.589375426615308839e-05
5.284484615778831806e-05
