3.674861106485347029e-02
1.382788867250854016e-02
1.357576126775600356e+00
3.532803712718009942e-02
1.109398496694706082e-04
6.862675727843381153e-05
3.573690928211655351e-04
3.394366552633876384e-03
7.632341560448452356e-04
5.986266439972354531e-06
8.629861170213656141e-06
4.054569616414779165e-05
2.732466616622482856e-05
1.477213202336010367e-03
1.196892637030747995e-03
4.344318866435159738e-04
1.319273332503663855e-03
-3.516213288001779432e-06
1.087876998350445436e-04
3.425235738211777384e-06
1.189388994166125932e-03
2.125918431146178801e-05
3.489247259575260220e-05
3.603744174207612616e-05
2.767578994879338230e-04
2.723455580393441199e-05
2.612409852234727909e-05
6.208523805875850723e-04
1.674600267687805576e-05
1.155819605062650496e-04
2.317047241024994332e-05
1.282874255308300959e-04
2.915950361921456507e-04
1.379786746983506008e-04
7.754045877036060819e-06
0.000000000000000000e+00
2.997822736409361472e-04
7.645017038650244292e-04
6.581891738299816552e-06
3.987700717714333793e-05
2.855251214174958641e-03
2.664941349944838396e-03
2.416808808207715419e-05
-4.364589536565155470e-06
6.290002548504277096e-05
5.237902346896620569e-05
2.104530090915845888e-03
1.084235602487234259e-05
4.329911371332073253e-03
1.069376423179502211e-04
2.427282552396992196e-04
-2.208373193672174997e-04
1.422052186616469874e-04
3.877971928613647371e-04
-5.587358110633229918e-06
1.419057493014186377e-03
5.738406164969286211e-03
2.742791640058713507e-05
1.357056986759193817e-03
2.117828767382867671e-05
8.082418690477469485e-05
-4.241572855834263578e-06
1.098492741837079693e-05
5.146046065037730884e-04
2.635577874565697529e-06
4.981697762329595153e-06
2.813861337131277343e-05
2.634110547803380917e-05
1.563727691681066415e-02
5.036212987527309559e-02
2.426921898591016986e-03
2.881055501075944353e-02
4.322271913841846391e-02
2.692929882585752034e-03
2.382206527114893828e-03
0.000000000000000000e+00
5.299735521565009100e-02
1.025526785264056247e-04
3.115003937252207046e-06
2.403845307028913952e-03
1.343716672976088232e-02
1.634990571255373268e-02
2.525434444252313076e-05
1.621020102058389617e-02
7.331255872577990829e-05
2.629203675567441317e-05
0.000000000000000000e+00
-1.977360933901698637e-05
7.960702116167616977e-05
4.216836878217833156e-04
2.037465173225168607e-03
8.882663064700609947e-05
1.419231954720157131e-05
2.298992351753940537e-05
-1.431610743808745881e-05
6.790296019344813647e-04
2.007737620422396941e-03
1.445004128711365328e-05
2.079224200324247648e-06
-2.455277244569250247e-06
-1.079648854721248965e-03
-5.646394470729306365e-05
7.109989155213991281e-05
4.323486721220959231e-04
2.275426277820180503e-06
1.110212685593673780e-04
4.492827817757172543e-04
3.323854854671163595e-04
1.541953365428468505e-04
1.447686951889104543e-03
-2.401809150972174732e-07
1.472876658889525105e-03
1.205915331981444210e-04
6.101817197457689028e-05
7.854595610822615601e-04
0.000000000000000000e+00
1.330396966897636358e-03
1.216548791179346797e-05
2.461411047620942934e-03
1.020313238067060945e-05
2.401545635526044218e-04
2.294451243178100843e-04
1.318197955437083735e-03
1.808470809868086341e-04
5.026440989186549586e-04
-1.899593687172555279e-04
1.215421386118187218e-05
3.023069598225173581e-03
7.584423988287699366e-04
4.614586283547457706e-05
5.159646221745213708e-04
8.135903621782069890e-05
2.699591197718194781e-04
1.355762083921356132e-03
2.001339037968434125e-05
3.110514107477572575e-06
1.300105874930057625e-03
9.002683212756841915e-04
1.995853320701934750e-03
1.243958100223463512e-03
1.227813364785035419e-03
-1.488174733621505694e-06
-4.332555125182343201e-07
1.314966773134991940e-04
8.992818380656093802e-06
1.184969381253046309e-05
1.385398321780417842e-05
-3.962859731686159550e-05
1.445404692371451147e-03
1.399418998343275166e-03
1.807899821204550506e-05
-8.031588791803656049e-05
1.677950812058278188e-02
2.066334071405921127e-04
0.000000000000000000e+00
0.000000000000000000e+00
5.794022514104835153e-02
7.498520290975345382e-05
4.860336176261507844e-05
-3.778138686118130197e-04
6.223122746421930726e-06
1.303845982866924766e-04
-3.763034600220057502e-05
4.305767701652503734e-03
1.103046824626252641e-04
2.928007332000011946e-07
9.014866893605569546e-05
1.470644671218564680e-04
5.684671808819559966e-05
2.525685237346057474e-03
7.809771880529225996e-06
5.992228754582481186e-03
4.009795138694068409e-03
9.120433266317433223e-04
2.891825078034278903e-03
-1.964963817907191266e-05
1.933633023151704001e-03
4.271915710087152560e-05
1.677517296723903461e-06
8.787196314512968776e-04
-1.566586736100698197e-05
4.461901980286952845e-04
1.250572227052907650e-03
1.804158589117458741e-07
8.790336663973737690e-07
7.690637653305169460e-07
1.212813787192549729e-03
6.578293664238898941e-07
-3.085403647216840441e-05
2.386450344011414979e-04
-3.993887798873589115e-06
1.250187106069944354e-05
-1.464167761051700823e-04
1.616755994527781736e-04
5.094526286268201071e-06
0.000000000000000000e+00
1.264982750987448182e-02
1.001123026370172786e-03
0.000000000000000000e+00
4.623555875611362338e-05
1.398479441112332423e-03
1.226188671653953114e-05
-2.093498079513311685e-04
5.212993893484174363e-05
