9.874215803690431503e-01
9.375234063621472602e-01
6.778682485078539877e-01
9.638430610880335259e-01
5.070833364612348237e-01
9.771268127131169656e-01
9.941420928690498648e-01
4.340612077616838871e-01
9.975770388399759492e-01
9.728368080617647573e-01
9.983522369944443087e-01
9.725305954200570424e-01
5.013973576208661243e-01
9.997765843424551990e-01
9.809569087443686941e-01
9.956567049468411090e-01
9.978957284411575923e-01
4.453989061168732722e-01
9.981440372704982744e-01
9.912420164316070315e-01
9.960194151927943551e-01
9.888825236832895493e-01
4.802368951190671975e-01
9.936359282574761531e-01
8.935125257616055583e-01
9.933559719304358993e-01
9.381631381723722907e-01
2.005443744287248586e-01
9.869406673158866994e-01
8.384564859435374995e-01
9.072371130777442394e-01
9.939398545772596405e-01
4.086094847630455940e-01
9.100321920074785353e-01
9.580229848156469608e-01
8.733019068875579327e-01
7.771671391261425477e-01
4.271454092454931573e-01
8.909775998426545662e-01
9.007405370047398829e-01
