9.849288013316227497e-01
9.630077561056641366e-01
7.125963277079871983e-01
9.642223214953270505e-01
4.955317147690894153e-01
9.991210823657654672e-01
9.888030798653627551e-01
4.384574912386747236e-01
9.971818046494137500e-01
9.262846045524021354e-01
9.890882616033888075e-01
9.946364661997184609e-01
4.961706945733999063e-01
9.983227540659531662e-01
9.969301341943157535e-01
9.547810198530000125e-01
9.706667791340224394e-01
4.484638529476566715e-01
9.739922907876613634e-01
9.945503512784082956e-01
9.946797708164411000e-01
9.968727375536603486e-01
4.514613269626621683e-01
9.968575744179403175e-01
9.835683864766552320e-01
9.604046732548695564e-01
9.717221937490599926e-01
2.127961882900800683e-01
9.428825900253063885e-01
9.526673542931922700e-01
8.156913245630543763e-01
8.738488695863577682e-01
2.652543611332435214e-01
8.724198930708063626e-01
7.130279602721334431e-01
8.557964177160924946e-01
7.880017269951731240e-01
2.337039860909508882e-01
7.751439507810541363e-01
8.708570089400050618e-01
