-4.891549953519364107e-05
-4.859247389384765747e-05
-1.137580014480572078e-20
4.810847124127948366e-20
5.588892144241288451e-20
5.787760910835945035e-20
1.124534007841916305e-19
6.878484279931538754e-05
3.381606421969201551e-04
-1.999939447992557050e-19
-9.022306864361311719e-20
-4.501172727001301293e-20
-2.738386801162671520e-20
-6.077833968497520732e-21
6.165455576561555196e-06
6.619606842770715437e-06
4.321632691036127004e-05
7.714285866764358129e-05
-5.346020550619472319e-05
-1.491928303045439390e-19
-1.455098990255872926e-19
-9.276120155394242995e-20
-4.229237560242818320e-20
-2.785116971466875764e-21
5.855629281874250780e-06
1.423850631859052551e-05
6.479649069806030399e-05
-5.003809985718648889e-05
-1.834582497940816088e-19
-9.596996586373384234e-20
-1.755540248761542668e-20
-1.135335555820171318e-20
2.629006671708349126e-20
7.018253841075160574e-06
7.402332846461037682e-06
6.104312851658674115e-05
-1.812353478232922515e-05
-5.686121549168760729e-20
-4.190130505223210904e-20
-6.164588013456920924e-21
2.023893268459629868e-21
3.181806030377621367e-20
6.673404883402379143e-06
9.467833852922765092e-06
2.459509662122440245e-05
-1.173817253260361305e-05
-4.616168492207877158e-20
-2.852747655524977928e-20
-7.039381995141624546e-21
3.665707850720294017e-21
2.115361910462980927e-20
5.430861357270645098e-06
6.495128573011018276e-06
1.807001917320944900e-05
-9.447592557884475372e-21
1.090308631687122418e-21
9.264165449890920699e-21
1.911294404755084536e-20
3.503409337978115035e-20
5.637340689041020864e-06
6.169489593047497177e-06
6.846652062742160934e-06
2.167847522476629881e-05
-6.289043955194663782e-20
-5.657367597160823245e-20
-2.481181154036983045e-20
-1.684306468631496674e-20
-2.397556192270271579e-21
4.341961520825928551e-06
5.312921070333418401e-06
1.780743162478621970e-05
2.506315834265927019e-05
-2.156835776097700265e-05
8.994592963060675842e-21
4.542036933744303749e-20
4.755988347026487999e-20
5.801767201073802868e-20
1.724930232599938704e-19
6.144240421916726353e-06
2.413660099516894895e-05
6.233760177916313166e-05
-5.052751498755699927e-05
-4.941354042669925741e-05
-1.304371546663316754e-20
7.900815677142671951e-20
1.329245995834766901e-19
1.405189141150916987e-19
2.587825373400294709e-19
1.090857008281864894e-04
3.298548369799438789e-04
-5.062941253134375388e-05
-4.908148371989632519e-05
-4.803636233546014108e-20
-2.507479396706983455e-20
3.020235603872350533e-20
8.112417349807535805e-20
9.604501755726157212e-20
5.131478314762321838e-05
3.386361103760204046e-04
-2.750130989304799388e-19
-1.138903436203514488e-19
-4.685995405520469365e-20
-3.111427898039453838e-20
-2.900480718787731705e-20
4.273883254937066929e-06
7.926859234002267088e-06
3.251617702956740880e-05
7.681976387371442893e-05
-4.681770595226504534e-05
-4.019399266644245328e-19
-2.879938342749882003e-19
-2.571771218383626015e-20
-1.743665817047583491e-20
4.035846563710582195e-19
5.494912374400881950e-06
7.106930989270592464e-06
5.270827953146549056e-05
-1.779109819978554742e-19
-1.290161655279661092e-19
-1.116608989440099567e-19
-2.319974408221920170e-20
3.503998244417751192e-20
4.629964383807049398e-06
5.661529038299362207e-06
7.558995421866107471e-06
4.328933468067234797e-05
-1.812241638525131801e-05
-2.973998278321974061e-20
-2.322206725174340826e-20
-1.742844737267896244e-20
1.031908589896766934e-20
1.925451013359877165e-20
3.559486070874452301e-06
4.209121010097943106e-06
7.597305330520834360e-06
-1.544274470618602256e-05
-8.371748555209906502e-07
-4.190053423063677620e-20
-2.582762514519492577e-20
-6.394183775548151663e-21
1.126763718522685435e-21
1.086660023701596428e-20
4.377986287414427142e-06
7.352020750836750146e-06
-1.172922366557453657e-05
-3.086385844568183023e-20
-2.041279601022377233e-20
-1.886109391960195061e-20
4.959071099328694457e-21
1.137818014511386047e-20
3.895953569635108770e-06
5.629665137343867133e-06
7.176743725867526427e-06
-1.168142953279685893e-21
-3.874916379033957886e-22
5.593205157030436672e-21
1.002730691540759013e-20
1.320967627460279560e-20
2.274452012987597199e-06
4.597412096894087386e-06
6.716853899343134495e-06
1.245413727321533516e-05
-1.307657948269648235e-05
1.141059706645380670e-20
1.617138022425803556e-20
1.695644669443184564e-20
2.325978297276997626e-20
2.432673732323229149e-20
7.451579475891880086e-06
2.157649353918916318e-05
4.800913550348264840e-05
-5.056478695553530211e-05
-4.843572814054035479e-05
-4.466281777919912482e-20
4.241182334479528522e-20
5.678186744659388772e-20
2.138670473673904527e-19
2.283292601511960689e-19
1.170251820977232920e-04
3.344051776051018164e-04
-4.891784310236670189e-05
-4.571836614985149170e-05
-3.687199092953623585e-20
-1.890226986135806473e-20
-7.709200245337267637e-21
-7.315522599207792184e-21
2.387127062250976800e-20
5.091387035874230405e-05
3.425182219250561206e-04
-2.782028433455443108e-19
-1.351181413642228158e-19
-3.041183897219895739e-20
-1.862150857960734895e-20
3.167711020636337214e-20
5.173219773653504045e-06
5.762332786988470513e-06
3.827486226399379421e-05
8.306251717265806384e-05
-4.175557355711985110e-05
-2.956896921794590665e-19
-9.567668574338547142e-20
-2.518803170721462130e-20
1.529238815329917408e-20
5.480594682783577576e-20
4.618136681812074478e-06
1.143896700567365180e-05
5.370358735915364145e-05
-2.862353353460481576e-05
-1.170072633498600530e-19
-9.850582902167314286e-20
-3.058091749966504764e-20
-2.586701845082150608e-21
3.431549222289579108e-21
6.085008542109989812e-06
6.561853928094854528e-06
3.841475381582305776e-05
-1.877284245422920978e-05
-8.721673210574282750e-20
-5.342605164935844135e-20
-1.039035472435551258e-20
1.285965403797376794e-20
1.926719607948730569e-20
4.796880024047714357e-06
5.966284177599597303e-06
2.268070947829041057e-05
-1.288664220107304440e-05
-5.525904227083073781e-20
-1.446416502436596010e-20
-9.150234263303861491e-21
1.153948015448096537e-21
9.597945613455792541e-21
4.754347555034903876e-06
5.945276671468489937e-06
8.843570401659676893e-06
-1.526481236404623562e-05
-7.976062139232957566e-20
-4.239693599890616506e-20
-5.478650416929172731e-21
1.394860516592039645e-21
1.138413023284564773e-20
5.654184031630905922e-06
6.455369736288792041e-06
2.626625576356414186e-05
-7.894474072948036873e-20
-5.613088080532835053e-20
-3.005391228449108853e-20
-1.377880704505533653e-20
-1.090502093901636489e-20
3.749006551173775758e-06
4.371273251642568968e-06
1.112934015728994042e-05
2.329134427660615306e-05
-7.761545925450371417e-06
-1.303999920093580759e-20
2.389966725555324827e-21
9.300713902959171446e-21
1.637248727368197121e-20
2.053064741623049924e-20
5.286286811262270427e-06
2.268452456260924981e-05
5.850754757540620865e-05
-4.910068397301010006e-05
-4.501336391665661317e-05
-1.545120444406972965e-19
-3.857206328671081388e-22
7.775628483653945147e-21
4.833393714941566930e-20
4.865175363860435269e-20
1.120527894341322178e-04
3.363749351964642840e-04
-5.133717255593221653e-05
-4.953200472939694077e-05
-4.757135902931477846e-20
-2.600661054367189925e-20
3.001001979492733985e-20
3.462266490207216013e-20
4.096671723568935921e-20
6.257369779432434215e-05
3.338542314391236901e-04
-4.887255509976152172e-05
-1.673321635612320013e-19
-7.255519768617186375e-20
-5.529757584336152880e-20
-5.241547505721699282e-20
-3.900112979180620565e-20
4.877312398360653242e-06
3.573834330901735229e-05
8.030403847358513953e-05
-1.655128515183227567e-19
-7.192978526537848446e-20
-2.900804590318946174e-20
-2.243304881413666277e-21
1.027120258933572194e-20
4.299664109262421638e-06
4.689845721820501883e-06
8.721153568303539077e-06
5.007149297898526584e-05
-4.020214749911204432e-05
-1.066265499599031425e-19
-8.383151111739008196e-20
-7.857541135624593312e-21
-3.000844089880150577e-21
1.291519829199193917e-20
5.697092124880126384e-06
6.614146225543158383e-06
4.591124112015861053e-05
-2.050834189277944537e-05
-6.949852774101957312e-20
-1.164535930879647072e-20
-1.148796532606080845e-20
1.383462989625249309e-20
1.858669697109332588e-20
4.724050139807017292e-06
7.751531665325847023e-06
2.476885714922358157e-05
-1.086244346484140068e-05
6.139028058465358633e-21
1.165466487030988581e-20
2.256133781161822418e-20
2.524152264037944538e-20
3.926000969030813952e-20
4.546836732000644671e-06
8.053560814921778319e-06
1.572599313149435261e-05
-1.163174852116725183e-05
-3.658364175755873310e-20
-2.420306761220318419e-20
-4.579551496243890304e-21
-2.608902071282719150e-21
4.913635243529560558e-20
5.700019534313320432e-06
7.143402647224813603e-06
1.523845882978600457e-05
-7.584101643565394090e-20
-4.885219256311216243e-20
-3.975891488820381985e-20
-1.868877578243171988e-20
-3.082920159090999308e-21
5.191146682792922664e-06
5.584648902230199425e-06
8.502293530922489960e-06
2.176948700868886732e-05
-2.832149440193957268e-19
-1.952454099301317308e-19
-9.256386817662434698e-20
-2.157065751491451587e-20
2.219849205086301484e-20
5.513560473807784943e-06
6.854928836366684162e-06
2.511270978952769641e-05
7.666374273983742862e-05
-5.078123817404995449e-05
-4.773315360694186196e-05
-9.847280629104067831e-20
7.403709421799078913e-20
1.606928501972311343e-19
1.796809227664806561e-19
3.087336583570154878e-19
1.163832051928750748e-04
3.349405352811625361e-04
-5.665230238937925538e-05
-5.006953305940381910e-05
-4.813032642404522245e-20
-2.138759979915829070e-20
-3.860712629131573005e-21
6.107698916018554495e-20
7.092008580774798002e-20
5.967787078085457945e-05
3.370168121851483322e-04
-2.704058741550710307e-19
-1.325064615448800016e-19
-9.435920432662103447e-20
-4.737981077198550763e-20
-3.291067742763365957e-20
3.652788748205347301e-06
1.102222330520135355e-05
4.857503902989176726e-05
8.695804230257987222e-05
-2.531082002397462386e-19
-1.050084051541523334e-19
-6.554616170068537360e-20
-2.332082760395857239e-21
2.583840088960460166e-20
3.516151796967287008e-06
8.112133340984978232e-06
8.295283274165186785e-06
7.090686669314506937e-05
-1.665495287703705934e-19
-1.167835613324709919e-19
-5.304903378238613410e-20
-2.642123077381131789e-20
-1.939716562048935541e-20
4.376825398926836348e-06
7.331657755813326757e-06
1.037034675650689780e-05
5.633397173989123513e-05
-2.012808123927424032e-05
-4.018951308438990653e-20
-3.509217282881781355e-20
-1.594777340864481230e-20
1.807371788929406591e-22
2.431065153062099308e-20
2.784485400483727133e-06
1.049439269495922058e-05
1.897596107855064313e-05
-1.511520975545506554e-05
-5.468902111071970859e-20
-4.036360044464063919e-20
-9.435982210184148120e-21
-3.430682408798664312e-21
1.588551000396773847e-20
2.792728973489336361e-06
1.068666170229990291e-05
1.089890474623197693e-05
-2.811152717351667884e-20
-1.802695917092279839e-20
-1.411515052060013701e-20
5.098412389694155658e-21
2.680707040185645875e-20
4.313228536445530669e-06
5.913296815884646906e-06
1.135864610226496517e-05
1.591850868965589128e-05
-5.564242529146226805e-20
-5.253121562108561446e-20
-1.156667374904444002e-20
-7.627948639960669828e-21
1.605064329457325589e-20
3.498402282247255964e-06
5.741918146716329410e-06
1.026326265800341134e-05
2.269075538875447515e-05
3.451770354496196613e-21
1.411688346246803062e-20
1.501500065825841386e-20
3.056112596673782148e-20
3.285061128743158149e-20
3.738608960225096442e-06
1.039606285997516143e-05
2.689607393042739753e-05
6.319517404893309662e-05
-5.583079556146988421e-05
-4.969705790611716599e-05
-4.984195400124613473e-20
-2.628449768291847973e-20
1.206162500706430568e-19
2.204501969112681931e-19
2.526434293696128677e-19
9.816993381408449081e-05
3.342730981811320641e-04
