4.614121596424522500e+14
2.317175857144775938e+14
2.446765320057771562e+14
2.299443249491837500e+14
1.688743054376821875e+14
1.425292866059690625e+14
1.377028300984129219e+14
1.545499915133731875e+14
2.262500551023536250e+14
4.852102274778249375e+14
4.505051076666549375e+14
2.196495888881567188e+14
2.169548553984437812e+14
1.573316422228369062e+14
1.243177798314255781e+14
1.095254365158639531e+14
1.186262400101871719e+14
1.109386359218604062e+14
2.034173238983246250e+14
4.901024282100320000e+14
4.472307994429031250e+14
2.267522368241906250e+14
2.193258238672008750e+14
1.881679916838269375e+14
1.558333344231397812e+14
1.269367237093146094e+14
1.583614372406671875e+14
1.383656662923698438e+14
1.986175735628105000e+14
4.840563423424463750e+14
4.584304184786250000e+14
2.740117227453383438e+14
1.619686403153459375e+14
2.051782858797073125e+14
1.641781140667167812e+14
1.388476820225787656e+14
1.404679228798465625e+14
1.387524250422562500e+14
2.126518476218149375e+14
4.895287570317826250e+14
4.618471348420084375e+14
2.443518691769730625e+14
1.818979045586667500e+14
1.762402153086405625e+14
1.560920309760196250e+14
1.376868194897297969e+14
1.347268955847694062e+14
1.388716519116318438e+14
2.076593447150033750e+14
4.848556327508996250e+14
