4.775576329275653734e+03
1.238963150904226723e+03
6.489093230280560647e+02
1.364793011341829242e+03
2.344282696371864404e+03
3.973963812054617506e+02
6.886525066623976272e+02
6.151846435078094828e+02
5.419127491731202326e+02
2.223107214049564845e+03
8.208692177707046085e+02
5.567877154038495746e+02
1.441590182480074418e+03
7.686558570675625788e+02
5.631438312031278883e+02
2.922498236592003309e+02
2.785932749109076667e+02
8.522557561830078043e+01
6.409393145252329305e+02
9.332592366781505007e+02
9.803398877279194039e+02
9.406282627979958306e+02
9.064163087071225391e+02
7.728225644675570720e+02
1.771716965669233105e+04
4.826766286398104967e+03
1.151767124949502659e+03
7.085374408123579087e+03
3.700433657004508404e+03
1.151679568422922330e+03
3.663362148557319870e+03
3.629857888092608391e+03
1.492835971258557947e+03
3.602208995753676845e+03
1.106835078390279477e+03
1.033633356874244100e+03
3.465581275151855152e+03
3.433239545809072752e+03
2.488398284177501864e+03
1.601349254198412837e+03
1.582266877651325331e+03
1.204053451937741784e+03
3.500344631976508481e+03
3.280736080804537323e+03
1.688357825176985443e+03
1.200253915075242958e+03
1.153580770299146025e+03
5.857136368375107622e+02
3.397909590843719798e+03
3.388958479267073017e+03
1.486527597789541232e+03
1.169222350943455240e+03
1.150935125127693937e+03
7.111720382881825344e+02
3.495839030335434927e+03
3.418977368186615877e+03
1.463085558774023411e+03
1.024137408982265015e+03
9.537272652514819811e+02
8.975191366140277296e+02
4.851886142157080030e+03
9.597910919224007102e+02
1.003636588771687798e+03
7.364405077555493335e+02
5.436240720440938503e+02
2.219817600000645143e+03
1.574609222370207362e+03
1.953749701474976632e+02
3.452368122619680548e+02
5.315144394752175003e+02
1.781428959823998923e+02
1.046291695302894453e+02
2.864866664052523788e+02
2.832253661823807533e+02
3.493841816712252694e+03
3.492409184184440392e+02
5.263453992561479708e+02
5.922304015478283645e+02
6.250592690508553915e+02
5.832899872403647805e+02
5.472768103397826280e+02
9.962037921664780242e+02
9.891553852919255405e+02
7.675049523681406072e+02
1.475466654176157135e+04
4.857982501366152064e+03
3.879278319868165454e+03
6.985086461529214830e+03
3.709064119205013412e+03
1.248265408056132856e+03
3.614006627543275044e+03
3.574953116752170445e+03
1.399941790412573937e+03
3.542663415692789386e+03
1.036584332996352487e+03
5.570136488472520568e+02
3.610282654595213899e+03
1.091073643729940386e+03
9.550797992306770539e+02
3.429307971902624104e+03
3.403927973613243466e+03
1.522959742814708534e+03
1.446090114391668749e+03
1.250316876937226198e+03
9.850048346732395430e+02
3.435402358932321931e+03
3.392592484280260123e+03
1.439644614264618895e+03
1.046249581642819294e+03
9.955839710433799610e+02
9.230978592788210335e+02
3.449996348315186879e+03
3.406571598797909701e+03
1.437608784782850989e+03
9.767848852804373792e+02
9.680869264810195318e+02
9.555478876591294011e+02
8.952253116532876447e+03
3.571177213860888969e+03
5.535024117880941503e+02
4.132758634335883471e+03
3.186174827564006137e+03
6.547645100160345919e+02
6.986243839175805306e+02
5.371106019820863366e+02
5.068352401450531488e+02
1.602219474825880980e+03
3.789665366818392727e+02
5.551510863569556022e+02
5.264122517789011226e+02
3.602557257861885773e+03
2.178475063893392417e+03
2.150206817415290459e+02
2.707818878349509646e+02
2.530766431973739145e+03
4.149652528954757145e+02
5.214488888527909012e+02
5.563502020527930654e+02
3.039912614864903844e+03
1.984694053755369623e+03
5.556457827777168177e+02
7.778359934314310067e+02
1.787654908393764345e+04
5.600843845768484243e+03
3.932864057068310103e+03
1.100656283929296296e+04
3.571492680739826028e+03
2.573238209183383333e+03
3.558631984413870214e+03
1.508831794921850587e+03
1.369860241813546509e+03
3.535239515908355770e+03
1.228362326424843332e+03
6.226586681307952631e+02
1.214819391277769319e+04
3.879219724460985162e+03
3.554102407590838993e+03
3.431753526771474299e+03
3.423414257766926312e+03
1.357598362696500089e+03
3.443365730832952067e+03
3.421128110134615326e+03
2.476791160234982726e+03
1.609996477235385328e+03
1.571886301172358117e+03
1.151554820535591261e+03
3.442003451156464962e+03
3.398839513041324153e+03
1.430321228290139743e+03
1.035270560243744740e+03
1.000332589833321322e+03
9.780795961952577500e+02
4.188908716855450621e+03
7.510245917465970251e+02
5.567210814153349929e+02
5.207223828867220163e+02
3.657070554039593389e+03
2.844237240494281195e+03
1.132415537152058732e+03
7.612179770251523223e+02
1.132566364077935361e+02
4.738287498876928794e+02
5.396833835576876481e+02
3.541916737183964869e+03
5.235991246211956422e+02
2.909647236124490064e+02
4.378748111630436597e+02
6.397539270686394275e+02
6.078019692313719133e+02
6.402626797392730396e+02
1.610165580069833823e+03
2.103713777867615988e+02
9.895673391920968243e+02
8.735102057353622058e+02
7.713556054278744796e+02
1.454207324806356701e+04
4.386282897345667152e+03
1.960386480633258770e+03
3.571393542609050655e+03
1.392428437999350308e+03
1.283304105202503024e+03
3.555597517769248952e+03
1.168595612672348807e+03
7.363626635099780060e+02
3.552247072197807938e+03
1.114590305336832444e+03
3.495977686271225480e+02
3.603401338697458414e+03
1.127072971828952632e+03
1.023545981692096575e+03
6.690125150685869812e+03
3.534670550632361028e+03
3.410080889854274119e+03
1.587087970750713112e+03
1.272115757130781958e+03
1.021630046031535016e+03
3.456312695272114070e+03
3.426607463319883209e+03
2.486320069243567104e+03
1.609122175614185608e+03
1.584390584390182994e+03
1.202016711574607370e+03
3.413802248149241223e+03
3.384633235072116804e+03
1.456775966218813892e+03
1.184173917088651251e+03
1.100395286609834557e+03
7.317988873722242715e+02
3.424912978252850280e+03
3.392335100104940466e+03
1.423386960374007458e+03
1.080626417842077672e+03
1.014699672875213537e+03
9.783205035907753881e+02
4.788487630243977037e+03
1.306932561480368349e+03
6.816902165773295792e+02
7.692754185822503814e+02
5.079855767785153944e+02
3.763851145489225019e+03
1.625091724139776943e+03
5.276668150804869128e+02
5.550066188362269486e+02
5.240671735840506926e+02
3.566869642638712321e+03
1.028464090331994385e+03
3.596804991212946589e+01
2.440244179635668843e+03
2.821023004853393559e+02
6.655858706589243639e+02
6.072476520492450618e+02
3.964410972207819214e+03
9.996918674249992591e+02
8.501336687993956502e+02
7.713293218243559295e+02
1.518013370122466767e+04
5.258573566910447880e+03
3.583798954698489979e+03
6.896018128152560166e+03
3.614977897568925982e+03
1.048712062607475900e+03
3.611651542349105057e+03
1.082142767887039554e+03
1.000715809965052586e+03
3.611700670251253086e+03
1.067428643512583903e+03
1.026528630685485268e+03
1.210869688293829131e+04
3.776766214788340221e+03
3.623717875498965441e+03
3.370302682030993765e+03
3.341851037965259366e+03
1.512599689507846279e+03
6.717350603831018816e+03
3.500776447525229287e+03
2.964021619387559895e+03
1.425089491661612328e+03
1.206053409832731177e+03
8.843828739374864654e+02
3.549558812613578993e+03
3.481330551864523386e+03
3.324316859770616247e+03
1.758797344720331012e+03
1.424765978669134029e+03
9.786213317561021086e+02
3.523094125175959107e+03
3.338571996369170847e+03
2.664605039658706573e+03
1.738543592177899882e+03
1.503996971582703054e+03
1.099461658400728084e+03
3.503884387239033913e+03
3.337337410475660363e+03
1.791202686950641009e+03
1.701881045452368880e+03
1.455948915836273272e+03
1.135337032343618603e+03
3.412922320233778464e+03
3.393976014645614669e+03
1.503894532678130417e+03
1.324217521887941075e+03
1.163314956609035335e+03
3.929034649566571034e+02
3.446077138975879734e+03
3.399313564504126134e+03
1.437020471265051356e+03
1.037194895497396146e+03
1.012199722609635501e+03
9.798336894606206897e+02
