2.764165623128947424e-01 -1.087203059571155983e-01 1.335440311673539472e-02 -1.334894578299998177e-02 3.097116263631052337e-03 -7.044065225014154840e-04 -1.318139119288091743e-01 3.545573103937401521e-02 -1.413195456514380055e-01 -1.317340911402666570e-01 6.952123640111879110e-02 1.277695565866056315e-01
-1.078197104877822582e-01 9.864985848543741942e-02 6.197215755372246365e-02 -1.486463366750810297e-02 3.364678212359711873e-02 -7.017737540639818090e-03 3.896032642346063807e-02 -4.537728226314681479e-02 4.816483574761720732e-02 8.370847807378999084e-02 -8.461388779017045558e-02 -1.027834281550731588e-01
1.367839331368390920e-02 6.150483103956190523e-02 5.647075432059984745e-01 1.638647357172006184e-03 -1.006178995265252958e-02 -1.914833068859711149e-02 -1.825277520258021258e-01 4.845050281107547707e-02 -2.922808311420441174e-01 1.662909477685872439e-01 -1.026668723718040382e-01 -2.521723514740631389e-01
-1.334894578299998177e-02 -1.486463366750810297e-02 1.638647357172006184e-03 5.675760459843333730e-03 -3.878769720784744617e-04 9.345968475938529001e-05 3.616898063088699097e-03 7.603376911061845989e-03 -6.580468513971330464e-04 3.882777578415067595e-03 7.670425881801080752e-03 -1.450754885742406783e-03
3.097116263631052337e-03 3.364678212359711873e-02 -1.006178995265252958e-02 -4.502984684118072436e-04 -3.572488143251003473e-02 6.050872900314114601e-03 -9.225848103318438909e-04 1.873990486759606220e-03 -5.378138151802407422e-04 -2.093046422997712694e-03 -1.294805882833972160e-03 1.696252056321855689e-03
-7.044065225014154840e-04 -7.017737540639818090e-03 -1.914833068859711149e-02 7.683423350971185480e-05 6.175437300260469900e-03 1.150378614500000354e-02 2.740130217095587944e-03 1.213266757568335318e-02 2.874502026151695960e-03 -2.741515271925756576e-03 -1.137573585023392460e-02 5.983247622418906043e-03
-1.318139119288091743e-01 3.896032642346063807e-02 -1.825277520258021258e-01 3.616898063088699097e-03 -9.225848103318438909e-04 2.740130217095587944e-03 1.186657727464754536e-01 -3.840714368944721235e-02 1.600650511710328960e-01 8.414242109362712191e-03 7.852497719667229838e-04 1.907423538733353865e-02
3.545573103937401521e-02 -4.537728226314681479e-02 4.845050281107547707e-02 7.603376911061845989e-03 1.873990486759606220e-03 1.213266757568335318e-02 -3.881944374511388240e-02 4.337751969619114967e-02 -4.991219350184533665e-02 -3.865369894039002129e-03 1.103334189405537347e-03 -1.078172867409775242e-02
-1.413195456514380055e-01 4.816483574761720732e-02 -2.922808311420441174e-01 -6.580468513971330464e-04 -5.378138151802407422e-04 2.874502026151695960e-03 1.599476005783778965e-01 -4.987453645076874581e-02 3.187413214453321264e-01 -1.870146865525727439e-02 2.546811801034373334e-03 -2.994454772526826403e-02
-1.317340911402666570e-01 8.370847807378999084e-02 1.662909477685872439e-01 3.882777578415067595e-03 -2.093046422997712694e-03 -2.741515271925756576e-03 8.414242109362712191e-03 -3.865369894039002129e-03 -1.870146865525727439e-02 1.193467045250097697e-01 -7.846223978637098528e-02 -1.444401485335946589e-01
6.952123640111879110e-02 -8.461388779017045558e-02 -1.026668723718040382e-01 7.670425881801080752e-03 -1.294805882833972160e-03 -1.137573585023392460e-02 7.852497719667229838e-04 1.103334189405537347e-03 2.546811801034373334e-03 -7.854598404937099265e-02 8.591838950598999769e-02 1.111096905535398222e-01
1.277695565866056315e-01 -1.027834281550731588e-01 -2.521723514740631389e-01 -1.450754885742406783e-03 1.696252056321855689e-03 5.983247622418906043e-03 1.907423538733353865e-02 -1.078172867409775242e-02 -2.994454772526826403e-02 -1.446493870184620556e-01 1.115935360211999516e-01 2.764747772899998068e-01
