1.308830256384665495e-05
2.157132931962599270e-05
2.254633873793504797e-05
7.188318744035173552e-05
1.251701690970773195e-04
5.059715573920118004e+03
8.026399694587185138e-06
2.057653055226682398e-05
4.981527083502978754e-05
5.530261787640249456e-05
6.804884052457788632e-05
4.404442511660337004e+03
1.069237724423582280e-05
2.389698786914807237e-05
4.717129582380579932e-05
5.383175629918599079e-05
5.439315928497968900e-05
6.798254103216416979e+02
3.460641535338439083e-05
5.741109339302275639e-05
8.742599658768899769e-05
1.738835579457225573e-04
2.044020302038178935e-04
7.321373056424749848e+03
5.110050755095447338e-05
7.447094495766309972e-05
7.531107407686893134e-05
1.269633660780472269e-04
1.410278609197639489e-04
4.287914925231695634e+03
2.253033260212200788e-05
2.310440659750228411e-05
5.490994441252837726e-05
7.022729325566916866e-05
1.167366631499948122e-04
5.157981685841110448e+03
0.000000000000000000e+00
3.878996359972465471e-05
8.278697610001872753e-05
1.134859164463495419e-04
1.443827336122381513e-04
4.475499584648043310e+03
1.469727934523039869e-06
8.924976987422398125e-06
2.211518504120382988e-05
6.775612469124560301e-05
1.196068838964877741e-04
3.982838424105031663e+03
7.131352296491166229e-06
1.439183947158241195e-05
1.731946152463955871e-05
4.350689019791277698e-04
4.376393937213394689e-04
6.125327395443692922e+02
5.176566187823988200e-05
6.774913070431753178e-05
8.705075228216394619e-05
1.200516274639800725e-04
2.503403381941546389e-04
7.780250970094155491e+03
1.907871651977726313e-05
2.212716884270255193e-05
3.911448492018003854e-05
4.781957548937530153e-05
6.411482988520946500e-05
1.180306885553633947e+03
2.202106563157263017e-05
3.170811113887958874e-05
3.795895784200659545e-05
4.164985971440001908e-05
5.702882451869435146e-05
8.713616115981949406e+02
5.033312821009313016e-05
5.828200947053199278e-05
8.816331056593348719e-05
1.243504464780269812e-04
1.421768428500396148e-04
2.920231142682740938e+03
1.663748957154161819e-05
3.129254227426932986e-05
3.805905115637860152e-05
4.796686784948766180e-05
9.928792130987386388e-05
1.051857299101645367e+03
4.585376586542963778e-05
7.004732966338776310e-05
7.291794949382960961e-05
7.329781106733922592e-05
9.731421998310329070e-05
1.301882548481915762e+02
2.167992330506260409e-05
1.028772497372616978e-04
1.251701690970773195e-04
3.270924975408994492e-04
3.343638349310275922e-04
4.380883407699472627e+03
7.865348467925398161e-07
1.782715686787969929e-05
2.154864213632923513e-05
2.540080539302534359e-05
2.946938347102471826e-05
4.571505064426314675e+02
1.026853743287950763e-05
1.030943231078922170e-05
2.258344704817920681e-05
8.770430813279275859e-05
8.879523362329115610e-05
7.736307528838043481e+02
7.027245190607302353e-06
7.967231159894704579e-06
1.063464136959016876e-05
1.406832543338946308e-05
1.628515530630729490e-05
7.608807714350112974e+02
3.727572655056546347e-06
4.522315723065362418e-06
9.258386894873455556e-06
1.420217879500174362e-05
1.776213900835324979e-05
6.110373704290710748e+02
6.980660854696510549e-06
1.583254913964375445e-05
1.809235569836526496e-05
6.103794702285868408e-05
7.277086880236885652e-05
3.754315831872865147e+03
1.646776996468180562e-05
2.099007912952875608e-05
3.689339033264902283e-05
3.815396084023371708e-05
8.910155769485009843e-05
2.126653460611602895e+03
1.105475480066677244e-05
1.106358437746136087e-05
1.870460975029249957e-05
2.131527356808862476e-05
2.877587141963105970e-05
7.132480574950208165e+02
9.791754091649929663e-06
1.282974803628528529e-05
1.652968271603090557e-05
1.862278749789813496e-05
2.216557606470533577e-05
7.224050377398444880e+02
3.223753152389558761e-06
4.258282840830179497e-06
5.502045599974770526e-06
1.480425542824421862e-05
1.509969034185916166e-05
5.649697445006836460e+02
2.857328212451017095e-05
5.604207242586703078e-05
8.570183133581501915e-05
1.147142153965163917e-04
1.170591952109716738e-04
2.405521630609856857e+03
2.139492880121269050e-05
2.840545893296629929e-05
5.987084978478483832e-05
7.827877529438270093e-05
8.922700356305531889e-05
2.406333295433510102e+03
1.189573558620290124e-05
1.541969584636234493e-05
2.232256896235625381e-05
2.714649751664019759e-05
3.100358843731685238e-05
2.287829497943541526e+02
6.684859963379939882e-06
1.038934575152420100e-05
1.435824938800334835e-05
1.749306291076043970e-05
1.924160511879984968e-05
7.354129545846597011e+02
1.854573713429651360e-06
4.783213309760600117e-06
5.002622316949455565e-06
1.106358439230537271e-05
1.177197702796566404e-05
5.246084147917844120e+02
5.238202936172838161e-05
5.290736608439079513e-05
8.850867537081020771e-05
3.372542850991551064e-04
3.437541129488244900e-04
4.327702594580223376e+03
4.957227862108839717e-06
8.983777656959047669e-06
1.564176377348398413e-05
1.628515527951513795e-05
2.404441103345278001e-05
7.804034017021029968e+02
1.352607718776109840e-05
1.355006823649854967e-05
1.510504316309436729e-05
2.358889573248115345e-05
2.419033652293940147e-05
7.105375219159212747e+02
4.944612180882536105e-06
5.420714120129346181e-06
7.823648620429176048e-06
9.793540298867408096e-06
1.106358440645722141e-05
7.209436649011583995e+02
1.743946094909331441e-06
2.869023460586264063e-06
4.633796453228248433e-06
8.580957115499502166e-06
1.428302604902137935e-05
5.747701522696603433e+02
4.392069268055335732e-05
5.417060614915807283e-05
8.726264935480162479e-05
8.775586258579821551e-05
9.436043157222814761e-05
2.159009369025268825e+03
7.287351841295871147e-06
1.026784197755929870e-05
1.490258941786198677e-05
1.806675760124714072e-05
2.008094989868612108e-05
7.803290723901546926e+02
7.628428833507614536e-06
1.009962389696634274e-05
1.471460950936090400e-05
1.916531987502664714e-05
2.518765552661473170e-05
7.274341058796935613e+02
1.145778444858336528e-05
1.637817812940117759e-05
2.258344703044384800e-05
2.402438362529673354e-05
2.594222020668648994e-05
6.958845378195268268e+02
5.032715801912351196e-06
5.299459428164434967e-06
9.797383956278976473e-06
1.277512486377160887e-05
1.397451917457312460e-05
6.062730372558397676e+02
4.484070975009574265e-06
8.861988272009643303e-06
2.367198010905906811e-05
5.454470873501543015e-05
5.932488465929254112e-05
3.055279762869186015e+03
6.847216131133061702e-06
9.530585650198963911e-06
1.378211788504499875e-05
1.564627113713466493e-05
1.975975443293605355e-05
6.471683725156357241e+02
3.022538603765921310e-06
1.148297098041499128e-05
1.264970411213487801e-05
1.620869927946752995e-05
2.035063056824333515e-05
2.136381587555662236e+02
2.258344707073910096e-06
3.381455760844376411e-06
7.550020905797831820e-06
1.247814391966651305e-05
1.341826636501646695e-05
3.715953586957577954e+02
2.052214275294554252e-06
2.915814174551832286e-06
4.923165887612811570e-06
7.005076203578912537e-06
1.478257048388879199e-05
5.493381001687699836e+02
5.192530430232969954e-06
3.040653795085735572e-05
3.668819447997626358e-05
5.134036369896901925e-05
1.022010151019089468e-04
3.551255075852721347e+03
3.567814757054640422e-06
7.358436207379785306e-06
1.446814878679816355e-05
2.546866970687255977e-05
5.713210428433775821e-05
1.675971350179556339e+03
4.512143052028738415e-06
5.417643908756808745e-06
6.505590101102611694e-06
1.254072820891423897e-05
1.322130462577486076e-05
2.865018003133012598e+02
3.549104766244107868e-06
5.086486565996753427e-06
7.162913658486445784e-06
1.282722144873324303e-05
1.355006821160469181e-05
5.699653745077845315e+02
3.169096418649468652e-06
4.910736131952251525e-06
7.614135265261041151e-06
2.384424935299455877e-05
2.416189963121473291e-05
5.107028453292402332e+02
6.835400361031408573e-06
8.705375514061593293e-06
1.240981160836415972e-05
1.796653104839717187e-05
6.258508454853865973e-05
2.314670073477914684e+03
4.398453159090024700e-06
1.054478357600786381e-05
1.633633960568516767e-05
2.665299566828551573e-05
5.713210428433775821e-05
2.314670073477949245e+03
5.916799536119679668e-06
1.339563934621115887e-05
2.134500427401676853e-05
2.700420880606072349e-05
3.387215952549297096e-05
8.902981634400191524e+02
9.229656896898260057e-07
2.400206491059412426e-06
1.284447199618248400e-05
1.407963799068489285e-05
1.512204596926103651e-05
5.702800889962024939e+02
1.958678266621776522e-06
4.456950696778567843e-06
4.475804386962678374e-06
4.632531845966730045e-06
6.387563417002440525e-06
4.823071951288333707e+02
1.846149544959615967e-05
2.341710050474505266e-05
2.449267764019559635e-05
3.613580251460535932e-05
8.850867537081020771e-05
3.540674255282609465e+03
7.613119286946861582e-06
1.325916909577019208e-05
1.432764241813162910e-05
2.875374943451541282e-05
3.163311083408813009e-05
4.871582732765838273e+02
4.359697054766425543e-06
8.495921353751355602e-06
1.095130425981219360e-05
1.486361513420312478e-05
2.047590387993396998e-05
5.204377095210442121e+02
2.850212921864723242e-06
6.415800314948750300e-06
1.003566776647729933e-05
1.044662485310513999e-05
1.236946338617872211e-05
5.266985231964558807e+02
2.614929944930671878e-06
5.556448571887909883e-06
6.572195158510898887e-06
7.913949248588226769e-06
1.083262620706794744e-05
5.364069209704477998e+02
6.318455054985363121e-06
8.331107460074903241e-06
5.713210428433775821e-05
8.668917593555558975e-05
8.787220411389705063e-05
1.580371476056068559e+03
6.387563443869309172e-06
1.008851270528206947e-05
1.402203275509697689e-05
2.169957070586819742e-05
2.477766667050462535e-05
3.106948916051883316e+02
4.156317804850868437e-06
1.112021636685382290e-05
1.305641530678695998e-05
1.938036102063441204e-05
2.158533055787949763e-05
2.329901874664835475e+02
5.188096659188353220e-06
9.721706875680057426e-06
1.147519734162557051e-05
1.329546971616493919e-05
1.498016410705770124e-05
5.719966725692012233e+02
5.665225786397523290e-06
5.905858006797215543e-06
1.059257562948712486e-05
1.069027328801185723e-05
1.236858698668663419e-05
5.472027202912563553e+02
8.108071081241572897e-06
1.406238689163921280e-05
1.991946428410646110e-05
3.625157830414692250e-05
5.073777480602681124e-05
2.921584909689800952e+03
3.453395799862364086e-07
1.064963325179224568e-06
6.686891041148073525e-06
9.033378852838572497e-06
9.616542220300742022e-06
3.758688580269773070e+02
2.646304750552825421e-06
4.076981053321165119e-06
6.693521098713699411e-06
7.959533554919157107e-06
1.111081093081262143e-05
1.832306423084196751e+02
2.316840968293012364e-06
3.570756529442054573e-06
6.429521291045373294e-06
8.978198795787885314e-06
9.996483284201791893e-06
1.661577195727243179e+02
1.488231606051561101e-06
1.740383340122633870e-06
3.454850882300293158e-06
4.603043482113280269e-06
5.961905685547644723e-06
2.944837790378904288e+02
1.477094517440150640e-05
2.789459416100125702e-05
3.103221845842517475e-05
3.221207182070928097e-05
5.590398270863312658e-05
2.708581155672855402e+03
8.089674725267893364e-07
2.733259623945808755e-06
4.225176717373778635e-06
1.260083990867855475e-05
3.613351541135428999e-05
1.215203292260398030e+03
1.454306226741828622e-06
6.010094209626119046e-06
1.009962459072805816e-05
1.171823018050299325e-05
1.301298553845033822e-05
3.781865522076528237e+02
3.709417205741026832e-06
5.296127785294925321e-06
6.447411290376203299e-06
7.208589497572352252e-06
8.558672984149649698e-06
2.148529934344182095e+02
1.706448170921216215e-06
2.180654390236670401e-06
3.629054948400920345e-06
3.698825650714973454e-06
7.658419511439992498e-06
2.939141612780722994e+02
1.351974300566078688e-05
2.507703491621208669e-05
2.661324673147620341e-05
3.183416680636379318e-05
4.425433768540510386e-05
1.961554170452682456e+03
1.208365030443807206e-05
1.417470297402819263e-05
1.785311164247753335e-05
2.172668427330554753e-05
4.425433768540510386e-05
1.961554170452885273e+03
3.618726499886052643e-07
2.119913482739208419e-06
4.903841694892066520e-06
7.774668353891779312e-06
1.564627113713466493e-05
5.030402950643136251e+02
2.009203344460212084e-06
2.527181280907959167e-06
2.921661360140922070e-06
3.193781714476735738e-06
5.013709830762534038e-06
2.372646733066590059e+02
1.116003266552943932e-06
2.384079995970425457e-06
2.467979293477394205e-06
2.625230019033590811e-06
4.620131438735682778e-06
2.743087881081987121e+02
1.061789773979245943e-05
2.259211504925336104e-05
2.515274284194559163e-05
3.218269044998331777e-05
5.110050755095447338e-05
2.610192389439414001e+03
3.851740750097953133e-06
5.931483086876386593e-06
7.317873223099264446e-06
7.537578404293403381e-06
1.006107535802097665e-05
1.529518159919107916e+02
7.476961567224227381e-07
8.789259103921757610e-07
2.015773776207587436e-06
3.227809775401919490e-06
4.790672569445085802e-06
2.011854846740438916e+02
7.211909100614389328e-07
1.084153679612824243e-06
2.258344720883944162e-06
2.290630796787672501e-06
3.192283051183485493e-06
2.991069688477422233e+02
4.342198416246143628e-07
2.524759993190894107e-06
2.879511855688218968e-06
3.805462773367989849e-06
5.049812279145413205e-06
2.902193111162162040e+02
4.091535080154012515e-06
9.184873291895060275e-06
2.212716884270255193e-05
5.329204058629805936e-05
5.367224594217721119e-05
1.091093281030303160e+03
4.067120972622591919e-06
4.516689426419286249e-06
4.726896434106904865e-06
5.592004664280056168e-06
7.143253886106957899e-06
1.725068751274301917e+02
2.187138044660851434e-06
4.535496214355231277e-06
4.595925661594212384e-06
5.854405411411781309e-06
7.160730700742958733e-06
1.464550639330969091e+02
1.169778589580980269e-06
4.054892335373947008e-06
5.860244068604976769e-06
6.112532069853239684e-06
8.297688297520372560e-06
2.450952776590011126e+02
2.817950415112790246e-06
3.581393233606256677e-06
4.516689417982229924e-06
4.588416315228371069e-06
5.691860926732269736e-06
2.954649631220997890e+02
1.907331152168635478e-05
3.525240202311791466e-05
6.807707787735740054e-05
1.053207902574637982e-04
1.252454945435372636e-04
3.675738248470572216e+03
4.445376368611948766e-06
4.806993957006805791e-06
1.260893697967951364e-05
1.829481932019653826e-05
3.163922764135042434e-05
3.310698036563111373e+02
1.102731880476986347e-05
1.427844956178661923e-05
1.907003662453658291e-05
2.060805649186302316e-05
3.026016503700693349e-05
4.516168284986416666e+02
1.123346811850895994e-05
1.227643435325595927e-05
1.477899714936249708e-05
2.538541916270529292e-05
2.838690188561656885e-05
3.860055430394859854e+02
1.801205362027655815e-06
5.237788869343605082e-06
6.617182970250547044e-06
7.173692684547034800e-06
9.453041620041552633e-06
6.346178745893801079e+02
3.252087415947963215e-05
6.258508454853865973e-05
8.964806529620537932e-05
1.119980532036193198e-04
1.735716594015768209e-04
3.350558161181299056e+03
9.333422962479166900e-06
1.527906435388529568e-05
2.648089590769915337e-05
2.775740032790464094e-05
4.039849836291223263e-05
1.379697470923795208e+03
5.050272650947233824e-06
7.856324769430033568e-06
1.508293214607746918e-05
1.536681489116299953e-05
1.862278754713926371e-05
5.384053590774103668e+02
6.387563476589736221e-06
7.727363518775137559e-06
1.249200292061287196e-05
1.672838724528604896e-05
1.852154449492731333e-05
6.715850763594904720e+02
3.389687326749801931e-06
9.843639699337823195e-06
1.104058761506504988e-05
1.145736902637968407e-05
1.537335142725180441e-05
6.050027486071107887e+02
2.214258389582248604e-05
2.403627553372021414e-05
2.679747693250599487e-05
5.355453957191643962e-05
8.744381059619694562e-05
2.403712147733354414e+03
2.018154259777693596e-05
2.366048177234977064e-05
3.523638991858509006e-05
5.929970021312773741e-05
7.090992872447505905e-05
2.406554857984874161e+03
4.323123607809910812e-06
2.010829520616746181e-05
2.145412093910767140e-05
4.718599962634996046e-05
4.995158030543132236e-05
6.204053571553074562e+02
4.867263218182303675e-06
7.634485543938793818e-06
8.486116227599982707e-06
1.584867041787114896e-05
1.798342849270245127e-05
5.805671905187803077e+02
8.900303146873842937e-07
5.615419288100647986e-06
5.731938314852449709e-06
6.984196710590970766e-06
1.161829260441478956e-05
6.027922152035247336e+02
4.343495602304674972e-05
4.896996223702657449e-05
7.451635271307988301e-05
1.076992850767220891e-04
1.244085783205158577e-04
3.569694702145541214e+03
6.345120061716498671e-06
9.867470137252107030e-06
1.055607572119333352e-05
1.782491828655151570e-05
2.084789561690024196e-05
5.203338175573619537e+02
6.381563153266311055e-06
1.195964158028181324e-05
1.806675769111515446e-05
2.814242811158280114e-05
2.932559557547690729e-05
6.692935581000863294e+02
3.366090356149552569e-06
9.901585790667430311e-06
1.514482146825379625e-05
1.673077055505034001e-05
1.801059646663909279e-05
6.542305579248877621e+02
6.138605488268507306e-06
8.033801630289935398e-06
1.391729481539074061e-05
2.638172791737253750e-05
2.671083774513091926e-05
6.326162475770423725e+02
1.086964316610141882e-05
1.122850797066781607e-05
3.613351541135428999e-05
1.158382386326871084e-04
1.168426838494936106e-04
1.430746828399074957e+03
7.607670652715176888e-06
8.201368338232229406e-06
1.055803887287781491e-05
1.405046152667483281e-05
2.274779854383478022e-05
4.326456273998900883e+02
3.501913033881416595e-06
7.671099918437571333e-06
1.239951551732817434e-05
1.310800245422676037e-05
1.754376575166283845e-05
4.502708052486656243e+02
6.210412329865336496e-06
9.560092776075792729e-06
2.019924907915217829e-05
3.009713898103904913e-05
3.398877583209835424e-05
5.437424484989633129e+02
2.891785277563303858e-06
4.170421706938324979e-06
4.355762028447383089e-06
1.103121618587589908e-05
1.119408211274507180e-05
6.574818487670294189e+02
5.611785165404229186e-06
7.987609597888986021e-06
7.752681143742939083e-05
8.053755066557932946e-05
1.142642085686755164e-04
3.575549264558181221e+03
5.932644147936574401e-06
7.684832167110148163e-06
1.287227737648643373e-05
2.552468295936893397e-05
3.505970823627650772e-05
9.440811962771347225e+02
3.633709804417126485e-06
9.774587809641200248e-06
1.236946334938600629e-05
2.282840351737246896e-05
4.873282642158668167e-05
9.551351321943959647e+02
5.012835449323420732e-06
5.347489999228858011e-06
8.449952134568297906e-06
2.983972007947314714e-05
3.246397979734143627e-05
9.553583374039012597e+02
5.410970720130329396e-07
2.338262213149431603e-06
4.359337643340581987e-06
8.142577625414153603e-06
1.677076929992672702e-05
8.452768974571185936e+02
8.009854992882424059e-06
8.668333213172099063e-06
1.142642085686755164e-04
4.379587822473852044e-04
4.394339021919860819e-04
3.554862215123608166e+03
4.153588071772906509e-06
6.233502632853996330e-06
3.613351541135428999e-05
2.401573944719718632e-04
2.460873729262962658e-04
1.257597471302567328e+03
2.175823827403057792e-06
7.385066842411323884e-06
7.403622527302194905e-06
1.033164812769086304e-05
2.417755486671438583e-05
1.040866846413562826e+03
5.819461470874308392e-06
8.079128893797438279e-06
9.581345153180799882e-06
1.554529533394992031e-05
2.239682795526918823e-05
9.385727082416108260e+02
1.582345318881510723e-06
5.049812265196071442e-06
6.852001374553424971e-06
1.132980006722402228e-05
1.322935577081595805e-05
7.883591717306748023e+02
7.747319351194069568e-06
9.686742408112854048e-06
3.613351541135428999e-05
7.726868897231803249e-05
8.246921152616420525e-05
1.074649935214706375e+03
3.392982795560862350e-06
5.280478932898914466e-06
2.394067226490999073e-05
4.780014788648159437e-05
5.363441439878012420e-05
1.431239321761105884e+03
5.452712272017242153e-06
9.499836379074103542e-06
1.335023597714716441e-05
4.666745788298420601e-05
4.946912620342929564e-05
8.174078973582808203e+02
2.668524636278448904e-06
2.937680490066222739e-06
3.879174062553130506e-06
1.309094092945838884e-05
1.330758492872418504e-05
9.440709165426410436e+02
1.592539354399697303e-06
2.258344705244045762e-06
4.762683504945744083e-06
1.448080617872963046e-05
1.862004547227803032e-05
7.445999805249905421e+02
7.491596673424489381e-06
3.162360991537515470e-05
3.288108002401623478e-05
3.938077076961616068e-05
1.142642085686755164e-04
3.609982066005999513e+03
6.848015437076124019e-06
1.065043678356572467e-05
1.187832693207267217e-05
2.120017636168944672e-05
3.060204165300757040e-05
1.009688081014759518e+03
1.678290650382207369e-06
2.469657297770913738e-06
6.074178755146015268e-06
1.704538735488482498e-05
3.079932877663357749e-05
9.664882266618753874e+02
1.795199305993007325e-06
2.450819417975350314e-06
7.109702237685077970e-06
1.371063341266091200e-05
1.631754179104920216e-05
9.345287971257226900e+02
2.289652135880288712e-06
6.412191650548852981e-06
7.490082053035354826e-06
9.530307630650418797e-06
2.142511564575165446e-05
8.029288552504376639e+02
6.965037936676161614e-06
8.281453613535975775e-06
4.425433768540510386e-05
2.947971844891943919e-04
2.962836725359733591e-04
1.493454443948673315e+03
2.761314047869069738e-06
8.151594543220904731e-06
1.595280908825014567e-05
2.885208076498823118e-05
4.527734600764217536e-05
9.739332035222370223e+02
2.730347398288327181e-06
5.433525224217071426e-06
1.197574755561283193e-05
3.199020357759333778e-05
4.593551291763441774e-05
9.719618307610872989e+02
4.482500120878613170e-06
4.493752915109546402e-06
9.033378821586946319e-06
7.319826494622903162e-05
7.569648667942897717e-05
9.709895801970749289e+02
2.405477479391008862e-06
4.418815489882098113e-06
5.531792235891309919e-06
1.400448228152644190e-05
1.681312822946237393e-05
8.367880098606146930e+02
3.899440180621675036e-05
1.873924378658092414e-04
2.508064624442310855e-04
4.222285595909552490e-04
5.591091283179886297e-04
6.567829872806689624e-04
5.434999077024702956e+02
5.113024405302378000e+03
9.332588988844534470e+03
2.894224039728289329e-06
3.732649025566415080e-05
5.448631917751344596e-05
5.463145716719183820e-05
8.310870008237457687e-05
8.680079801434012411e-05
9.823712272029185897e+02
1.968922433390094511e+03
3.701197143584234709e+03
2.335837374603001726e-05
2.632769889188861024e-05
2.705224337616522030e-05
2.725256896049291200e-05
4.543334017392946107e-05
5.694704159227473821e-05
7.378235360642863725e+02
1.568021502601316570e+03
3.608365070949275832e+03
3.270750407785279288e-05
4.120945426760538221e-05
5.861173330394438681e-05
1.060075616830418100e-04
1.084660643825957187e-04
2.505087998163107099e-04
1.249488196125137847e+03
2.554440368612672501e+03
3.638214166490297430e+03
4.141861937829363746e-05
1.324151467725022857e-04
2.714971421506388004e-04
4.296039403352692044e-04
4.857656722596124339e-04
6.186371156140852605e-04
2.990487573171139957e+03
4.984438469138990513e+03
9.863569029772163049e+03
8.787094394665185204e-05
1.092426649128196094e-04
1.564002440561643365e-04
1.713350399745471899e-04
2.753021905973380436e-04
3.256266505828290668e-04
5.931397820297022463e+02
3.312031592388818808e+03
4.422630758278692156e+03
6.285800870438163371e-06
2.601648333408120649e-05
2.824156602756636313e-05
3.182635190333981144e-05
3.249965763772861123e-05
5.291894868347687920e-05
1.621946818071761982e+03
1.891546512288628492e+03
3.661673246930894493e+03
1.646091869782765599e-05
2.203310696440566977e-05
4.773981196943413783e-05
5.899972041602666100e-05
6.992968167451296658e-05
7.164548610588485664e-05
1.377555878408795706e+03
1.967621540773446441e+03
3.630508146839076744e+03
5.084869655519183367e-05
1.221709331436548259e-04
1.620828349695479544e-04
2.999294368340975347e-04
4.724134635551507856e-04
6.742027347491654204e-04
1.727521968326103206e+03
8.009367736682556824e+03
1.038382162572178459e+04
6.043803738270604091e-05
8.043307892364251748e-05
1.903596908118655544e-04
2.414795119445457936e-04
3.684200082471861368e-04
5.049104200127887791e-04
2.105356573536668748e+03
8.041504686729382229e+03
1.083378870480151272e+04
9.184231338254830764e-06
4.201573344095088013e-05
5.194834544546941455e-05
1.273898213649856249e-04
1.446134265713684849e-04
1.519030538979783374e-04
1.112982426311633390e+03
3.631696016948010310e+03
6.296826000127547559e+03
1.793192699272254777e-05
2.674077137748998113e-05
2.882970341675706702e-05
3.148386228062524222e-05
4.758624780687741620e-05
8.543278374236152825e-05
9.736622152676617361e+02
1.396572658794705603e+03
3.621342580983068274e+03
1.100511153327662667e-04
1.176962134819107034e-04
2.977894926375063275e-04
3.125626200392226089e-04
4.938432843768222153e-04
6.752964062102613171e-04
4.791331888822676774e+03
5.147992666638461742e+03
1.345476555573936093e+04
2.162264563597771904e-05
4.210926349385997708e-05
4.941813231498547252e-05
6.289811455339733282e-05
7.284725319913169393e-05
1.482050320473980417e-04
1.033465362072105108e+03
2.671031638515526083e+03
3.645409610872416124e+03
1.877218626205567797e-05
3.501262985978407637e-05
3.582093273131560426e-05
3.678267781437297612e-05
9.826195191431592662e-05
1.046904626870993703e-04
1.649727165533572588e+02
1.129322866947501780e+03
3.621461818000596395e+03
9.564257115517097975e-06
4.628968982243096498e-05
4.761573013578555553e-05
4.851470985388117762e-05
7.642007876141591763e-05
1.133258581225207989e-04
8.089861729748749894e+02
1.086394231611997157e+03
3.571468427027617963e+03
2.733474750582061828e-05
3.310155758776979327e-05
3.481842357774420028e-05
3.568178369230740521e-05
1.417394217439539345e-04
1.554297425267050039e-04
1.994599329192898722e+03
3.794679357930434890e+03
4.104245997404798800e+03
2.185723379960080812e-05
3.373014371595007394e-05
3.663667241442871591e-05
3.751516273762196466e-05
5.767505854555476268e-05
6.939635120040751198e-05
1.166667452599865101e+03
1.549185155143020211e+03
3.589042516017119397e+03
2.027325618008196336e-05
2.267573002753833791e-05
3.479866519759282405e-05
5.606023285369852386e-05
6.476463900683146295e-05
9.659935338592156022e-05
1.242955169651343112e+03
2.136622708551356027e+03
3.624781819404754515e+03
1.015338015452616232e-05
2.696727571094544241e-05
3.011090124719232810e-05
4.205250611628586079e-05
4.955984688355848371e-05
5.332915115855897415e-05
1.034840112666798404e+03
1.197517656035701066e+03
3.612202963986578652e+03
3.087528004705540862e-05
2.403803422384514447e-04
2.740459611155039656e-04
3.030430999700951551e-04
3.638524018495255643e-04
4.340104741496291461e-04
1.639154798113525430e+03
3.366170683124546940e+03
3.609457501135324037e+03
3.751938435096441026e+03
4.512436631016420506e+03
1.058083060674292210e+04
2.212312881811456303e-05
2.719093786712413377e-05
2.883598289387472014e-05
5.119828203818998287e-05
8.360209232856347225e-05
1.217024509183876928e-04
1.059361996103788442e+03
1.188529313606864889e+03
1.552775268411568504e+03
3.235937131418078479e+03
3.448424943963947953e+03
3.541546607167664206e+03
1.180508359942220968e-05
2.156293257831486593e-05
2.375162007420463927e-05
2.661038310879132478e-05
4.651718325125527058e-05
5.314184264679709771e-05
1.173277909748595675e+03
1.337581266480622844e+03
1.547337516747017162e+03
1.817578461370313562e+03
3.411173545996040048e+03
3.476228555725229398e+03
3.758254825568781783e-06
1.104615086582333230e-05
1.953378989155972015e-05
3.370246711212160318e-05
3.391426580690649521e-05
4.134772036750594421e-05
1.132156561131939497e+03
1.249167450159617374e+03
1.511606378894330874e+03
1.716252091486552217e+03
3.375566135504418980e+03
3.455017024628345553e+03
1.063695246339068176e-04
1.463819819226983769e-04
2.005122391329412258e-04
2.397332352411732782e-04
5.032102881809288018e-04
5.644622845741041400e-04
1.651243459732876772e+03
2.317693728438279777e+03
2.747946543994516105e+03
4.347785010374243939e+03
4.797660518419093933e+03
1.018310820500228328e+04
2.143294179233009488e-06
4.425433768540510386e-05
4.608137632886063323e-05
1.149907106362503745e-04
1.238166215479362831e-04
1.539115779195886062e-04
3.747220463129917789e+02
1.367843235825421061e+03
2.361001134398535214e+03
2.515347638627711603e+03
3.431599822891291751e+03
9.751787288299776264e+03
9.449827565695122323e-06
1.871761433200311544e-05
2.514738584925205986e-05
2.928049446054683185e-05
7.661101128612992403e-05
8.801469261196165415e-05
1.103642662378125351e+03
1.597081802559610878e+03
2.231625103940082681e+03
2.256417488433196013e+03
3.174613778492278470e+03
3.471036745805581631e+03
1.514117211592483604e-05
2.295600624765268589e-05
4.562245843222200462e-05
4.953817149607643312e-05
5.537842381932648716e-05
5.544703875756747422e-05
1.844647499870738159e+02
1.151062841920441770e+03
1.473786261030562173e+03
1.532670116824678871e+03
3.400063329840379083e+03
3.424973511162221257e+03
5.205010615329071157e-05
1.372491768377883498e-04
1.736492786283436000e-04
2.847276434685476780e-04
3.881293242388323675e-04
4.818189593268884497e-04
1.418039470422793329e+03
1.429869052280509777e+03
2.733502074954111322e+03
5.068643629579800290e+03
7.749175541726328447e+03
8.567810640355774012e+03
3.865902621492979394e-05
5.787959734448619805e-05
7.129824392160934523e-05
1.050284166613599940e-04
2.207538279357725041e-04
3.062761324406006072e-04
9.616886878142031492e+02
1.542524102693622808e+03
1.955569674907764693e+03
5.288088926490965605e+03
7.062882618911397913e+03
1.117591614137086071e+04
1.931225904735072325e-05
3.052701862083642757e-05
4.226631877021914924e-05
5.672398176226696773e-05
7.044276136060284652e-05
1.187837425488268741e-04
8.266164057583529257e+02
1.448388693473670855e+03
2.257669277490171680e+03
3.058526877174453148e+03
3.493098288638693703e+03
4.117843028001887433e+03
3.151989227575752486e-06
7.450233290157773121e-06
8.374795676363969886e-06
1.745504431968422231e-05
2.882086408272492594e-05
4.538978083328578105e-05
9.692508388234286940e+02
9.936792696114976025e+02
1.021957018770986565e+03
1.400162593524235717e+03
3.396103059053179550e+03
3.446489147113037234e+03
1.190353819444602321e-04
1.649134941506456527e-04
2.692768896990907555e-04
3.117552140810444898e-04
3.989749060596367884e-04
4.984048478689223497e-04
2.570064629494572728e+03
3.409576160296248872e+03
3.592042908799452107e+03
3.603059881849427711e+03
4.392690768786772423e+03
1.006401681316449685e+04
9.837591142004766150e-06
1.561227871237366464e-05
2.799710405669371521e-05
3.155548001127715099e-05
3.688119002559453826e-05
4.390117046769260659e-05
8.730981545863520523e+02
1.253582823670359858e+03
1.353684525944474672e+03
1.429488972450409392e+03
3.300263393450492913e+03
3.417462968348660524e+03
1.562679850570930032e-05
2.490246199441567803e-05
2.706960234773717714e-05
2.954991600266774742e-05
3.107418964932017483e-05
4.362575549111702308e-05
6.745808483617610136e+02
1.154952493919289509e+03
1.195295178777885440e+03
1.444518776488449248e+03
3.394270168647426544e+03
3.446462628512250831e+03
9.602604113611945904e-06
1.586955250838387592e-05
1.881990228149578546e-05
2.238578259041245315e-05
2.341521173526077242e-05
4.895670593192560336e-05
9.809438820767408060e+02
1.010908941631524840e+03
1.038152406727625475e+03
1.430277184431789237e+03
3.398508971207547802e+03
3.446235755580577916e+03
3.668716617979763425e-05
3.786535822031553638e-05
3.873592592618119455e-05
1.070425412010057457e-04
1.301027234803933739e-04
1.371688173371104938e-04
1.214876037414482653e+03
2.012289717811482433e+03
2.561950483213874122e+03
2.720608728641438574e+03
3.220568162095220487e+03
3.507755077933149551e+03
2.669593736281881518e-05
2.696442368396662485e-05
2.793655411460717322e-05
2.909515984615167051e-05
4.465330508908431367e-05
5.951988000119566265e-05
1.094457870000662979e+03
1.422077442812754043e+03
1.652703857700594426e+03
1.763600164210854473e+03
3.429383923503204187e+03
3.458304439642471152e+03
9.540690690488608293e-06
3.316200918956589558e-05
3.999029849512639081e-05
4.712020492654690567e-05
6.110599456047251699e-05
8.898679200994455776e-05
1.144357055226522107e+03
1.444460351899991792e+03
1.596026369363907179e+03
1.862533432463376585e+03
3.444390829854036838e+03
3.503835828681510066e+03
2.126959879971396155e-05
2.816063097868163169e-05
3.858598339703039681e-05
4.515776730432905097e-05
4.945106686893094977e-05
5.707849504628571434e-05
7.784155361077939688e+02
9.442716590271248833e+02
1.079517434680913539e+03
1.340609978810830626e+03
3.054349204194637878e+03
3.301901524371742198e+03
