2.699866223581224856e-01 -1.006652603547790736e-01 1.429625516390845702e-02 -1.194440221661261306e-02 1.965897400962695642e-03 1.264688481165734566e-03 -6.884135810051131288e-02 3.018631639841473646e-02 -1.433352186700695696e-01 -7.201050563454677866e-02 9.844112461975332296e-02 1.332709502864466711e-01
-1.155764053437790678e-01 8.728849256420978531e-02 5.508659327666822619e-02 -1.338205071710798881e-02 3.377762032102428480e-02 -4.091756169801885439e-03 4.163399373205744353e-02 2.190412757037544025e-02 6.430280054243663057e-02 7.479859184557452467e-02 -5.708558413624113814e-02 -1.363438308645869568e-01
-2.418033991814601269e-02 5.885304702023389650e-02 5.622370232263311784e-01 2.937662779114467125e-03 -4.913291693852305658e-03 -1.729206238341160842e-02 -1.720511411987819539e-01 5.244745282568365197e-02 -3.088893402213640504e-01 1.565970543783669899e-01 -1.653846125286010382e-01 -2.572876751592124145e-01
-1.194440221661261306e-02 -1.338205071710798881e-02 2.937662779114467125e-03 4.525555671319087675e-03 2.923698920251116377e-03 -7.880102936968044107e-05 4.957784909430790893e-03 -5.084768534982346544e-04 2.321869350433334103e-03 1.754580742574748974e-04 -1.460422303834244939e-03 -5.167367077077134573e-03
1.965897400962695642e-03 3.377762032102428480e-02 -4.913291693852305658e-03 9.402302822511306862e-04 -3.640275110931928682e-02 5.426475578460002169e-03 -7.814757114921232553e-03 3.074026619642580144e-02 -1.440894621817376091e-02 -8.291946212603644450e-03 3.423343054285076653e-02 9.536676308768048463e-03
1.264688481165734566e-03 -4.091756169801885439e-03 -1.729206238341160842e-02 6.497763723984228837e-04 6.692365894459889435e-03 1.072804172333333486e-02 5.379979755708555640e-03 -4.295524259701221682e-03 8.908297880143431144e-03 -1.065430323919449966e-02 -1.485037537666385838e-03 1.719030785891793563e-03
-6.884135810051131288e-02 4.163399373205744353e-02 -1.720511411987819539e-01 4.957784909430790893e-03 -7.814757114921232553e-03 5.379979755708555640e-03 1.212314959130949832e-01 -1.384531233987898284e-02 1.587514507389351237e-01 -2.903905577963714069e-02 -4.397798757477883180e-02 2.377447687598189391e-02
3.018631639841473646e-02 2.190412757037544025e-02 5.244745282568365197e-02 -5.084768534982346544e-04 3.074026619642580144e-02 -4.295524259701221682e-03 -1.370964619687896346e-02 1.085327496238217481e-03 -5.560160217637258318e-02 -6.623622379971865620e-03 -2.523373377312183863e-03 -1.002873895463319252e-02
-1.433352186700695696e-01 6.430280054243663057e-02 -3.088893402213640504e-01 2.321869350433334103e-03 -1.440894621817376091e-02 8.908297880143431144e-03 1.509356907218117327e-01 -4.992927992797229625e-02 2.125693206946671077e-01 -1.829906060205304177e-02 3.955259415632862360e-03 -3.030195469105071565e-02
-7.201050563454677866e-02 7.479859184557452467e-02 1.565970543783669899e-01 1.754580742574748974e-04 -8.291946212603644450e-03 -1.065430323919449966e-02 -2.903905577963714069e-02 -6.623622379971865620e-03 -1.829906060205304177e-02 1.257291946288745799e-01 -8.255991216265885779e-02 -1.370382926719314887e-01
9.844112461975332296e-02 -5.708558413624113814e-02 -1.653846125286010382e-01 -1.460422303834244939e-03 3.423343054285076653e-02 -1.485037537666385838e-03 -4.397798757477883180e-02 -2.523373377312183863e-03 3.955259415632862360e-03 -7.137884817632540735e-02 7.480508086545827051e-02 1.027273779464021597e-01
1.332709502864466711e-01 -1.363438308645869568e-01 -2.572876751592124145e-01 -5.167367077077134573e-03 9.536676308768048463e-03 1.719030785891793563e-03 2.377447687598189391e-02 -1.002873895463319252e-02 -3.030195469105071565e-02 -1.197667723574562942e-01 1.197794903066651817e-01 1.943360110043327871e-01
