1.842807639713094359e+00
0.000000000000000000e+00
1.142123504908424715e-02
1.102071196993444600e-03
3.347961674154674938e+00
9.573755868027037600e-04
4.074243165772809677e-02
1.056567666371759223e-01
4.567054039852721029e-03
2.676782984176073743e-02
2.065014417779402131e-02
2.255196501880328830e-01
5.906278653932902668e-03
7.096619565542788832e-01
1.416814596398449844e+01
9.061681030055597219e+00
2.833137879347518220e-02
5.586958220833267846e-03
2.227577279215541273e-01
1.381639216697583316e-03
2.451614266981856916e-01
5.089392533612624718e-05
3.197966091879115864e-03
1.470669069249546865e-02
-6.548256840099853093e-07
2.181594737414638274e-03
2.843642704287393120e-03
6.251646671741420977e-04
-1.781502549348242480e-04
7.518622980726919142e-04
5.343575468348182866e-03
3.954359914430477518e-01
2.753707661350820231e-03
0.000000000000000000e+00
2.269478901859193782e-03
4.573781665902987986e-02
6.414930811686980977e-04
2.599188568218154492e-03
6.967891267717796645e-04
6.528594918841908136e-04
1.961131961416844385e-02
6.664339624287659355e-04
4.874798119994886922e-03
1.264889299291397816e-03
