6.761320092585532127e-01
0.000000000000000000e+00
2.362812091726236019e-01
9.329681080164261555e-04
-7.351334766524537934e-02
-1.309802162832081904e-03
-3.684052030293753777e-02
1.651785340913551961e-02
4.695243254377719395e-03
3.470689828547849921e-06
3.234914566168208428e-03
3.828486700446724362e-03
8.804416531440410580e-04
1.122076442904478721e+00
3.724407125065540280e-01
3.784399565534844467e-01
-7.089778064864393770e-02
6.653378862162402608e-04
1.020707458622409497e-01
9.330064223001717787e-05
2.576877671208658411e-04
8.182369270234450586e-04
-3.828068170820635017e-05
3.228544627531526601e-05
9.101082248437197548e-05
-1.263562502367833636e-02
5.962645680373191088e-04
6.581431688896799415e-04
3.439768544002778645e-04
1.241484918370564872e-03
-1.224308550947911592e-02
1.653676254989028607e-02
-1.120372393800092396e-02
0.000000000000000000e+00
6.926462106586169561e-04
1.386659336781488269e-02
8.730214017579429261e-03
-1.682297922269186338e-04
1.423575358540651870e-03
-3.069185594183436103e-02
1.275902816285691584e-02
-3.718346560235657322e-02
1.586260797027421732e-01
4.889227130911407478e-04
