4.591579785267733797e-03
0.000000000000000000e+00
5.303590166959071088e-03
-2.519428079337767464e-04
1.703218772195850552e-04
2.959333960221854841e-05
1.274634315145517613e-04
1.837443855657798053e-04
1.268581985920465727e-04
1.718635235227712946e-04
-5.240419518353878550e-03
3.984386786679028694e-03
2.749844176220247148e-03
1.281466602353697748e-01
2.182431719323093145e-03
5.090778436534163648e-02
1.080603092460682117e-04
3.417347757073955659e-04
1.150909126652906568e-03
8.129051717224259488e-06
7.800800833240491836e-05
1.301476760494265291e-05
1.141632141543021589e-04
3.766902546283349643e-04
3.272616351813380513e-05
1.897577815169674664e-04
-8.077853477863605205e-05
3.635799109248753622e-05
3.334880241926778117e-04
-8.084916292657359083e-06
1.145679349139287345e-01
4.651165571916900630e-03
1.961264244962827418e-04
0.000000000000000000e+00
2.333737947897596035e-04
-2.987755280897245493e-03
3.470596042533428439e-03
1.680700213705588143e-04
6.384182397580021604e-04
7.109382450761618163e-03
2.873007864515031515e-03
-2.904530510845567564e-04
5.409689905413025447e-03
-2.211581292830278045e-04
