7.865396441611545164e-01
7.852713903909513959e-03
4.897965459531583847e-05
6.764822313231426128e-05
1.276083426424268305e-04
5.131503917639968285e-03
-2.805965961028000777e-04
1.872647691384280843e-03
4.634601367170532341e-06
1.794445718579747498e-04
8.320469530569196475e-04
-7.237453299580031912e-06
5.444100759236884621e-06
-2.048034451764757340e-03
9.743340811783518952e-04
1.716816264178751706e-03
2.209197771939249363e-05
8.874956459352656695e-05
1.689513639819099358e-05
2.859486444090508783e-03
8.418697054117056644e-06
-4.045018527512563630e-04
7.940013390474408989e-03
1.132868518828322735e-04
-1.665442813339431175e-04
1.698719369809994012e-05
-1.486075928353036701e-04
4.740727928915777496e-05
-1.694254029550960398e-05
3.325311639879184101e-04
1.966274527055872010e-02
4.116368066317462396e-03
5.059064539957673352e-05
0.000000000000000000e+00
2.527467439078042409e-03
1.963962903371493026e-05
3.461888722936438349e-03
4.501275947951814162e-03
-7.240967928669276308e-05
7.597385208960952962e-06
5.969808199779436320e-07
1.280314799238328230e-05
-2.793529437326987773e-04
4.884486989454229003e-03
1.023505430177706865e-05
-2.149672362092846931e-05
4.768577139676229329e-06
1.054483636579643105e-03
1.640170226364423556e-03
6.635847533874213991e-05
7.133490340331357423e-04
3.190683085179853715e-05
1.281462777565541562e-06
6.999885790075043978e-04
2.329768919728114705e-03
1.709519576129442039e-02
-8.538909898001471703e-04
1.235457067044509836e-03
3.532366880836786648e-03
-2.834277250901943437e-05
1.900224727308589710e-03
-2.630777977345270452e-05
2.421646514441396555e-03
-1.430138502228691267e-04
-1.674367525842527572e-04
4.772207345935138706e-03
8.514219346141559813e-03
3.985463167243575439e-02
1.221775537193522769e-02
6.483210358671392948e-02
1.173292058326549404e-02
8.814994138026258433e-03
1.617726467458325407e-02
0.000000000000000000e+00
3.466566147781395112e-03
-7.442672939062718322e-05
1.726276486039660976e-06
8.574510263375679370e-03
1.422732096892108215e-02
1.268260738946363694e-02
-3.060654821362973621e-05
6.744011978062004753e-02
2.422314928009194727e-03
2.423345439310708831e-03
1.727284243404846042e-02
-1.002138262535227356e-03
2.377471347300315601e-03
-2.366588838714619113e-04
-5.034374536720361611e-04
-1.541062176058316470e-04
-5.366018304701143833e-04
1.050123375242832251e-05
1.809176305229143189e-03
1.856086872572356447e-03
4.741121653998684604e-05
-8.133436505320575387e-05
-1.860832301892741689e-03
-8.884181228413723591e-04
2.694008275810529649e-05
1.892553708878833832e-03
-9.584707924463901950e-04
-4.296346474238636249e-04
1.710115993051242265e-03
-5.690125454953879345e-04
1.235148459042445480e-03
1.001594257967560429e-02
-9.193514990982384601e-05
1.024083764236127758e-05
8.894633137734863515e-06
2.249085787384304518e-03
1.110793657384719599e-05
6.757302311879431213e-05
2.715907860234197666e-05
0.000000000000000000e+00
2.074851778768678837e-03
6.188152356697192677e-06
3.466910333653546328e-03
-1.069099287422418471e-04
-1.030177564802503486e-05
-4.799575860969796038e-07
-2.221197020813026057e-05
2.225207595348462594e-06
2.442062269559778630e-03
7.289845932585222246e-03
4.441973930804558532e-03
-3.457076999822561339e-04
3.871436962061884385e-03
4.642829935261794452e-03
-4.654573376469351093e-04
1.289968902066022417e-03
-2.008294529715471018e-03
9.095468123088146567e-06
-1.388461666399735429e-03
1.503057610247264097e-03
5.082711423841572256e-04
-3.259176389280564077e-04
-2.916573395888984676e-04
-1.168343571276671657e-03
1.315124267438457428e-03
-4.503389888776965222e-07
-1.901342669172745168e-05
-1.604492390655890834e-05
-5.826739192812032192e-06
5.421339947596170647e-03
6.688880429021419636e-07
2.075854983804936629e-03
2.217434310368005066e-03
-1.389888367280267477e-05
4.763989248772748924e-05
-1.431953797574140760e-06
2.625325842063504708e-05
5.481029308025624214e-02
0.000000000000000000e+00
0.000000000000000000e+00
1.110527895598419600e-02
-4.795175477578794910e-07
1.725714475407029002e-03
-6.989513990490303207e-04
-4.027308499981489213e-04
-1.703554190646272517e-06
1.911800124686842840e-03
4.439220134059655021e-06
-2.923384824375189689e-05
6.590208108010475469e-05
5.498143414757183662e-05
-4.615089571955592108e-04
-4.835198519313650835e-05
3.483606853496486883e-02
-3.560873572877820909e-04
1.307659677173848324e-03
-4.901606689025135750e-04
2.175161245303954341e-03
1.833139862638303577e-03
3.891892093220065442e-03
6.734548675328966554e-05
-5.351280154105205600e-05
3.207903889531256786e-06
5.155360812575763565e-05
1.468962592664587417e-03
3.454913646160817555e-03
5.180243867761132655e-04
7.823699947889710231e-04
1.186884185019702469e-05
8.354792881840970842e-05
2.650399384666416930e-05
2.612455784991585397e-05
2.244863472553682102e-03
-3.188514838677510614e-07
2.245306599358553971e-03
-4.670729162475536209e-05
6.964122889728511677e-04
2.061691712038590026e-03
3.475399884873271988e-03
0.000000000000000000e+00
-6.448025567928894475e-06
1.722168431802987730e-03
0.000000000000000000e+00
4.648426740749833641e-06
2.043781563049392423e-03
1.908890898792744116e-03
1.140147423095501822e-04
1.900781330946480765e-03
