-2.468678677493049353e-02
0.000000000000000000e+00
2.664214504579816550e-03
-1.434786488601246246e-01
1.564759030311664925e-02
1.536000617153554515e-02
1.179953802345319255e-02
2.495078741362791522e-02
8.838285163980507536e-03
2.625288178779611528e-02
4.009784241188585341e-03
2.711773983340644810e-03
3.958371149723053858e-03
-9.620685813482607873e-01
8.235159750426604419e-02
5.450546595288662671e-02
1.417521320208708566e-02
7.511615385352794945e-03
2.180527746529116184e-01
-1.291591214124624791e-05
1.848284642670172727e-04
7.931188942900124772e-04
-9.018798886984609746e-05
-1.049250946519642068e-04
-1.496865007459824358e-05
9.156702355424724282e-05
1.815932606517023373e-04
1.102090521861898110e-03
3.041921214783046331e-04
8.980380720271963647e-04
-1.127971214514785457e-02
1.552649323491150880e-03
5.351419307529367043e-03
0.000000000000000000e+00
6.803426684052205076e-04
5.103240203407465991e-04
1.896216393106486863e-03
5.247028709666127881e-04
3.256763742862952117e-04
-3.597020807650065932e-01
1.010510979870519495e-04
-3.326262809404629262e-01
2.424682685395247988e-03
-1.810389256211507591e-01
