8.214678090550407985e-01
7.603517226300008855e-03
-2.449423675651522385e-05
1.126965112068149366e-04
2.642404234887352297e-03
-5.594500187230030253e-05
-5.990276256354990986e-06
1.099615792392150099e-04
2.866621829687924345e-04
5.610312956295289703e-05
1.636776398693092372e-03
2.531891516335415919e-03
1.882789824315282213e-03
1.836323493168793566e-04
6.390468808681326607e-06
3.349520199809793117e-06
1.954015195618234203e-03
5.985750608371564682e-03
1.695661842024964592e-05
2.478585263791232944e-03
2.389318204844551995e-03
-1.357636905444511099e-04
5.084873807678088643e-03
1.693141496574697923e-04
-2.276155753915783456e-04
2.504080760963067840e-03
1.101235111324287133e-03
9.795566495021112443e-05
1.409815979370724736e-03
-7.754146555664457124e-06
1.580779554685150801e-02
5.877050951888166362e-03
1.543286221696119967e-05
0.000000000000000000e+00
1.086169314084006743e-04
1.398943512172579019e-03
1.194527908011340945e-03
-3.489307085217922431e-04
2.574194900767357106e-03
1.703038269037134404e-06
2.315815842009645925e-05
2.590376893933451271e-03
-4.254336252235516871e-05
8.517547540056232686e-03
2.404886494455545640e-04
1.602430656749105956e-04
3.853217705943971094e-05
1.464110015145421992e-04
1.572091221794817174e-03
-5.533508971929575543e-06
1.166488411863790065e-03
5.758119346235860640e-04
-2.377675872788920400e-06
6.706606026636973816e-04
4.958089575745061595e-04
6.194656902688351792e-03
-1.119485326688285289e-03
6.094310287492343652e-03
-3.831186611193822754e-04
4.884812923370655463e-06
-3.021629510679302191e-04
7.259386693671654022e-04
4.695011936412344657e-05
8.947352212828422200e-04
2.977107679158486064e-03
3.798590974595901937e-03
5.513950035882797703e-03
8.069591749767004996e-02
1.435615747349539700e-02
7.467889189939273809e-02
2.566978643543671619e-03
7.092006597664875581e-03
1.832872761494823075e-02
0.000000000000000000e+00
2.472605809711802931e-03
3.048808351928570561e-03
2.594710219942323756e-07
1.565948068555127540e-02
7.866559167310115813e-03
1.660835863640518217e-02
5.772598738847574926e-06
5.782949106135426565e-02
4.448121383449077371e-07
-2.490016190166422018e-05
1.836809082469443785e-02
-1.555924959508965966e-03
1.600525120136124134e-03
9.910707055350945769e-05
-5.400352303750170389e-04
-3.083303432276363325e-05
-1.281910974289031868e-03
5.922948849716262043e-05
-7.038417719130348198e-05
-3.784171064011343337e-03
1.546019199034720602e-03
-2.285256297246925420e-04
-3.811064425415085720e-04
4.463492181225732990e-04
1.679859337850020439e-03
-1.965129916503549792e-06
-1.538094145010449011e-03
-3.518032177560600159e-04
1.870236005661289093e-03
-3.844338227539490058e-04
9.929862396851859337e-04
4.218205369758572763e-03
5.134472347203389471e-03
1.648061433456859959e-05
-9.298823856444353431e-06
2.558172209250549663e-03
-6.063546638398105945e-06
8.234516287564848662e-05
-1.531179552323180882e-05
0.000000000000000000e+00
7.294185241371042849e-04
1.610443250184741747e-06
4.809333605706789250e-03
5.599594211982194874e-04
2.666186046242328619e-03
2.559193368503261731e-03
2.514489992115934939e-03
2.730848880857135971e-06
2.558961003000541010e-03
4.163551540455520142e-06
5.052104206354165496e-03
-6.322860395693148628e-04
-1.374017889605287169e-03
1.047715717680897194e-03
-3.479846805198934961e-04
6.345061917703750649e-05
2.843414473216269582e-05
1.907369511988695485e-03
-4.106780741200670047e-04
-8.182071234209257636e-04
-8.009758208841570189e-07
-3.413850108578308953e-04
-4.198626711329200845e-04
-3.728029548857388791e-04
2.229679445080145952e-03
-3.077200314224685511e-05
-3.340818991374542531e-06
-6.586391003423249477e-06
-2.757097863187082107e-05
1.186117742591659870e-05
-6.075022041907019058e-06
2.040476862455046451e-03
-1.437375874400181919e-05
5.228892881029656090e-03
2.044954014871488025e-03
-2.071175364136331395e-05
1.944523797821062839e-05
5.726808434970887679e-02
0.000000000000000000e+00
0.000000000000000000e+00
1.337293528769656348e-03
1.231639840189776128e-06
1.195316396173547614e-03
-3.246762417416023555e-04
1.193919649065122712e-04
2.560263779284392346e-03
2.656366222129569361e-03
2.540139545865686705e-03
5.304922037689212097e-06
2.107667676062852102e-03
4.808554043034462752e-03
-4.370025419478951179e-04
1.607514821107710245e-03
3.231601128642698495e-02
-8.541115128527436255e-04
1.106697989785458257e-03
-1.088398317055198471e-03
-2.934092629696868069e-05
-1.379965846883083604e-04
5.535282216425185375e-04
5.429047328323980548e-05
4.466833587223573501e-03
1.687888447007660913e-05
-2.418505945648889374e-04
1.578723950369753572e-03
-9.738078305547107432e-06
1.836324903069737769e-03
-3.089852788450864088e-04
3.894221078923158357e-05
5.738174191519303664e-05
1.570460308727058069e-05
-1.152091131887781653e-06
1.327863610178781073e-06
1.332783268770398961e-06
2.577963747893356142e-03
-3.909421056595233790e-05
1.653840449433123050e-03
2.570506082774648426e-03
1.017705489236853196e-06
0.000000000000000000e+00
2.604023745675143608e-03
2.546945057785669211e-05
0.000000000000000000e+00
5.031833293274908658e-05
1.168403241096349564e-05
2.841497356772156470e-06
-3.668459813575782481e-03
-4.144533016336993008e-07
