3.862200576324243073e+00
2.512765385797136996e-03
8.439670903174581823e-06
9.660046417003797222e-07
1.376002238340149730e-04
-8.068792299209693458e-03
2.362534661812916870e-03
6.865059363060143976e-04
-5.355600342353828141e-05
-1.499039473723518066e-03
4.233146229288817924e-02
2.053730971633675349e-04
-2.146032645974645494e-04
1.478824837702526591e-05
-9.907875995485149867e-06
1.791201224424332603e-04
6.517259420017277799e-06
3.594139766886309938e-06
-1.834008997958491747e-06
-3.946406488439801883e-05
-8.363441781801188128e-04
1.019767101230565701e-05
6.694850452800456614e-06
-1.561958051839636671e-06
1.467354339096764047e-03
-1.320328201361039124e-04
-1.729401123417388043e-05
-1.124809252065113869e-05
-2.898735891648425986e-05
-3.241444135858213984e-05
8.088889373144187938e-06
-3.596295713826321624e-04
-1.018772854632921110e-05
0.000000000000000000e+00
2.920381809901062553e-04
3.542608872008449756e-05
-1.417817003151651928e-05
-3.994854794969378840e-05
-2.225687953119060005e-05
-3.572293429310313769e-06
-6.694274176070196024e-04
-2.312697712153847509e-05
-3.795936379700955301e-05
-1.199006186401637349e-05
5.670504033125212465e-03
3.985222146590435552e-05
2.430941298407152064e-04
1.857532379033166679e-03
4.288551577925255325e-05
-1.999397484284755778e-04
1.398745225358914376e-04
-1.802966401827088628e-05
-1.701942124313256672e-05
9.641116998836703591e-04
7.678369764022955490e-06
1.179334137782668963e-04
-2.655071471277340860e-05
2.667823965659891616e-03
-5.890367866057862338e-05
-4.685862946766465237e-06
3.156322281738788064e-06
-8.963292743224826947e-06
-5.328728148260944960e-06
-9.128588477206693575e-06
8.837308786209992567e-06
-1.698074134282023806e-05
1.839556839274466077e-05
-7.596783742092049979e-06
-7.625205403523812453e-06
4.354686531763777604e-06
4.783121745030926913e-04
2.788489543411880062e-03
-2.024829528873469395e-05
0.000000000000000000e+00
1.770173012708061295e-05
2.367266925374182098e-04
-1.723717351693743251e-05
-1.199370297921091115e-05
-2.141545924951119632e-05
-1.000369176666164075e-05
9.576574389603316755e-05
8.839256925615342897e-06
2.762915576799418528e-05
1.498642791633031345e-05
-3.083818625932247817e-05
2.922961161950787880e-05
-2.440977193040409155e-05
9.166744396792732676e-04
2.020486934483164021e-04
1.929118816694065652e-02
7.349664736830222327e-05
-7.552040136617291797e-05
3.239212939896966240e-03
1.217797852047097871e-03
1.122813947982415106e-05
-5.778461471027303433e-05
-5.277616997061418673e-05
-1.575893698283851657e-05
1.197536262968294404e-06
4.495049446292161842e-07
7.404781109655959046e-05
-8.326695533233951385e-06
-1.529992305782101838e-06
-3.362311855085546088e-07
-2.497472302046925202e-05
3.420453706475257421e-05
-1.417519914073868821e-05
-6.183572977998726478e-06
1.458472363726833366e-04
2.083913561814476758e-05
3.880525553492386728e-05
-2.238017089620421702e-05
-2.995751113383053057e-05
0.000000000000000000e+00
2.005489300092847980e-04
-2.495218277776730452e-05
2.050009476743201455e-06
2.086343557211082448e-03
-1.508662263826436138e-05
-3.372115596630050749e-05
4.309888391656654103e-05
1.613296997031721179e-05
-1.719133287481078214e-06
-6.456946152422204932e-06
3.649647642700985101e-02
-2.303262146354715767e-04
5.127666291152414152e-03
7.846336634641700933e-03
-3.695839864044092322e-05
-6.103421986059694442e-05
-1.133779321687011720e-05
-5.392844185314523212e-03
1.473571028099973645e-04
3.101084892926190553e-05
2.629633500845033613e-05
1.408251771616149894e-04
-5.234015394110317498e-06
-5.218875782094419341e-06
-2.267412369198288852e-05
-2.889177572660272950e-05
4.660370713776821770e-04
8.486823408347395070e-03
-9.873126413288228753e-06
8.422123007763756408e-06
4.358801558680203483e-03
5.914050696182930437e-04
-2.969775600858426316e-06
-8.491282321794931368e-07
-3.220370924774673818e-05
-4.807960919646822065e-06
1.919297979631196039e-05
-2.183748824330441097e-04
0.000000000000000000e+00
0.000000000000000000e+00
7.248365411438584049e-07
3.476435675916119285e-06
-2.474121016844410615e-05
3.761387200868160580e-04
-5.668832768964312396e-06
-4.303251059430598066e-06
-1.362889377082658232e-05
-7.394598779335792788e-04
-9.675814370243193325e-07
-1.165346989789946665e-03
-3.787235921127359299e-05
-1.430556273017654203e-03
7.870492515671401857e-06
1.949948216815823310e+00
-2.589891660765116215e-03
2.347785733802328426e-02
-2.596394676653290823e-03
-5.623461387768517310e-05
-2.071980081947236987e-04
7.348082029946153009e-05
1.105993420518943222e-05
2.024466094463339867e-03
5.607518603265064343e-03
-3.427076357579809590e-06
1.377995489431960206e-04
1.087503602281714192e-07
1.088704441443155702e-05
5.974392216653671566e-05
-6.462512135916383300e-04
2.934813791080070899e-04
1.335046497107731759e-05
-1.353392682318747436e-05
5.107271580939709396e-06
-2.603485336098998392e-05
6.604612405869403347e-07
1.284618753157218299e-04
-1.074153209733956053e-05
2.394956299636004870e-04
6.521091729740986949e-04
0.000000000000000000e+00
4.547877325487892147e-04
-4.100337392220302908e-05
0.000000000000000000e+00
-1.441206438738499609e-05
2.014364829442764554e-05
-1.076548389551993751e-04
4.946928132465444605e-06
-6.438751447351472588e-05
