1.392700638412246450e-01
1.118498909310351903e-02
2.576260938990474693e-05
9.511095350513975601e-05
6.217205770703430933e-04
-1.740273917863266375e-03
-3.759772410335537884e-04
-7.536533308699068512e-02
-2.913424977208330709e-04
1.116920483990035962e-06
1.671828258198981929e-03
-1.042402242736143806e-05
4.128769356359640427e-06
7.589152288822731407e-07
3.619493297629302329e-05
-7.218781079991743170e-05
1.347734227857833034e-04
2.417746218727737876e-03
1.012816196626816318e-05
3.242790068154562458e-03
-2.404376877374048149e-06
1.573889348035114320e-04
6.133537701616708845e-03
2.169607433042175569e-04
-1.069148295410974752e-04
4.000432195572223123e-06
-7.252196612366942072e-05
6.147553636030404428e-06
-4.417772393669287394e-05
7.172898160168935115e-05
9.126535396868392172e-03
1.033583554210296303e-02
1.490465458019082020e-05
0.000000000000000000e+00
-6.902244738375233602e-05
3.824111211511530966e-05
1.118756572389874866e-06
-4.449410807348582055e-05
3.615867034375182688e-06
-4.518553122956347864e-06
1.302521233961832444e-04
-1.421671311208072468e-06
-3.679150333136297583e-04
5.906328901430502043e-04
-9.823450567931028279e-05
1.962669074774566315e-04
1.445529492173802557e-04
1.034278468923677279e-04
2.347627708437897455e-03
4.797206219163315113e-05
2.110051855843520126e-03
-4.825026862978143644e-04
9.516677683757782948e-05
8.400310561096380538e-03
1.128777990134777198e-04
-4.944254089645679366e-05
-7.165024475029424088e-04
4.396454942101835290e-04
-2.051414124278894136e-04
-4.931513362279223844e-05
4.101104320646498450e-03
-4.248346446225441104e-04
2.211166693711537966e-05
-2.250512464205822738e-04
3.019583415138823132e-06
-2.564083395142432325e-04
-2.383929814183301847e-06
-1.298898084440095748e-04
1.645203463263578136e-03
-1.902172201990367237e-04
1.009134969978786573e-04
-3.204042309274217066e-04
1.670855180374205271e-05
0.000000000000000000e+00
-8.073993749824573971e-04
-2.158630366852006433e-04
3.682860857464239194e-07
-1.659881654897610249e-04
1.429216700046498281e-03
1.155069379449684024e-05
1.641347191945937429e-06
1.239823998216612150e-05
3.633513202716542709e-06
-3.325034619841756440e-05
3.309811029892482936e-02
-8.778184819885644476e-04
2.864909742743722548e-03
-1.354532717771602171e-04
-4.111182583348786386e-04
-5.127942251374288313e-06
-6.483431813578318650e-04
5.193984550141047396e-05
-1.156372432357481299e-04
-2.130064538740280341e-03
2.723973053048537598e-05
-4.925090801798741032e-05
3.094655035961550445e-05
-1.716695537135900064e-03
5.308589228089447969e-05
8.896752153342290742e-06
-5.316368796179027573e-04
-4.094399412198542203e-04
1.943701599553075349e-05
-9.778992628909134212e-04
-1.097018119853299112e-04
2.729338203434735193e-03
-9.515281942329423937e-06
1.872936606043633029e-05
4.767714612174955677e-06
1.515954987926397069e-03
-2.673068470326889127e-06
1.136276296389571138e-05
2.983445797229607527e-05
0.000000000000000000e+00
1.181217766716979934e-05
-4.386038695273578715e-07
2.853953271782690858e-07
-5.802194494900862573e-06
3.274261669476974661e-05
-3.979259388368442519e-07
-4.459361641260261997e-05
2.630725849162019115e-07
-6.842694238636445308e-07
-2.787512898703159301e-05
6.060965824377147898e-03
-1.332214650279069600e-04
-3.318490709234437675e-04
4.548629158161639354e-05
-1.362355483386427446e-03
-4.592795545176553635e-04
-1.000255026743982921e-03
1.027114751016207846e-05
-1.014806830860444939e-03
-4.900565810794788374e-06
-2.566942230775026913e-07
5.165492948215148242e-06
-1.602006427164311521e-03
-1.639571837233429761e-03
-6.485275455651325462e-04
-7.340159635971233226e-06
3.095024936424402984e-05
2.688489372274875062e-06
-7.337316342474290406e-06
4.970718088016649362e-03
-4.168348392378599259e-08
8.397199556228714720e-04
-4.468623733903479530e-06
4.023115096991602697e-05
3.086709190528817015e-05
3.717052913190244248e-05
3.907018467053842707e-05
-2.013768881162336763e-04
0.000000000000000000e+00
0.000000000000000000e+00
9.616130161365828708e-05
3.530319006239679213e-07
5.507477127982459045e-07
5.743020737072335316e-05
2.480454369062634544e-05
-1.064031457017241141e-07
-3.307888099041515209e-05
1.603873142155265577e-05
1.087683067816739604e-05
3.264599954972968461e-05
5.892962008915943791e-04
-2.964166309858222155e-04
9.070283954074979938e-05
3.157829061632237180e-06
-1.622453387703548565e-03
5.610795845359136226e-04
-5.341215435094914593e-04
5.674098853480913532e-06
-1.152583351613945011e-04
-2.359276871194933625e-04
3.521487388142100774e-05
4.470315211705748184e-07
3.758084169374295569e-02
-2.640587180633572673e-04
-3.834730617646645696e-04
-2.035232754769763160e-05
9.819799741281887693e-05
-1.519523601134720181e-03
1.577256771317555315e-05
1.111127368625582542e-05
7.920177695182790639e-06
6.179906181273213214e-06
7.578224567094486437e-05
6.817225661520283917e-05
1.805172147365773083e-02
3.542912575158485431e-05
7.365059128488689875e-05
-8.044211675780251275e-06
-3.871929078299215196e-06
0.000000000000000000e+00
3.367873163536335472e-07
1.897259205945189752e-05
0.000000000000000000e+00
-3.925969720852684475e-05
1.077909937824047122e-04
3.282017574712803309e-06
5.785453338654397174e-06
1.212592943588367937e-05
