4.147544212898001126e-01
7.997240297128450069e-05
1.335103930345897042e-05
-7.608831319968108155e-07
-1.174662375149700567e-04
4.696150487979444677e-04
3.828124306264335801e-05
3.206168355313435917e-03
1.309696455089603939e-05
3.818780967757007600e-06
2.356905493690941765e-04
5.582228500379570954e-03
1.741828827635449927e-03
-8.388522342284155170e-06
6.236204944021217161e-06
1.957208268842010809e-05
-5.927515532080374208e-05
3.688396729655433765e-03
1.435748671200591001e-05
8.827333117552201025e-05
1.727851953975008880e-03
-7.916772835862376933e-06
6.389905015298975876e-05
1.775233400014205329e-03
6.303716153449971107e-05
1.210832053635035931e-04
1.046832693274435400e-05
-3.393136480137985424e-06
1.417808618931555966e-03
1.097731771537713286e-05
3.292510610143498996e-04
2.097562160486473381e-05
7.474365551004187983e-07
0.000000000000000000e+00
1.761234482962215119e-03
8.979229153017594068e-04
3.716209546652970877e-04
-1.471214912148373789e-06
4.372999829434694672e-07
4.087023200072259838e-06
3.011826126145885512e-04
6.611252732786990780e-04
5.777394020901952844e-03
8.790505149302766871e-03
1.488356389609535347e-05
-1.000359417132242432e-05
2.933828973257964454e-06
1.535421735606116523e-03
6.940104550290370983e-06
9.722532679637297271e-04
8.219468740122692229e-06
1.696127772232713831e-07
4.489994079574325515e-07
1.279285506556939074e-02
-1.192441021071225958e-03
-4.202432609515434765e-05
4.738866011254024620e-04
2.421682288379726559e-05
1.006432699551629327e-03
2.164386425833830785e-03
7.791442348533313483e-06
2.813377688264913964e-04
8.699788765430168649e-04
2.003333525861424600e-04
-1.987213685901896957e-07
4.541523781927958581e-04
8.983423503491454187e-03
6.177474234950815386e-04
2.144849118587736578e-04
3.659727214631066164e-03
4.015395598464414038e-03
5.896781916806211922e-03
4.656908000274398961e-03
0.000000000000000000e+00
3.626311191248847172e-03
-4.617624758421386562e-05
-4.045089699578064027e-06
1.906234437374646840e-03
5.610471019562942099e-03
8.531863602754093806e-03
1.432079119603738970e-03
7.332561079103805564e-03
-3.770084778749182859e-05
2.001041715718835604e-03
1.468116709237632432e-04
4.233982394354167254e-05
4.286571070031793603e-04
3.477411786373322384e-04
3.646937298052617686e-05
1.169333545138299472e-05
8.817203378162682395e-05
5.171883320794397512e-07
1.065398424831738961e-05
1.254617671496705000e-04
2.134265356479314590e-04
2.473827059357170014e-06
-1.487895554689681357e-05
2.018835700121668179e-03
-5.003239480938503479e-07
3.498931555524127939e-05
4.342344915945576231e-06
8.916383974897801757e-04
3.624791130418499388e-03
-5.040393732532363361e-06
-2.605027250061434986e-07
4.669996903627904317e-07
9.843037404070701185e-06
8.188998580593853321e-06
5.220659868028220969e-05
6.452488890988187375e-06
8.682239668735557830e-03
1.006172477672165506e-02
4.136206729861887308e-07
0.000000000000000000e+00
3.357493779953350517e-05
-1.786540407981984657e-04
-2.424445258168243281e-06
1.619439974823351920e-05
4.341445374733688195e-06
3.133859520577578889e-04
5.283755382507064656e-04
3.163402501978514626e-06
-1.690442917616774497e-05
1.425946060398127456e-03
1.048736546338524533e-04
2.492431300172478280e-05
1.799440152602678998e-03
5.462696799643766308e-04
8.558841216614136705e-05
7.692067514138607742e-05
1.561603444519832216e-05
-2.282812146744047076e-06
-2.010188204776645340e-05
2.386156156764511049e-03
1.978077250930162026e-03
1.918568275279127454e-03
-1.422109199422649879e-06
7.432914451439713620e-04
1.673986124478673166e-03
-2.258738131644122404e-06
-1.653167585338917862e-05
2.061008966270557529e-05
1.691979167103078475e-03
7.663586785329929934e-06
1.883962646581268383e-05
8.197639910563954763e-06
2.196897676216558250e-05
3.702541476617119553e-05
1.501601829772732483e-05
1.532715252059446562e-05
1.723960323044049269e-03
1.711738039622057129e-03
0.000000000000000000e+00
0.000000000000000000e+00
3.378284430420171788e-03
-9.366826425605267187e-10
2.115938269933170937e-05
-2.701494923806069433e-03
7.799779719134629077e-08
7.734692458403414012e-04
1.332135533622954117e-04
1.970904622705660274e-06
2.464698529817492195e-06
3.092049284728392916e-04
-4.100085872779176571e-04
-2.565748943913851858e-05
1.195851138505140326e-04
3.991806130738550715e-03
6.541616200195221270e-06
2.855609942099176301e-05
1.380202356168573201e-05
1.677449480227499821e-03
3.936315635325963325e-05
-2.054507729434791932e-04
3.598897428889931562e-05
3.546394912330279054e-03
2.917541072863609057e-05
3.322845961523472331e-04
7.318804019534441273e-04
3.877944643101057823e-06
2.641910970037445808e-05
6.708896967394962097e-04
1.487679413267735786e-03
1.055807501907738862e-06
1.287782298345630004e-03
4.971428862600084202e-04
1.583908574372590697e-07
5.247808447135978233e-06
1.572345280308781734e-01
7.735672221139466625e-04
9.190040289482521668e-06
1.516816526257029098e-03
-5.085628804006129284e-07
0.000000000000000000e+00
2.758706342349729820e-03
-1.391287010769441149e-06
0.000000000000000000e+00
-6.527476233605019622e-09
3.221381339087632809e-07
1.629110667700217671e-07
-4.640366387439106416e-08
8.037506579183784083e-07
