8.517328938879115130e-01
0.000000000000000000e+00
6.955600613035352320e-02
6.186878063157171372e-04
-1.515483113613954047e-01
3.930789271267813405e-03
-4.207788600448585797e-02
3.267238610303294100e-02
1.862320476237370494e-03
1.512308859491939828e-03
7.894928383142667608e-03
1.199488646169116421e-02
2.828535512760987827e-03
1.082369659717513866e+00
8.053435621994806115e-02
1.466463928585687304e-01
-1.813656683698503247e-01
6.991313399774619526e-04
-1.218362824034655428e-01
9.837379628458246263e-05
1.179794143755241720e-04
4.243194127070637695e-04
-3.182361282445533574e-05
3.835580203381964482e-04
1.062623921480672807e-04
-1.315748858830681663e-02
1.392661701456813540e-03
3.383300568713535684e-04
8.644010140286113820e-04
1.054298004657727716e-03
-7.470715412391100430e-02
1.989118138082339796e-02
-1.006874397424817325e-02
0.000000000000000000e+00
7.226511137125098301e-04
7.334314001538514739e-03
1.726426705807915241e-02
-3.679358396653971842e-06
-6.114929349321694685e-02
-1.184535780450474002e-01
1.744020138888956878e-02
-8.395699700578083957e-02
6.356089281636158328e-02
9.378495255717656182e-04
