9.382363196698817465e-01
6.008687873240399213e-01
6.313541477963728887e-01
7.717457362257448272e-01
-1.058683688732760864e+00
5.641638243892876936e-02
9.455769891233276603e-01
3.800508825701320870e-01
5.530307893970143329e-02
5.401415847283701499e-01
7.653518000108325836e-01
9.518115234280374315e-01
5.015014348775449493e-01
9.501648461434233361e-01
7.142247869101778779e-01
9.259644018937928100e-01
7.957225979917381675e-01
4.483049607004481185e-01
7.287731673790696085e-01
8.422081973291817292e-01
8.340040182518988487e-01
9.412437226349138486e-01
4.741198321812385430e-01
9.613818732615821983e-01
9.382689990524250012e-01
-5.374760015236512700e-02
-2.830989189601704759e-01
1.921913017168894733e-01
-2.910445769497618240e-01
6.227850699876243956e-01
6.457284434204959567e-01
6.992755441227422875e-01
3.498890029224130949e-01
6.803165092329108710e-01
7.350735282920901614e-01
6.701539189145891973e-01
9.181517814313344683e-02
3.775663661079593503e-01
6.800695481448889579e-01
9.675346632729131535e-01
