8.328007786865214701e-01
6.289260101887683696e-03
-1.565556020145020266e-01
8.841944979494846812e-01
-4.787616686287766044e+00
9.260510218901933932e-01
8.918774681584088482e-01
-3.745468263728923830e-02
9.783081452401892752e-01
-2.651715499677878007e-01
9.192822580439463653e-01
9.184425587035639493e-01
5.011143899534926671e-01
9.381152840834452444e-01
9.240467847695037484e-01
8.418500885254832644e-01
9.162137892813347895e-01
4.482931238645180283e-01
9.466104859050108455e-01
8.487286519305284882e-01
3.723317463422072260e-01
4.468903863370917717e-01
1.880241250897556338e-01
3.182801772911096894e-01
8.267499243608189552e-01
7.271988401461944029e-01
6.341099872035330653e-01
5.679658169406454071e-02
7.847721791531517832e-01
3.644151636988126608e-01
6.559387467561865748e-01
6.078931769459071655e-01
2.671618764201741936e-01
5.942476129721080413e-01
7.153826861009388027e-01
-2.151652057842237120e-01
-5.380933722863734392e-01
1.552930688357465616e-01
7.479134644973928214e-02
8.725072175017750675e-01
