4.255912559954561402e+03
5.291270470320206414e+02
5.981297344274838679e+02
2.010252510971230322e+02
3.408052045143602754e+03
1.430367260708916319e+03
6.122755444356494081e+02
5.830511648196079477e+02
5.091679339142635285e+02
1.495406210488046554e+03
3.418489618324329626e+02
4.568482259543864643e+02
1.415532087394869905e+03
4.076122564202257195e+02
3.999474484466124409e+02
3.029662664879352860e+02
3.383763760263036033e+02
3.868018586816873494e+02
6.357945365853707926e+02
1.015003996020391355e+03
1.173144701777780256e+03
1.173454470956478644e+03
8.869527189963317824e+02
7.059667883108718343e+02
1.209369389125377711e+04
4.987112583886119864e+03
8.342433871389112028e+02
8.501250680086955981e+03
3.674889304907042060e+03
1.896759358969439518e+03
3.884523534443480003e+03
3.635948182547222586e+03
6.521188085522910569e+02
3.619158256241735216e+03
1.583735762456117982e+03
9.639235915424158065e+02
3.523568424273198616e+03
3.386898637691338081e+03
2.853303153018157445e+03
1.464695590160006532e+03
1.222307531321576562e+03
1.103226361192118020e+03
3.492181079209129166e+03
3.380727055611672313e+03
1.230224936967521217e+03
1.165010645873583599e+03
1.023761191982056403e+03
4.284441283373673173e+02
3.484743061128124282e+03
3.383066693045747797e+03
1.295377957019571795e+03
1.069112934598137144e+03
8.834640917703623018e+02
5.372377214776613528e+02
3.450901021043416677e+03
3.392967279995804347e+03
1.130207775857317756e+03
1.083792851762656483e+03
1.010441641209481645e+03
8.780664843712675065e+02
4.255912559954100288e+03
4.555136764551434680e+02
2.638756010586555931e+03
7.359995195287222032e+02
5.628435987865359493e+02
2.627218207358358995e+03
3.203523109113116334e+02
4.329838814022481301e+02
4.358998652550031352e+02
7.363565869237631887e+02
1.701869393915754642e+02
1.634724134993404903e+02
2.712851336503238713e+02
2.811360285634634693e+02
3.618135746796815056e+03
5.139399383777738421e+02
6.393289181840431183e+02
6.422952618793043484e+02
6.609652755973986586e+02
5.967557463101509256e+02
3.165293233769525614e+02
3.112155790077994880e+03
1.031109059929980049e+03
7.741215741025947636e+02
1.811757903167453333e+04
4.793272762410503674e+03
3.975776996818236512e+03
5.686507428180142597e+03
3.037504920016021060e+03
1.202277077341008862e+03
4.618280859416572639e+03
3.916822057559395489e+03
3.634513623674816358e+02
4.292519063834787630e+03
2.384857114347940751e+03
2.010414802301516772e+02
3.532531380190737764e+03
1.096117157234743445e+03
7.998868281099303204e+02
3.483130954833617579e+03
3.375997967615340258e+03
1.359984615587600501e+03
1.255313026247753896e+03
1.048895210964520629e+03
8.846855412782844041e+02
3.476439052309248382e+03
3.376745082550060488e+03
1.247603753351096429e+03
9.960761026175058532e+02
9.926885443673886584e+02
9.033801335712277023e+02
3.481307524149666733e+03
3.377491946655243737e+03
1.261958292096295054e+03
1.005604485529420913e+03
9.234682474913430497e+02
8.590204236434492486e+02
9.235790287696190717e+03
2.576254159012476975e+03
7.290995396714730532e+02
3.820017868118118713e+03
3.460406438219150459e+03
4.295362529931367135e+02
5.738358133085565669e+02
5.716051820066500113e+02
4.535719021036620120e+02
1.634680574229830427e+03
5.209876724574704667e+02
5.574887799323223589e+02
4.463074689532321031e+02
3.465932868567199421e+03
2.529827164605374946e+03
2.356054609988117932e+02
3.535682322517989178e+02
3.033274478760100465e+03
2.558756237024480811e+02
4.539840514968214507e+02
5.091028106858104252e+02
4.009614869732467469e+03
3.248859034706811144e+03
6.964537276391282603e+02
7.741215741025457646e+02
8.313668499823719685e+03
3.709414212234737988e+03
7.201244737703265741e+01
6.765990844578689575e+03
3.893860029524439142e+03
1.584508490954149238e+03
3.645943535046591478e+03
1.687222258476984280e+03
1.408113466054550599e+03
3.538269594178275838e+03
1.311692757362146949e+03
8.794979386228070553e+02
8.493986899486022594e+03
6.012854628101279559e+03
5.147343322425198494e+03
4.395861386843506807e+03
3.364567144569186894e+03
2.911596896416147501e+03
3.511504438661751919e+03
3.393133690040781858e+03
2.774482046493594680e+03
1.325217706223972982e+03
1.174537561897908972e+03
8.325864605568413026e+02
3.474301312727709956e+03
3.370452338436703485e+03
1.247686870206236335e+03
1.008790393032684847e+03
9.583760452046249156e+02
8.908469678325628820e+02
3.873042793245915163e+03
6.774426361707018032e+02
6.193332100555652460e+02
4.237798792435661994e+02
3.480946607147288432e+03
2.740476324773128908e+03
8.392862509557111252e+02
2.651676776936695887e+02
4.421780810801110420e+02
5.246865927724807079e+02
5.283515151052355350e+02
2.915967447301437460e+03
4.253585828563521432e+02
2.870370090558325842e+02
1.118165674589196357e+02
4.668315819315907333e+02
5.678378054603381315e+02
5.618703220040091537e+02
1.950659846364220584e+03
1.904665156955972407e+03
9.992566391744774137e+02
8.614331147079026323e+02
1.502111530947768642e+03
1.914429367549979361e+04
5.053454300149880510e+03
6.158525638285780133e+02
3.678967326943165972e+03
1.691522414600435013e+03
1.297521771930548084e+03
3.399869758419986738e+03
2.217583527178448094e+03
1.681125357466244168e+02
3.113906801421215732e+03
2.146743976881106846e+03
1.064512441024411828e+03
3.730542342061494310e+03
7.782742747253043945e+02
2.127063027852360051e+02
1.305549161708273823e+04
3.957031138237145569e+03
3.460633575310245305e+03
3.343454108636007277e+03
2.002294960256328295e+03
1.103415297947390172e+03
3.478552158176553803e+03
3.340812240941308573e+03
2.758392857330548850e+03
1.558201313928171203e+03
1.200569463174638258e+03
4.136437477269745386e+02
3.483090080099420902e+03
3.365034721803291177e+03
1.315061881432138989e+03
1.168100796985129364e+03
1.050413800549062216e+03
9.854055729673675614e+02
3.471647857169283270e+03
3.371575206201570836e+03
1.256524476903173991e+03
9.500456457581484528e+02
9.107767528787386482e+02
8.922258137625227619e+02
4.295164759950873304e+03
6.113089861414227926e+02
6.972950429643810821e+02
7.532184642556203471e+02
5.873990151846604704e+02
3.847905395437941024e+03
1.505462601673488052e+03
6.100598093630201220e+02
5.544274680029540150e+02
5.237619682006788935e+02
2.932566609339060960e+03
1.047233101061388197e+03
1.675250377894444966e+02
2.669081140016135578e+03
6.539765296847788250e+02
5.922245324899739671e+02
6.028972791848591442e+02
3.083608981484719152e+03
1.080040164169734453e+03
8.506336457379617286e+02
7.493712979319057013e+02
1.960450662371706858e+04
4.051218883566533805e+03
4.932264540909539505e+02
6.848807341540284142e+03
3.223564589764593165e+03
1.206749711214713670e+03
3.616362193244663104e+03
1.010535167247868685e+03
9.925292404045412695e+02
3.620211614880760862e+03
1.268757968030923621e+03
8.754096610456861072e+02
1.024848280009532573e+04
6.634254777174454830e+03
5.069710631846446631e+03
4.549445396527741650e+03
4.304602511376026996e+03
3.267312787971326543e+03
9.750751593710663656e+03
3.516698368740370825e+03
3.273378603577099057e+03
2.581666364887371401e+03
1.710638949450330756e+03
1.102160338902898957e+03
3.546303673559571962e+03
3.372202152969991403e+03
2.791595779450344708e+03
1.472030267077432427e+03
9.080725862843805771e+02
4.527971494688388816e+02
3.582777065800823038e+03
3.322050243221277015e+03
2.613586136900541987e+03
2.429740106297748753e+03
1.522567377534169282e+03
3.063483757642256933e+02
3.553427833078233562e+03
3.481056866579329380e+03
2.144176813360923006e+03
1.936842305119735329e+03
1.890179730084447783e+03
1.001099708748691341e+03
3.475269447190390565e+03
3.366214259998694160e+03
1.311248460993221443e+03
1.205125521015094137e+03
1.171313969898202458e+03
9.910875383075674563e+02
3.474798137757003587e+03
3.369359528118356593e+03
1.246741833308748483e+03
1.016881336213680243e+03
9.730168396978413057e+02
8.826204758010700289e+02
