2.409306237032264875e-01
8.673452083256472100e-02
9.295844966568488077e-02
0.000000000000000000e+00
2.489253372248728391e-01
5.106720502258000477e-02
2.682355604982006252e-08
8.723673106078180459e-03
1.485301539595052520e-03
2.294596817271563755e-02
7.276427923901777374e-03
2.327569201207114330e-02
1.995007764115475091e-02
3.259350926016494482e-02
2.069777907575904262e-03
5.634065296871217446e-03
6.075405772905873719e-02
2.579974645563948288e-03
7.419475928942281633e-03
5.949574599323578794e-02
2.389399789251331774e-03
3.550104743562517654e-03
9.190755025309397044e-03
2.048461052794015805e-03
8.564042374229599358e-04
2.463311502836477464e-03
4.681653219408964117e-03
