8.899388542959992335e-03
7.055935802708529145e-03
6.072511251692858103e-02
1.146924411223946942e-02
2.968978262151021341e-01
3.234434048704733916e-02
4.587206533253233551e-12
2.113343420465137266e-03
5.956870873259722090e-04
7.390922896541280186e-06
4.749294721305970073e-04
1.158873020443937710e-03
3.663989948935714278e-05
6.912493877495658624e-04
4.742167866459083125e-04
5.904502249777199979e-02
4.388390253284906654e-04
9.360036492138982742e-04
5.894007181291859021e-02
1.332354969540682117e-03
9.520809624235645682e-04
1.032843407707267989e-03
6.650653480201251994e-05
1.388167199370720717e-03
3.416847572714336659e-03
2.046639456058487795e-05
8.369287807977004957e-04
1.111545209151682673e-02
2.932624717588775548e-02
5.166228073895957895e-02
5.529513885104989307e-04
1.222735526868922729e-01
1.213294266491234119e-02
2.299340323536556071e-05
1.580695213124209964e-01
1.180688908892592315e-02
5.775918986546974161e-05
1.693236713059733311e-03
5.975180025572590994e-04
5.420041857934172281e-04
3.177612242424118338e-03
1.103857028347626302e-03
6.635368355777540670e-04
3.464429561561169733e-03
2.895076035269167694e-03
1.056495032927471690e-03
3.872460394622602980e-06
1.048337507924578145e-03
9.226484584278853672e-04
1.925964991704565415e-06
1.229684963161894627e-03
0.000000000000000000e+00
3.314874370179267220e-03
1.044138979773005359e-03
3.726419258534953232e-04
3.039740887636786532e-03
3.758552724094816732e-03
1.240196050788959975e-05
2.856296949393486492e-03
3.072403397181907182e-03
3.665170191888649079e-05
8.783926229390455909e-04
3.042425724199340330e-03
4.092389892863771729e-03
3.160178730756878977e-04
1.013331510863652724e-03
1.944237797006492839e-03
2.028961858350688131e-05
7.501464631201705058e-04
6.245591214760377874e-04
1.240635389804169760e-03
1.966543017122540757e-04
8.761901154517617559e-04
2.243458737224094936e-05
7.034568655767467612e-04
