1.237352503677933806e-02
1.069208674366358899e-02
8.812948899824186999e-02
1.212752159873878646e-02
9.758915457070335697e-02
1.820350333024901802e-03
7.149639825447025719e-19
1.343204531329017211e-03
7.248287462654063023e-04
9.706464085383629056e-06
6.933918892426407202e-05
6.952660626187524623e-04
4.431160613297468001e-06
6.125024836205272090e-04
1.045686620642971142e-03
3.162246093736870330e-03
2.130056442335998956e-04
1.118014517134161305e-03
2.908734184608826982e-03
9.331368297819843264e-04
6.408618558647606296e-04
9.762094901160317615e-04
2.623225006883147899e-05
3.816282280585237170e-03
4.864735970577214325e-03
1.274574018422801097e-04
8.691763210525436413e-04
1.134769544684877292e-02
2.766675441205241337e-01
1.010413919044633301e-03
5.427534939442930050e-04
1.154001867038980181e-02
4.014286097351599247e-02
5.746277558069761267e-05
6.629086069965005107e-04
1.100381263776247127e-02
2.481540976678168911e-05
3.433976334870824255e-03
8.828949680078743145e-02
2.819173003248118259e-02
1.725570361305265275e-03
2.285016418612588560e-03
2.588237085854145150e-02
2.686668282834209307e-03
5.147942167730207297e-03
5.473454325409906262e-04
1.036584344862059985e-05
1.143162436348638296e-03
6.758520803956544415e-04
1.100242026800747098e-06
1.452109478924556952e-03
0.000000000000000000e+00
3.225873141826017705e-03
4.202472713168098968e-04
4.560251143977250019e-04
5.020892857395511250e-03
1.448483969437003088e-03
1.497442123642145194e-05
4.150673462616086620e-03
1.928402142204133363e-01
2.965915359891331090e-05
8.999062219976636462e-04
1.296738144010880014e-02
5.556309573886451109e-03
7.453150639424780506e-05
1.046097480543739739e-03
1.017426117601680224e-03
4.167446530269853849e-04
6.877426961245877452e-04
1.028902526618174790e-03
3.780443995224190903e-03
9.935886039386223126e-04
1.651231584668572854e-03
9.911555142423854835e-05
8.073562321277629340e-04
