2.779127633738240899e-01
7.372771896040439255e-02
1.303825963058888315e-01
0.000000000000000000e+00
7.809783866283447062e-02
7.372764753656013692e-02
1.725075491142851036e-07
1.251314093291330531e-01
2.364781469865201696e-03
6.618997184925838606e-02
8.924051226605921039e-02
1.274871524744002277e-03
1.116044788949077790e-03
1.369592857192309179e-02
7.686675338497185594e-04
7.798625409234469664e-04
1.333203187957507710e-02
1.037355446755179079e-03
7.991893981514346275e-04
1.554396854854026531e-02
9.899961851131369901e-04
3.064261358884575468e-04
1.823014642616483175e-02
1.923285836174689061e-04
2.534724390162835335e-04
1.114180556938872482e-02
3.762492166023049135e-03
