8.594275766096486774e-03
7.083327278971832119e-03
5.922863739022371510e-02
1.851671746901728532e-02
1.289815849849527407e-01
4.845342857090365746e-02
5.558243553593872027e-11
1.451497010999338319e-03
4.912267890855659749e-04
3.320479170481126598e-04
1.485384220024438739e-03
2.878320881101729305e-04
3.296921624347073140e-04
1.804986658466961580e-04
1.516940747909483248e-04
7.130346503308999939e-02
2.865711074606271526e-04
2.726802988492486499e-04
6.849228937486745439e-02
2.656345000742160300e-04
3.383249435632600046e-04
1.494372840253864422e-03
1.278968342492403914e-04
2.446857338288868471e-03
3.473811032872389098e-03
7.080455694450027564e-06
1.055268637417472585e-03
1.640632461196589453e-02
1.568761331039282003e-01
4.725039006920321583e-02
1.417210239564423060e-04
1.486694004328960594e-01
1.062039222652674288e-02
3.461919482222272247e-04
1.316398265633848264e-01
5.920308205354163356e-03
1.244867715555859281e-04
2.139365156148954721e-03
2.224509486083752136e-04
3.904773642585478806e-04
2.921877808826474927e-06
5.690057842038174747e-04
5.869184599219729771e-04
4.064704248653286415e-06
3.514709959171110894e-04
4.570718938696670207e-05
1.278702313881584435e-06
1.269041604938929294e-03
1.210737831567348759e-03
1.290948106399044859e-06
2.039945911236796562e-03
0.000000000000000000e+00
2.193221249111082700e-04
2.209392039892270332e-04
1.514969589764726546e-04
3.669486546215903035e-04
1.734636362601445214e-02
2.590808925851075710e-04
2.314956545328678927e-04
2.857720050046749088e-03
1.277076792521946813e-04
1.622303299121760796e-04
3.098377353326451245e-03
3.884111009798098951e-03
2.761909030112480760e-05
2.664602570909289318e-03
3.805179763497612902e-03
2.854102030958099247e-05
3.388391629497954343e-03
1.733337653824729976e-03
1.248830913169682864e-04
1.533282034843172145e-03
2.227138114499615119e-03
7.264086949092369395e-06
3.572018129655357786e-03
