1.976406352788402099e-01
6.150357336746098413e-02
1.759780166705867954e-01
0.000000000000000000e+00
1.118330390396992530e-01
2.853321900828961408e-02
8.829632796350015651e-08
5.712287175159631511e-03
2.042674900130588955e-03
2.011613149977326542e-01
5.446072485168439170e-02
1.216614818047085126e-03
2.666174451516221434e-03
4.186699331269659596e-03
1.921194519522980608e-03
1.746956253538374136e-03
3.160252701237944994e-03
4.274403916103010695e-03
2.359038404574612027e-03
3.392689208937011737e-03
3.974655236265821692e-03
2.265031658962108219e-03
1.191236038723864910e-01
1.594639332520316095e-03
1.465107379200010366e-03
3.166621121109445929e-03
4.620744208896810853e-03
