1.043947226326626815e-02
1.936668621489506456e-02
7.109094715864187897e-02
8.326408956608015444e-03
1.773919439497338990e-01
4.934275434187835457e-02
2.192918061487851271e-10
1.201248905128219583e-03
4.570310953300739897e-05
7.253742595251765441e-06
5.858337405943048627e-04
3.206770997537390210e-04
1.977169637467899487e-05
3.375526000206594836e-04
2.165185769557432345e-04
9.343187796779338361e-02
3.469736223657637832e-04
6.626524793982057412e-05
8.720863404785626771e-02
2.654139111863284715e-04
2.623582430631619619e-04
3.332653459464389911e-04
7.030548610345020201e-05
2.368111950889817408e-03
2.669632905426937326e-03
1.275315241252779882e-05
7.636036709721981722e-05
7.747484938818504502e-03
1.568670019766865154e-01
5.233125339972050788e-02
3.883480387505824981e-04
6.974505611791011195e-02
7.113221046490006590e-03
3.946908692410934689e-05
5.001600880014875350e-02
1.038355484389674906e-02
4.047420781570476150e-05
3.535391826213991461e-03
2.759318484232335406e-03
7.919215088392927591e-04
9.762220468912945637e-04
1.569649316382962798e-03
1.000349148082907251e-03
6.612008788931185736e-04
2.206685421407197662e-03
1.441331393595019492e-04
6.484454414058015342e-06
9.397428876437619895e-05
1.040342068098393821e-04
5.974210471491229015e-06
9.759142750637765055e-05
0.000000000000000000e+00
2.561231678274689203e-03
3.000001517980407654e-05
3.870134467171705409e-04
1.860424104085894263e-03
1.740126278671269480e-03
4.315049972064839809e-05
1.076118217432024248e-03
8.741014359589394100e-02
3.174031118666035422e-05
4.804940187188626527e-04
2.850607704176740149e-03
1.938112730626194609e-03
4.719830698543467644e-05
1.345517408757284760e-04
2.561576166139370794e-03
3.670410665227677205e-05
2.031078083087153494e-04
1.283822955539043941e-04
1.405692685479797976e-03
1.491533192352649452e-04
4.243511976907604665e-04
2.759548705769214732e-05
4.299664655490844815e-05
