1.276094865056525036e-02
1.025153310033877219e-02
6.609934167292554064e-02
1.941174278125294000e-03
2.137142213217206252e-02
1.232345548190256074e-01
3.561616710417279818e-10
1.141098200602905276e-03
6.493363331656603482e-04
6.093066676186107821e-04
1.138185029142736292e-03
1.252317969619359383e-03
5.769715533938600495e-04
6.841823013436469517e-04
1.240681121912391412e-03
2.589610662760225284e-04
2.977400865794623550e-04
7.463709776665215226e-04
7.841921426932986538e-04
3.685915386469199636e-04
9.388117141324450266e-04
6.133184161202577186e-03
2.427849049085048841e-04
5.996890517217434626e-04
1.064011085549230497e-02
2.911811273383059571e-06
4.049250936533663019e-04
2.564704524577418512e-03
2.011357127526238950e-02
8.364422849383382208e-02
2.989438376093050769e-04
1.039725879260122582e-01
1.094285037158488627e-01
6.456972399036838136e-04
8.095375482165755813e-04
1.197528612387696589e-02
2.720398025631401472e-04
4.832561601114225428e-04
1.667447845950088270e-01
6.053620921297545726e-02
5.745344737772499879e-04
1.397890558673071503e-03
6.801832721572223517e-02
1.886417055899297169e-04
1.520216569970507005e-03
6.674876088623604058e-04
6.180548640187110844e-07
6.009942808729970901e-03
4.124313759899567210e-04
1.693913268890984906e-06
5.393485877110309676e-03
0.000000000000000000e+00
8.831362057735159254e-04
4.672328217384716354e-04
4.111451332531054575e-04
3.855229095466415211e-04
4.955982710245314393e-02
4.753452354030126312e-04
7.433534437594713174e-04
1.221634841854475758e-03
6.586103218048096992e-04
6.155943929797954217e-04
1.652076594849611344e-03
6.402113911878317071e-04
7.609616423817927458e-05
4.445351236678177112e-04
5.579029748805499700e-04
2.550900406672852662e-04
6.543529908204889951e-04
5.714935441660809468e-03
4.400393271507259223e-04
9.061022950797735856e-03
3.948484812270138672e-03
3.958756443319760630e-06
1.108594281408064285e-02
