5.085992743230042834e+03
3.840728996183248910e+03
6.420051543910332157e+02
7.335278177602662254e+03
5.128978954702196461e+03
1.343337255236812553e+03
5.439877316020895705e+03
2.976619864253638298e+03
6.896671117922461463e+02
7.329944073799838407e+03
1.624624820262368758e+03
6.939695261761199845e+02
3.390705562601290694e+03
2.294574799240589527e+03
1.816517122345137977e+03
3.381259561546184159e+03
3.604048081034235338e+02
7.068830736203550487e+02
7.036521293215985224e+02
6.238203234479136654e+02
3.384831721989895868e+03
1.472858628668955816e+03
7.211937025916604398e+02
6.915618375582108683e+02
5.491372409075996757e+02
1.968297729708431689e+03
2.147484617475504820e+03
5.347943649757587536e+02
6.936455562346496890e+02
5.215736535283663216e+02
3.277487245574525787e+03
7.805889157471692670e+02
6.748790203796329479e+02
6.130419328100789471e+02
5.611116588425539931e+02
1.543935540897867440e+03
6.013820325314241018e+02
4.664617445470860844e+02
5.410480576033788793e+02
6.204371966037267612e+02
3.176445501999704447e+03
4.996831500236144166e+02
1.296314324646740204e+02
1.287963257824488039e+02
4.927813635132774834e+02
2.965355170874843225e+03
1.575046400321874444e+03
2.429830553977879788e+02
4.509811974595309607e+02
4.923871342619875122e+02
2.016982681414755916e+03
2.107717095782551041e+03
8.577830850823847868e+02
4.264240412017412609e+02
4.735947399310249466e+02
3.077363216216681849e+03
3.506978982113852226e+02
4.246047899063080422e+02
4.559217729300883661e+02
5.078509384967883875e+02
1.685184702948517497e+03
2.555961449668170928e+02
2.124756299856097144e+02
2.312868001898978889e+02
5.104566105632385415e+02
2.869329228708872051e+03
5.069112756103546644e+02
3.118219896480493958e+02
2.900078045282099879e+02
2.831513542734472821e+02
2.947796983944230760e+03
1.387749961774085932e+03
3.452456480297814778e+02
2.317325936588741797e+02
2.687557830986602312e+02
1.753916138756074361e+03
1.791619061064310699e+03
7.030422564634769742e+02
2.260646369284330319e+02
2.619655977211186837e+02
2.873747796048072814e+03
2.131316120476128049e+02
2.348797330678137030e+02
2.653175686898544541e+02
2.708743853070076284e+02
1.429409633148303101e+03
3.294461061606011185e+02
2.893005268383316775e+02
1.867367774698628295e+02
2.810347178375220096e+02
3.501389422656509396e+03
2.496702644657325720e+02
2.454899598143852870e+02
3.559766089540232201e+02
5.044189034225288424e+02
3.373545728165180662e+03
1.721759543744857865e+03
3.951844562938999843e+02
6.393495052404532544e+02
6.015420792704676387e+02
2.086519502136270148e+03
2.233028694851956971e+03
6.987106496187716402e+02
6.436378145157513018e+02
5.614768580345590863e+02
3.324922083995236790e+03
5.263497858633297710e+02
6.252114300513511580e+02
6.262977685830072687e+02
6.015713552150087935e+02
1.703857205795882919e+03
2.067046660989726661e+02
7.307483351628921753e+01
5.761271314798892718e+02
6.172069297964139878e+02
2.773669556016097886e+03
8.139883623224025087e+02
9.582001353576625888e+02
9.631695066841324433e+02
8.669309144434914742e+02
2.776157501677246273e+03
1.130579038386618777e+03
9.684528503053536497e+02
9.432830854201167767e+02
8.171672328004154906e+02
1.131642746581966321e+03
1.205782086400898834e+03
6.337089224025654630e+02
9.424655857944735544e+02
7.614559710829215646e+02
2.761756296650960394e+03
9.816769617006035560e+02
9.301046665097835557e+02
9.069812835888834570e+02
8.122909215948386645e+02
1.128056294587206139e+03
9.128765460758562540e+02
9.176002990961368369e+02
9.348856578339361931e+02
8.599694672990057143e+02
1.240182906409346469e+04
4.707197182224908829e+03
2.371318455701674793e+03
3.575365833507802108e+03
2.285543045811959018e+03
9.507675161100905825e+02
3.648563239282831091e+03
2.289273184222292002e+03
1.287834722300227213e+03
3.560803809606553841e+03
1.152958653130855510e+03
6.761129725484669279e+02
1.262063790732629059e+04
3.682426316760084319e+03
3.679191387302306339e+03
4.690465540935079844e+03
3.554915441009773076e+03
1.043448070574889016e+03
3.685657885640967379e+03
1.970397428951943539e+03
1.427634443226874282e+03
3.554907882270719711e+03
8.098294018347454539e+02
6.425395949139634695e+02
9.025644640211614387e+03
4.255780858979264849e+03
8.469084375800006228e+02
9.724274176647271815e+03
3.704983684926548449e+03
2.454020646471456530e+03
3.747252677288125597e+03
3.428732474240164720e+03
1.262389794115721770e+03
3.612913529856311925e+03
1.081036807436137224e+03
9.153930133200465207e+02
1.200391860803445888e+04
3.888064660604767596e+03
3.531143510638256430e+03
3.575816856322731837e+03
1.168799379881092591e+03
9.124078655742329147e+02
3.546408082413387092e+03
9.304283711368927925e+02
7.623860779447154528e+02
3.585486221731040587e+03
1.062835488458200416e+03
1.002106001608703536e+03
3.731552812350210843e+03
3.525734851757226352e+03
1.245388020382995819e+03
3.733753224410229450e+03
1.922508256244497943e+03
1.445690118625112291e+03
3.700161271690038120e+03
1.304981167413254752e+03
1.129227864224065570e+03
3.581545047380515371e+03
9.168371593871311234e+02
8.404394507178981257e+02
9.514885075221716761e+03
5.415602346448318713e+03
3.408064448117380834e+03
3.271626982218765988e+03
2.541179692433707260e+03
1.657402222213614095e+03
3.465092427766397122e+03
3.357606487118061068e+03
2.554817732684597104e+03
1.536474737695937165e+03
1.407725311170560417e+03
1.112084334695803591e+03
3.365698230546724062e+03
3.316601977449941387e+03
1.497741095078469925e+03
1.381912665350071393e+03
1.245080501725269414e+03
9.522628245050809710e+02
3.402657790903497244e+03
3.273986367649742533e+03
1.610581580673424469e+03
1.325168705695704830e+03
1.021476719886033948e+03
7.802201882056889417e+02
9.652146109657780471e+03
6.344715713176168720e+03
3.536567710238268774e+03
3.270975669693167220e+03
2.243839690557740596e+03
1.927949892970772908e+03
6.847431215461692773e+03
3.407083303624091513e+03
3.174335570670481957e+03
1.506164661238888357e+03
1.258750790788840504e+03
6.380469954633791758e+02
3.401581159040582406e+03
3.368224986714310944e+03
1.753621818992864746e+03
1.575185180039103443e+03
1.467524471289195390e+03
1.157456579730793692e+03
3.428819359183762572e+03
3.298333532221795849e+03
1.421394688592804869e+03
1.368987461499157234e+03
1.104747119892311048e+03
8.537796307819497770e+02
8.352697179465421868e+03
4.755687200431111705e+03
4.463148286598824598e+03
3.487243195011123589e+03
3.283690860232892192e+03
1.732444180601509970e+03
9.002093237449023945e+03
4.090355914837008640e+03
3.290437870584899883e+03
3.046589678241738056e+03
2.496540774901759505e+03
1.375245568087489346e+03
3.463521481204541033e+03
3.101864528065425930e+03
2.824596816851492349e+03
1.461690733142301269e+03
1.383427966800796185e+03
9.364779095587368829e+02
3.405520354729686460e+03
3.387209926134531088e+03
1.378596139701026459e+03
1.031125308200740847e+03
8.704670478303546588e+02
7.817746533455990630e+02
9.108331178606527828e+03
4.618507537974934166e+03
3.353553815286758436e+03
2.550774325704963303e+03
2.427892130162358626e+03
7.899970084349746458e+02
3.338706833143710355e+03
3.208569526810343632e+03
1.439791548637562300e+03
1.346408521623983688e+03
1.098481134956231244e+03
6.406025036702253601e+02
3.352903683370800081e+03
3.251865688137589586e+03
1.405875348997211177e+03
1.301496527261406527e+03
1.029893828843715710e+03
5.226263960595284743e+02
3.409229189249217143e+03
3.369640210632508570e+03
1.385487029195562855e+03
1.022015137438815600e+03
1.019602767186978667e+03
9.065235142481221828e+02
3.435062372451263400e+03
2.980143827816792509e+03
2.746755074566437997e+03
1.337504917286711816e+03
1.183030249912960016e+03
9.381901100793925252e+02
3.388676235651922980e+03
3.278503252782381878e+03
1.527415350996096095e+03
1.391383194421689950e+03
1.296928154236746423e+03
1.030953343878690475e+03
3.395777926744163324e+03
3.211475132588916040e+03
1.461349851984549105e+03
1.284202538682333852e+03
1.095783943059067951e+03
5.488732519563544656e+02
3.317777442884710126e+03
3.289007845673529573e+03
1.366974566359840310e+03
9.025516432910271760e+02
7.761425826586996664e+02
5.380035348855385564e+02
