2.336946971757319913e-01 -2.401688692600123520e-01 2.919844677440786712e-02 -1.008252429781754736e-02 -1.632815885169992235e-04 -6.751384516228063799e-03 -1.206314229962582446e-01 6.077504813690170343e-02 -1.393870181023403876e-01 -1.436367502869665691e-01 2.002098551642444643e-02 1.339701802153812071e-01
-8.925530199734489634e-02 2.798793344186016885e-01 4.314194135170881794e-02 -1.111413215746669472e-02 3.157023295872826013e-02 -3.772890762847072067e-03 5.262250379170738818e-02 -4.262344728007028127e-02 6.773223875918059356e-02 7.180610170568239858e-02 -5.791473434560331229e-02 -9.081087575591642591e-02
1.786314119098506709e-02 4.297424875191922788e-02 5.281626594218312709e-01 1.867050520390756835e-03 -7.943471786349451391e-03 -5.914045808410654109e-03 -1.718408600288399701e-01 6.637121155198542899e-02 -2.763344195876712983e-01 1.661956948549996593e-01 -8.982405011891757274e-02 -2.440184387279304701e-01
-1.008252429781754736e-02 -1.111413215746669472e-02 1.867050520390756835e-03 2.415034073096682110e-02 4.995612645452479411e-04 -2.014895700911638245e-03 7.511706704621664774e-03 6.853509040300547438e-03 5.543894127001004930e-03 6.290367892888039381e-03 -2.371785900943932518e-02 -8.578015575792460184e-03
-1.632815885169992235e-04 3.157023295872826013e-02 -7.943471786349451391e-03 2.813347109054527631e-02 -7.577529308800149896e-03 3.608757025830600790e-02 4.272433120147935831e-03 5.105548683342961760e-03 1.533312630579401412e-03 -5.025232748879480699e-04 6.276532950721778678e-03 5.273350759914331764e-04
-6.751384516228063799e-03 -3.772890762847072067e-03 -5.914045808410654109e-03 2.128621794975739390e-02 2.993796293575583245e-02 3.017892349949985800e-02 6.932812403396058747e-03 1.617718115788227898e-02 1.004622164503536988e-02 1.124385781730325047e-04 -2.375546855907601299e-02 -1.725402306609810036e-03
-1.206314229962582446e-01 5.262250379170738818e-02 -1.718408600288399701e-01 7.511706704621664774e-03 4.272433120147935831e-03 6.932812403396058747e-03 8.865830594990452285e-02 -6.224146550654029164e-02 1.517519733366768375e-01 6.944668104779207207e-03 1.263933024734692880e-03 1.822290254710984270e-02
6.077504813690170343e-02 -4.262344728007028127e-02 6.637121155198542899e-02 6.853509040300547438e-03 5.105548683342961760e-03 1.617718115788227898e-02 -4.267984286720689913e-02 3.443762130059534882e-02 -5.461896509649977888e-02 -3.365322940223482422e-03 1.309909104135603079e-03 -1.157830705110754477e-02
-1.393870181023403876e-01 6.773223875918059356e-02 -2.763344195876712983e-01 5.543894127001004930e-03 1.533312630579401412e-03 1.004622164503536988e-02 1.459836476154693363e-01 -5.118041903341113280e-02 2.971660473953326442e-01 -1.663490044442005739e-02 3.960622271222243897e-03 -2.975716818141480730e-02
-1.436367502869665691e-01 7.180610170568239858e-02 1.661956948549996593e-01 6.290367892888039381e-03 -5.025232748879480699e-04 1.124385781730325047e-04 6.944668104779207207e-03 -3.365322940223482422e-03 -1.663490044442005739e-02 8.608097266035537320e-02 -8.485689176470646855e-02 -1.403317593757087978e-01
2.002098551642444643e-02 -5.791473434560331229e-02 -8.982405011891757274e-02 -2.371785900943932518e-02 6.276532950721778678e-03 -2.375546855907601299e-02 1.263933024734692880e-03 1.309909104135603079e-03 3.960622271222243897e-03 -8.044314114437309260e-02 8.580216075264440745e-02 1.040222955249886921e-01
1.339701802153812071e-01 -9.081087575591642591e-02 -2.440184387279304701e-01 -8.578015575792460184e-03 5.273350759914331764e-04 -1.725402306609810036e-03 1.822290254710984270e-02 -1.157830705110754477e-02 -2.975716818141480730e-02 -1.332271330786653774e-01 9.921213981708916496e-02 2.626086130964995213e-01
