1.483657715878034314e-02
2.852434202499713224e-03
6.713019299767383470e-05
-1.888141351253228841e-03
7.071786629551827380e-03
1.560955940912234132e-03
2.052347323644898472e-04
2.684777511086856860e-02
2.234534220509158122e-04
9.152375729657687489e-03
3.109231965853739062e-04
5.659907061814628413e-05
5.586552330684121936e-02
1.370731784661775529e-04
1.962110769630450227e-04
4.280829945918910792e-03
1.002600147669892782e-03
2.163183612552555674e-02
5.707038635142014718e-03
7.664046629448935779e-04
3.223944244374263302e-02
5.446408333985575112e-03
2.579555131733949789e-04
3.294414224747600761e-02
4.915948140616962364e-03
1.204585309191393450e-04
4.145092633735340533e-04
6.789190423584686167e-05
1.521133798708292626e-04
1.809377110679973467e-03
3.738623436272551560e-04
1.001349176046106902e-04
0.000000000000000000e+00
6.459134224906070820e-04
1.479402443645942136e-03
1.094623642997468393e-04
7.214636963331540751e-05
9.947074689010311781e-05
8.087142975143161712e-05
5.745911064838349482e-05
7.900099354956798545e-05
2.066923818266896973e-05
-1.189261557506723041e-06
6.413323192634730720e-04
1.773017126965588863e-03
2.130954933710738184e-04
5.192142258343561455e-04
1.974956674587269225e-03
2.557910551357122980e-04
1.425997270311015353e-03
6.529353753609804661e-03
1.795677025127847149e-03
2.023819745641599471e-02
4.348703581864506867e-03
7.956032908865854139e-03
1.300957142631454372e-02
1.022039054278845588e-02
4.624558967301036112e-03
-1.315223727746002913e-03
8.350057425764556562e-03
2.235476921288115371e-03
1.569273166827674657e-03
6.534200187091609990e-03
-6.302245829243139643e-05
2.701802444974236387e-03
1.311032066857857961e-02
2.260438458534141937e-02
2.894373207160838395e-03
9.309804064963763184e-03
3.540182285305776971e-02
1.120856218905732539e-02
4.160072895779938842e-03
0.000000000000000000e+00
1.738560788319183301e-02
2.142388910362965290e-05
-1.441727739711259024e-05
5.693549898908371355e-03
4.032332509527129100e-02
2.349733091790195266e-02
8.142314796958742540e-05
6.101366188380959697e-03
4.226375633684442473e-04
1.499699639636105754e-03
9.294638741834152732e-04
2.666251621065122632e-03
1.118799800910674769e-03
1.963090733749702291e-03
3.827704313687737159e-03
1.393853322375848637e-04
1.121139002319431963e-02
1.476842521187885784e-04
3.316295058307290882e-04
1.006008088533895534e-01
3.227710084240342954e-03
3.388523694565733543e-04
2.520428309328866679e-03
6.934889506306393149e-03
1.205308874523619914e-02
2.420094252199445160e-03
-5.138508337053693080e-03
2.414926685518075170e-02
9.186475727623832216e-03
1.144087959190335542e-04
1.463574021883210820e-02
-6.606775950472136380e-06
-4.368235131739043464e-06
1.297924699985482030e-02
8.153913899327699109e-05
2.465545076016810010e-03
-2.728170842232861392e-03
1.324757897068318366e-04
8.545924293579254538e-05
0.000000000000000000e+00
1.232201684431810749e-03
6.575947095917022707e-05
1.954530087475703091e-05
9.029785307206920301e-04
-5.198745701640768439e-05
-2.243629550245995925e-03
-4.116077288185415570e-06
2.005471780522638699e-03
2.464990939846334241e-03
2.844600216740378397e-05
1.886605781235806047e-03
1.107386493608831374e-02
3.073102386076683292e-04
1.092426281119081863e-03
1.376129389601121788e-03
1.387365829629311556e-02
5.364423562875438587e-05
1.155318103068051909e-04
1.983771608222658061e-03
2.736054824011174488e-02
1.050829623960664386e-02
2.295607345940956943e-04
1.683471717252594396e-02
4.074273740740682118e-03
2.998212660691660768e-03
3.653198069035886245e-03
8.166232504791537056e-06
1.400593792982015228e-03
1.014609367051331860e-02
5.407858779935548064e-05
3.313400896234752844e-03
7.280234694280925303e-06
3.573446557900631488e-04
3.045846909012794781e-03
1.556398224598816923e-05
2.062551621311303694e-05
2.130422297057497916e-02
2.093979450327891016e-03
0.000000000000000000e+00
0.000000000000000000e+00
4.004663741774702745e-02
2.578629869815311228e-05
-1.030917130984458207e-03
2.942781063570709744e-05
-1.733113850973152158e-06
-3.331220159229649185e-03
3.056605027732158393e-05
3.272951783655690325e-03
2.798840396919170088e-04
1.339034185359722160e-03
3.004638419147235597e-03
7.046710020379361693e-03
6.113533797836464417e-03
9.932470191034233238e-04
-4.332688644832864418e-04
2.420935722316246499e-02
9.624232680995140629e-05
4.259799560835701108e-04
2.550063218588620798e-02
-5.432258522393300414e-04
9.065839284889169129e-04
-4.303348461906312676e-05
-1.918698348699776667e-03
7.556380947424471903e-03
5.444204914396344247e-04
1.582572370233347597e-02
5.363942869604324952e-05
1.977004833982244636e-02
1.056497823240946433e-04
2.850354501291452045e-05
1.032785221361964129e-02
4.146439688007652613e-03
1.898676327363083872e-03
1.565401115293167222e-04
3.323856606124072353e-05
8.543046201165971083e-05
6.508240698771835088e-04
2.530749541149734938e-04
2.754121870958373998e-03
0.000000000000000000e+00
-2.193581792106017933e-03
1.831964162681831709e-04
0.000000000000000000e+00
1.254379367427560618e-04
3.108583307846653492e-04
5.799982874037823855e-04
1.396510282037762506e-04
-1.369941030368693300e-04
