0.000000000000000000e+00
2.495422614147457113e-02
1.137453157849943695e-03
5.241654644321699398e-03
1.136016766313032063e-02
3.086473253953474563e-02
8.965021046150623354e-03
1.582190487608890750e-02
2.273734481979510988e-02
1.332115228986824676e-02
3.681657012407457512e-03
2.277412149439762140e-02
2.403324027288783193e-01
1.049174632369617548e-02
2.952519516222777349e-02
6.774613568163330435e-02
7.256956964721380209e-03
3.644027251418836127e-02
2.467442998693206938e-03
7.083881938785863489e-03
9.201446039732977603e-03
5.105308788406744645e-03
5.207730270998026795e-03
7.900275342911067603e-03
1.809143064325602389e-03
7.590866654127892410e-03
6.786974232102727100e-03
6.673579806315954772e-03
8.659204183349155509e-03
1.682424027973581926e-01
1.462376597064388335e-02
1.594403495735215561e-04
0.000000000000000000e+00
6.350342222784435831e-02
1.316394900869196326e-03
7.791124410728481574e-03
5.217908940022312862e-03
2.649424748434857368e-02
2.557505075750926213e-02
4.544631188724575612e-04
2.414375268653334849e-02
