7.290713041602077567e-03
1.573237447705063243e-03
7.836514881516265247e-05
4.475851305853054997e-03
3.623712107009269354e-03
1.502951547105964628e-04
-2.009005361564098011e-03
1.763380976459768754e-02
4.587579913900278637e-04
6.879994521417765255e-03
2.169413330266323214e-05
1.142808207542067665e-03
1.191930600549557032e-02
4.055370166543107412e-03
1.128374003115606428e-03
-1.392219113841234712e-03
-1.975033435893750952e-03
1.332006751329046709e-02
3.001636731363591885e-03
2.610008248770327288e-03
1.378372811723256250e-02
9.898180538505914686e-03
7.740981690681121585e-06
1.553446358704966938e-02
2.251433304397328603e-06
2.659224624568246043e-05
-4.765132604578707349e-04
7.317316288120897033e-06
4.859277665732649598e-05
2.452991458301778758e-03
2.935526114125656342e-04
6.717791947617716584e-04
0.000000000000000000e+00
3.571218975283074921e-03
-7.323975324543170750e-05
2.030076113676374943e-05
5.787585715481361614e-05
3.097849208913612957e-05
1.223816602985058064e-04
6.188206346756283107e-05
9.767188769963890116e-06
1.967883834748595899e-03
1.956389507118405646e-05
6.182091111969027601e-03
3.609783173516671172e-03
-5.371709260841110373e-06
4.251323875663033831e-03
5.705519320072142443e-03
1.446664993284126565e-04
2.009852309418813827e-03
-1.281402022799878678e-05
1.915523106918404174e-03
1.732503910803418617e-02
4.268611970081733105e-03
9.186454766136886447e-05
2.951763360958555623e-03
7.274083340534453698e-03
3.320105411515254443e-03
1.969112011314111399e-04
7.664938127334656320e-03
2.000605129100607835e-04
1.044626837323085321e-03
4.669096428824159525e-03
2.562292686338955589e-03
1.261702331870987741e-07
1.080115921070469616e-02
2.506982396290444864e-02
1.838136687403667952e-02
6.520189619779389288e-03
2.266678453812372498e-02
9.588026278448095671e-03
8.119073344984547094e-03
0.000000000000000000e+00
7.183525657493273001e-03
3.122199848428024025e-05
-1.002582909857463369e-03
1.084980189673090314e-03
9.774707756401494058e-03
3.310100910022277000e-03
9.804674764871028694e-03
1.704085499844882126e-02
6.373416922498338806e-03
4.488529202938036790e-05
1.529605049944319584e-03
9.860224639988094536e-03
1.319166345404809660e-03
4.932750773262784168e-03
3.042837629192537106e-03
2.279119560764334730e-03
1.849580098046617891e-03
1.797041304359085333e-03
9.419223267140915297e-04
5.102706117222396281e-02
6.524051069425774053e-04
4.521424401050285445e-03
5.768861702237633622e-03
2.854647257826818142e-03
4.650041197562145186e-03
1.040935176470728953e-02
5.905067136704422910e-03
1.181909470192371928e-02
1.100984241605913391e-02
1.616155926577718827e-03
9.715772592726660412e-03
1.248564368938609406e-06
5.701384559479002502e-03
3.680857813130137412e-05
3.093940127406972769e-05
5.657013900406404955e-06
3.141107079185556736e-03
6.133976591424784006e-05
1.338255325050659783e-03
0.000000000000000000e+00
2.648913872878244863e-04
4.995109836201845768e-05
7.110445666372570582e-04
1.578461614075584406e-03
-1.509247316401600035e-03
2.848227602988417928e-03
2.490446711390278188e-05
6.725675544711299527e-05
3.824194386888968289e-03
6.529369064322369516e-05
3.087847773047180857e-03
3.790408915918589989e-03
1.206904701440381002e-03
6.427451613196429906e-06
2.441070442025379886e-03
4.981142390105267569e-03
8.348927302955822666e-03
8.746356306032302959e-05
1.366976698923346334e-04
2.722203939137279871e-02
-1.936616133338138869e-04
-2.283978542819616389e-03
1.456078053964341866e-03
1.319180847570418889e-03
1.404334617150985564e-04
8.224757933323089895e-03
3.916918997970420149e-06
2.391769359050351540e-04
1.122384065732570484e-02
-3.476567087190573972e-06
1.892105059673920798e-03
2.006973578031848955e-06
2.353915306198550716e-03
7.281526724550113454e-03
9.244683506337559431e-06
7.500558789139540224e-03
9.261931590372592116e-03
2.860327077865846765e-03
0.000000000000000000e+00
0.000000000000000000e+00
1.604968937905474832e-02
5.922137845641254314e-06
8.334004804992172272e-06
9.368237463987701819e-06
-1.906419442829025284e-05
6.403252101490730652e-03
3.520777165233468424e-06
4.629738171905936096e-03
3.379149580991688129e-05
-3.052585130743912245e-04
-1.097744141546212250e-04
1.165658428198687417e-02
5.417959887668836842e-03
2.095360390488609868e-03
4.305782753930564730e-05
1.526516516407190258e-02
3.895535454883192195e-03
1.072116488618712839e-04
4.903136298959524450e-03
7.123967185301172556e-04
4.756303380673276675e-03
-5.014686367382632749e-04
9.404188808762962970e-06
3.007618384990521764e-03
-4.826497810529832420e-05
2.259339332549278011e-03
2.574432749774298833e-03
3.220757222423424170e-03
3.021556239642583016e-03
8.383697680895233289e-06
3.533298823588719179e-03
1.814141845459064443e-05
2.908605021811894176e-05
4.398036178580611369e-03
6.674746204299338362e-03
2.842437549335589345e-03
1.225436154721156346e-03
1.118486444139440040e-04
-9.415715767406185755e-04
0.000000000000000000e+00
8.625470095056838584e-05
4.319217578435156305e-04
0.000000000000000000e+00
8.101124060465962336e-05
7.547682392997264996e-05
1.825104411918113958e-05
7.954531020365104008e-05
-1.897125695632754518e-05
