9.359349628330715029e-03
2.249744330224475505e-03
4.879701679979161344e-05
3.002652125601075733e-03
4.314491714898660395e-03
2.900798929941750346e-03
-2.884740932871979972e-04
8.692694692477288126e-03
1.629084309406965859e-04
4.113451799070551654e-03
2.433820160704369684e-04
1.409700197176307404e-04
1.451897759513842701e-02
5.222743094164261364e-05
4.156383822233948068e-03
-7.317232579131231372e-04
2.494265843595177938e-03
2.720876078469659787e-02
7.253340334775411867e-03
1.013445483860546002e-03
4.507139802607574436e-02
1.184951292098822100e-02
1.253098877768069996e-04
1.150817452885273193e-02
1.209601077353609637e-05
4.083897117308498976e-05
1.408626184021895711e-04
2.260047510288224924e-04
1.692883892826143184e-05
2.000778235092111942e-03
2.225996612633784899e-03
1.168787909157901513e-04
0.000000000000000000e+00
3.368141432689227715e-04
9.801506389559884111e-03
3.779712369835023920e-05
2.072293981917550044e-04
1.785939183520812755e-03
-3.425249239065546034e-05
2.802278955305048584e-06
5.535696144385315740e-05
-5.797809932287881918e-05
2.412852233463487744e-03
5.311489384870663952e-03
8.154066713036579178e-03
4.402031894088498241e-05
-2.464155748464443626e-04
2.970875864333940024e-04
1.504202899525804594e-03
2.187043762603702035e-04
2.568584388953576653e-04
6.387307986262561691e-04
7.491315859982879133e-02
2.927298729516884454e-03
5.855152435572005300e-03
8.131618449737457741e-04
1.769170553662207171e-02
3.261181668430390614e-03
6.790697278473035049e-04
3.736974637596664813e-03
4.604894371724584275e-03
-3.222161774825149378e-05
2.709589827803774841e-03
1.832224995792349430e-04
5.810614828660002891e-05
2.782368197319400396e-02
2.546113041263983398e-02
6.440667404342593008e-03
2.047562582421480482e-02
2.940938817990218848e-02
9.238528519608935063e-03
1.165995309223287306e-02
0.000000000000000000e+00
4.182372606556080535e-02
1.784592983986462399e-03
-7.869743291262960860e-05
4.219760902103002025e-03
5.034054565048409063e-02
2.411252488859707416e-02
1.988217209885961498e-02
7.208798800889574913e-03
1.060511112593864880e-05
-1.167539818521431007e-06
6.582153479433671892e-03
4.739213600210249490e-03
5.443323288892483875e-05
4.559234640887536300e-03
7.304970771901412620e-03
4.217859420650901282e-03
3.853132466431293326e-03
5.223566225925465635e-03
1.755773838370636988e-03
8.110627948492728223e-02
1.664434272832782200e-03
3.244009079332473271e-03
1.679211095992852801e-02
1.190135196499017382e-02
1.549163022091416125e-02
6.605789573838756826e-03
6.865173656647524138e-03
2.105899627154585868e-02
6.573357744969913173e-03
4.776793595176546600e-03
1.836540505858665767e-02
1.877412082809115781e-05
4.988284574218108258e-05
3.411297885631940380e-03
1.091551971849587715e-04
8.016876909617831344e-05
-1.007745324681495573e-02
6.880231079853019703e-03
1.710051696479641947e-05
0.000000000000000000e+00
-1.519526673992384900e-03
6.386174921799936616e-04
1.304586397529542834e-05
1.008642775556456374e-04
-3.800608225958217033e-05
1.587746996762155196e-05
3.022113478598302121e-05
-1.872876490199478492e-05
2.679318345069440772e-04
3.769197621664425622e-04
2.081475447188056282e-03
1.725100883580964889e-02
6.838208099220207704e-03
1.203087904091678295e-03
1.098033024473179554e-02
1.077243084642924911e-02
3.742831974165324429e-04
-7.220154414159611611e-05
2.471631695461873161e-03
6.639342395270191044e-02
9.822234406388001375e-04
2.850375097748377145e-03
1.404491630878642976e-02
1.538995256412463994e-03
2.848799225657324199e-02
4.866562079867361480e-03
1.773539619302451689e-04
9.978517725467487415e-03
2.304013902446035156e-02
2.363649342359182631e-05
3.377923506322599856e-03
1.927945809576670029e-06
6.385802311538549833e-05
3.381108264263558565e-05
5.142323410986289998e-03
5.025650212763658684e-03
8.635966774872069415e-03
1.252921564985761348e-04
0.000000000000000000e+00
0.000000000000000000e+00
4.164606589164728673e-02
-3.199947687512120337e-04
5.147706062231804664e-05
1.836050140523829633e-05
-1.840995777047031267e-04
1.309364544234877523e-04
7.892885466787014082e-05
5.612233779108377965e-03
1.863244146447081361e-04
2.042760481006296661e-03
1.767455670833584236e-04
-4.894226654731085972e-03
8.165562454723721691e-03
2.180133442017077351e-03
7.364826773481084835e-04
3.606628828679162794e-03
1.547876271967914719e-04
2.994017443394003799e-05
1.161982648349648047e-02
1.396143325160004254e-03
-1.091557713039925617e-06
4.734446741527268635e-04
4.042762796370043786e-03
8.900920985968359790e-04
-5.040439206208003221e-04
1.485639988765230469e-03
1.849342621339733429e-04
1.089392499285676656e-02
1.065911457547086326e-04
1.028803905723130212e-04
3.929623731711018308e-04
5.649159753888799700e-05
2.566762573872930723e-04
2.078191847450986784e-04
4.819437215834657638e-03
1.468879439941358188e-02
6.261590551717451493e-04
2.125920842244174037e-03
1.053786777189147399e-04
0.000000000000000000e+00
7.116922403137326608e-04
9.488455155708397642e-05
0.000000000000000000e+00
-1.166082837720479846e-02
-3.428770167809883865e-04
-7.576426819929278644e-05
1.887644044272699772e-04
6.539332405330889114e-06
