0.000000000000000000e+00
7.214480263410091854e-02
3.442968135712742937e-03
2.362594322643566183e-02
4.508016590797761514e-02
1.651551925588556208e-02
2.981493736293962943e-02
3.952224375919560079e-02
7.963261334961160842e-02
3.152634696878718612e-02
4.541946247313650292e-02
2.528217741097541285e-02
3.150503962614709663e-01
3.453174392563158890e-02
2.227194809929894034e-02
9.857907418940406452e-02
2.512927390661097785e-02
5.544595968078506326e-02
3.202859349986594828e-02
1.284202866919722207e-02
2.550199719506226689e-02
4.209450977094861962e-02
8.741828660834919870e-03
2.269159884212192113e-02
5.914130722549212384e-03
4.405046350358750827e-03
-9.284881328548433017e-05
4.078430189076424732e-03
5.002173098537498856e-03
2.273562440112131267e-02
8.562196403727631577e-02
1.853431873939505314e-02
0.000000000000000000e+00
1.461769797416673233e-01
5.237310971143090133e-02
9.574902660086374168e-03
5.595005738768550792e-03
2.119786886005677485e-03
1.382212629243946946e-03
5.967690832528349965e-04
-2.863011730294277358e-04
