0.000000000000000000e+00
4.191084043730163716e-02
4.632434176597547727e-03
8.726132505248866342e-03
1.162239267302923179e-02
1.710634880781717812e-02
1.133607901608098788e-02
2.234784847670686150e-02
2.299250266003139559e-02
1.149312155646056190e-02
1.776177721342775320e-03
1.881875369700607495e-02
2.043835184892003609e-01
1.145695522286323785e-02
2.773102913038408626e-02
6.202690383314044681e-02
4.797287908639942706e-03
2.495844017486205380e-02
6.226760980438084472e-03
4.898091491328012380e-03
8.703909920155817118e-03
1.697057090179443419e-03
7.128133780105720511e-03
1.222408670918600018e-02
1.260785122706879324e-03
1.664687022830517102e-02
2.550029350139038087e-03
6.914445684942897505e-03
1.052873605512058379e-02
1.118022263275730704e-01
1.002632657726467043e-02
1.435441589472389711e-03
0.000000000000000000e+00
5.536197253476450586e-02
8.441212017222440292e-04
1.189342568525901013e-02
1.273439240132187393e-02
4.064357214418912873e-02
1.893784093568603652e-02
4.708497577606548384e-03
1.870130252216309699e-02
