0.000000000000000000e+00
1.471186772379643728e-03
6.048934719978730883e-04
-9.949617898767026090e-04
5.986373178443312772e-03
7.228587306282611112e-03
4.442532094560239751e-03
1.869139015461912870e-02
1.166402642373878286e-02
1.121594651625730174e-02
1.563468554753658958e-03
1.342145808044263935e-02
4.192881718691872373e-02
3.024543506306365086e-03
1.172515691146740549e-02
2.203372720805781351e-02
4.269189067860927438e-03
2.197952746610920549e-02
2.605519665633330723e-03
4.730788524226806589e-03
3.750743618989778663e-03
3.058217097766406309e-03
3.024464344127590285e-03
2.554849367413962197e-03
1.097724990525568911e-03
1.949449767789405421e-03
2.041785975086522330e-03
1.241633668749416320e-03
2.484734500187594630e-03
7.006069224304913023e-02
5.309260200317130612e-03
5.737413395930997424e-04
0.000000000000000000e+00
9.774955094286726098e-03
-4.136466236312215774e-04
3.217185383885934336e-03
2.427617873576859257e-03
6.967307676574852407e-03
1.134602804393167706e-02
5.219884394988660858e-03
1.214689036818872997e-02
