6.729292597176294959e-03
-1.016554605179909066e-05
6.961662340288462310e-04
2.350622980496363396e-02
4.545727406101163909e-02
3.125753839228876708e-03
1.228016545724944404e-02
1.885892697808258869e-02
7.831347126212954155e-04
4.111127903990049494e-03
7.530530138974608203e-04
5.320168098692512886e-05
6.112748668752813856e-04
1.372349915365752302e-03
1.446027834334673193e-04
1.110067942515511989e-02
2.097124747063931240e-03
1.888495339562079644e-03
2.909960154296461089e-03
3.257542843398741677e-04
1.414450359247646860e-03
4.873618088613847731e-03
2.438936901675588633e-04
5.683545060561900761e-05
1.432559571892181693e-04
3.529167531166758410e-04
2.718601281233246287e-04
1.058733386791743703e-05
3.997797882316541100e-05
2.631149000637359738e-05
3.000053111907075108e-03
5.448756690807539664e-05
0.000000000000000000e+00
1.980467444116610753e-03
8.555066084286503617e-04
3.553600870540870151e-04
7.122370250943458768e-04
2.332479032355709231e-06
1.336655278107260828e-05
2.580458432019779535e-04
2.387288572366734056e-05
1.275181581477820769e-03
1.444918474189963939e-04
1.042308541171236592e-02
9.142693171811192574e-04
1.206564443400378293e-03
1.696105743419163564e-02
6.826703751462585672e-03
1.636303930998413538e-03
3.054703286699707570e-03
3.707955221543657309e-03
9.845565132480620357e-04
1.678306318163023253e-02
2.726593843424144573e-03
2.033457051777435871e-03
8.181810721361393660e-03
5.694395295024556186e-02
1.638922105487217867e-02
5.459078137555121828e-04
1.743396933610393560e-03
5.302373273068668571e-04
2.057161946249571216e-04
2.520675615572306045e-05
2.445536619252397731e-04
1.747462769808475836e-03
7.609075841101228029e-04
1.831279852528548300e-03
6.254292562764958386e-04
9.857066905872994070e-04
8.966250984861515953e-04
1.535710956364518421e-03
6.221845885916232671e-04
0.000000000000000000e+00
9.724123322628249735e-05
4.735984360689042267e-04
8.593112714074072631e-05
7.421677323223333737e-04
7.163316114356573232e-05
5.947618370426343897e-04
5.705671314437665503e-06
1.754338274601178528e-04
2.793552979515697213e-03
8.372166240521024217e-04
1.176630546062906735e-02
4.492464984255890165e-02
9.146781725928902155e-04
1.303371047766549093e-02
1.047920437571653665e-02
7.031265396286512153e-04
5.686833425150431866e-03
5.339720594631058425e-04
3.482899226346110712e-04
2.316875819906094591e-02
8.041256993310153412e-04
3.635418923181458540e-04
1.193554998094170649e-02
7.539399708601024659e-03
3.062761025437573271e-03
1.487090915137767588e-03
3.234747063356025018e-04
1.532737588864622590e-03
1.007078827328770389e-03
1.429948514728070772e-04
2.813897882386144286e-03
5.020790800306373924e-04
-1.346549872236701918e-04
5.051176345110356411e-04
-3.431229986728586150e-04
1.182694413316050693e-05
1.260056711597471769e-03
4.150759662581308788e-03
1.249013192937982854e-03
0.000000000000000000e+00
2.107072471839743690e-03
3.433622731913788147e-03
2.474477827352587474e-04
5.580781659843584656e-04
1.620585401542751349e-05
1.993741457553266507e-05
5.045390137173496188e-05
7.332042355060094648e-05
1.622374736299914046e-03
1.278874106211599080e-04
1.278425465949254748e-02
2.296799922312353637e-03
7.615592306265887672e-04
7.607089961619199238e-03
2.490419429565226932e-03
1.725430805878317873e-03
8.714003971224645092e-04
3.379289079223320776e-04
1.842040751586185646e-02
2.703070909802950117e-02
3.641539920679874196e-04
9.524733329160669061e-04
4.353582165918264309e-03
1.791019052056800741e-03
3.529068650330054570e-04
4.991603770427399233e-04
2.438708689784056252e-05
2.640646958607847160e-05
3.389158687071865518e-04
-5.324876689138946517e-06
-4.129878966139995258e-05
-6.742086131281688753e-05
5.906743062807547762e-05
6.765095703627598944e-04
5.031830877860373472e-05
-8.825405876111691583e-05
5.899275758683171890e-04
3.838680554441364912e-03
0.000000000000000000e+00
0.000000000000000000e+00
4.385880372945635298e-03
8.853843747423483911e-04
3.868459954385154031e-06
9.521556374931276160e-04
-4.934338564173134940e-05
7.816936261847058992e-06
-8.568190258842885111e-04
1.238089257314796908e-04
3.694341115697182269e-04
7.343946531694455892e-04
8.082874068088696448e-03
5.112425944373857889e-02
3.947265289776002821e-03
1.508129419635880495e-03
1.348971696946536314e-03
2.361512322863797402e-03
2.047638581677543000e-03
2.121386336420598092e-04
4.960020942532509386e-03
1.195026558506118110e-04
6.460420023740979373e-03
6.037666722527035290e-04
3.202405576532640821e-03
3.164954701727618058e-04
3.537520061967406627e-03
1.638417961883879273e-03
7.383337655567645541e-04
6.048659905632488339e-04
6.585741015069442213e-04
5.643517325955545779e-04
1.545362408848009262e-03
8.742568246089543749e-05
1.624982517010190920e-04
2.667063743564920038e-04
2.859739959151134416e-03
9.734477516961289117e-06
-1.626069284158167678e-05
2.040669362603438324e-03
9.403964482109524944e-03
0.000000000000000000e+00
1.055608590011643689e-03
9.922342883469973621e-04
0.000000000000000000e+00
1.933080722809784246e-03
1.368400138831201394e-03
5.521679950089008755e-05
-1.687955700892344383e-05
1.087921963615438407e-05
