1.028745881359718374e-02
4.179945065118318087e-04
4.015952328666472497e-05
1.021196822945509217e-02
1.250415166970294091e-03
1.053783116154546028e-03
2.803914853278828903e-03
4.039309472694095626e-02
8.635133730331794033e-05
2.202980212889388625e-02
1.614355877107491010e-04
-4.663339395084194487e-05
1.133687260910625286e-02
9.455934916419954719e-03
9.421232351078204518e-05
3.508212864247768972e-03
5.783277392681022110e-03
2.976400887725288644e-02
4.251918866269662270e-03
6.205560781706865030e-05
1.381459414776893199e-02
4.838585986172431325e-03
2.958928829264355093e-03
3.399782290963600934e-02
-9.584379439505260806e-07
3.884548607757665195e-05
2.481436489532917516e-04
1.325458590411295436e-04
8.602333886464918694e-06
7.605501834114791748e-04
2.035447401858977100e-04
6.981169327412070072e-05
0.000000000000000000e+00
9.997878810292348383e-04
-5.189678288471574222e-06
3.168472717756258051e-04
1.126323167910688565e-04
1.023648211682104403e-04
-1.011267840197671521e-04
1.095672013331420557e-04
4.739777993788181633e-05
7.401674608339773047e-05
2.532906667292629882e-05
-1.236746723536589522e-03
-4.905091114159531966e-03
1.230934333900017162e-03
2.271899523773400487e-02
3.845784764538391892e-03
8.817883679851738212e-05
2.185779205366333747e-04
1.904627795684602886e-04
3.267190586271339909e-05
8.888847050661512206e-02
2.053211319400542138e-03
4.308360636006962167e-03
1.898541012665858931e-03
2.118432887922810579e-02
2.115483392087395571e-03
1.735491763595005833e-03
2.857821538518353147e-03
1.183430673438327419e-04
1.184206659110342895e-04
3.987315687578781194e-03
3.779144352836401739e-05
6.456300267587699979e-06
2.870720100723682736e-02
6.389366046733287174e-02
3.908514267759311336e-03
1.671664216207871881e-02
1.958099330972687749e-02
6.241247149004387773e-05
2.163986590949148071e-06
0.000000000000000000e+00
3.169048064682060406e-02
9.383166894824842555e-04
6.581976576596204880e-05
-2.590672487686296430e-04
2.294701567679198126e-02
1.171391433881525598e-02
3.838584446411548706e-03
1.526662375046858137e-02
1.674570992885001167e-04
4.378238606862039470e-04
3.537742815008885762e-04
8.138730669102357124e-03
7.361550668204216476e-03
2.359224054644393220e-04
3.412748555578752228e-04
2.035106708349943060e-04
7.657267435265113602e-03
4.512654698872372032e-04
4.964253670345512891e-04
2.230730452277029929e-02
1.974017728689584587e-03
1.449109579101012617e-02
8.375139990945227328e-04
6.439570477987310686e-03
2.483772054270899296e-02
6.762527999393445552e-03
9.728418067278532533e-05
1.392778529386516466e-02
5.524764989626884497e-03
4.061246313196553888e-03
3.801222722412759755e-03
2.139403724681354578e-05
2.476189819332130955e-03
3.113533211470328153e-03
8.437541426966621030e-05
3.334875533043605515e-03
8.389677693884878273e-03
3.880320467952354528e-04
3.208008265998133824e-04
0.000000000000000000e+00
5.584704887198088663e-03
-1.488739085101127986e-05
1.274658289897182884e-04
-4.349319807025834732e-05
4.337641619902103327e-03
2.371543850646270075e-05
4.322608983143997664e-04
4.317690077652369673e-03
5.716065416995993499e-03
1.343339327620984792e-04
3.670992305781828119e-04
1.089433587659449616e-04
2.669281203138111278e-03
1.490322216191941661e-04
8.417528939969786544e-03
7.703606062900903231e-03
4.469873189600163390e-05
1.758312026661915995e-04
1.229074395532970404e-02
5.343402174766191670e-02
2.194746932892055295e-03
-2.112009102876462752e-03
-1.266354876261514438e-03
9.587794756041568070e-03
7.378827955925748409e-03
8.034072007750969746e-03
2.329020868641803254e-05
4.653004075968987692e-03
3.984780191237321384e-03
2.920696154028087007e-05
6.077240908554533937e-03
1.165393145542500009e-04
6.651423336901917879e-03
8.366731336875776054e-03
8.678708050876929607e-05
3.416959118775871312e-03
1.475425638419453414e-02
3.826785336369598273e-04
0.000000000000000000e+00
0.000000000000000000e+00
2.757600797221645625e-02
-6.883336277145686924e-03
7.806186794900859415e-06
9.092939292884386364e-05
3.255137954759919740e-04
2.926045018104931686e-05
6.297898610222007598e-04
8.934413470786495282e-03
2.321966125252631740e-04
1.312790403518171530e-06
3.443718150309423454e-03
2.174598152089609812e-02
7.266715757608895737e-03
2.357870148551184999e-03
4.932331099701370292e-03
2.668418632332766102e-04
-3.406187963047220980e-06
5.332675304820325981e-05
3.965920504427093360e-03
1.676703592943332979e-03
-1.143645064675939156e-04
-2.053433495069182822e-04
-1.303839062205917334e-04
1.304436615264512565e-02
1.673863941585396285e-03
2.088277974830816605e-02
-3.155297185809165521e-05
5.528891294975631782e-03
1.863123148153476849e-02
4.741424098683536952e-05
2.040684227064971240e-02
2.354778376822223230e-05
2.192845335139044922e-05
1.414425259783487986e-04
1.085339222628804305e-04
1.319327318134888463e-04
1.079550704755390632e-03
3.901327845450867308e-04
1.803656761360331875e-04
0.000000000000000000e+00
1.457699823683859287e-02
1.000920576236611763e-04
0.000000000000000000e+00
1.537884186447143256e-04
-8.770240381438624828e-05
6.850910669417379099e-05
5.475337834734972240e-05
-1.204580398976936196e-04
