0.000000000000000000e+00
2.092279788601081325e-02
6.668389640562940625e-03
5.346658932458011639e-03
1.218227094134753143e-02
9.924044324651075041e-03
8.802746251073712350e-03
2.025134867641205719e-02
2.231957687228656312e-02
1.482293979023590128e-02
3.044752294743013812e-03
2.108329907480625473e-02
2.061897322635236618e-01
1.543530316540972329e-02
1.583481490565486621e-02
5.355551537682274460e-02
5.151739880635212120e-03
3.106900997120422975e-02
8.999202479749146208e-03
6.681069802623262541e-03
3.442810326391369368e-03
1.706979641124228755e-03
4.822874142057531968e-03
8.759423105361211631e-03
1.844308986138313601e-03
5.643421615822748726e-03
3.609332945926957241e-03
6.643686192585892105e-04
1.210294803771117672e-02
1.210977257128014878e-01
1.410564525374288607e-02
-2.718045458664460675e-04
0.000000000000000000e+00
7.181180354779395647e-02
-9.337358510637032254e-04
1.125147004557644319e-02
5.316880020052898101e-03
3.622459645950089346e-02
1.598632036451654026e-02
3.090229582009625716e-03
1.922646649955854839e-02
