9.830158353318466657e-01
9.710302773461061410e-01
4.871236048591980339e-01
9.817374300479053684e-01
2.657548165552163777e-01
9.847724388284213592e-01
9.866855705950873245e-01
3.512654722363525162e-01
9.912865141611847397e-01
8.530625818583829068e-01
9.859671567583948582e-01
9.685721598413127298e-01
4.435978737681847139e-01
9.845454240012011526e-01
9.429312547381873966e-01
9.744070790978806018e-01
9.410476108650948079e-01
4.154797982327593786e-01
9.644079687451961869e-01
9.933902668771226185e-01
9.764006308237717091e-01
9.921797398352130148e-01
4.106670716809173172e-01
9.885193261218424565e-01
7.352411136245375900e-01
8.979795924145919095e-01
9.232039970528137518e-01
1.104108498910084668e-01
8.558797548642806952e-01
7.434076014678464572e-01
8.618294824587326985e-01
8.338113996979232834e-01
2.014051310955840002e-01
8.538668536421578636e-01
7.390522246226205461e-01
7.663629419718624991e-01
7.728301132106005777e-01
2.241982657289917080e-01
7.607236815571986055e-01
8.123272552719102979e-01
