9.638999004609155596e-01
9.720309264981245034e-01
4.210548967553848776e-01
9.489356649914000297e-01
-3.339117852058683944e-01
9.951387508335560739e-01
9.945451957402069443e-01
3.171263041080513156e-01
9.735258577818871606e-01
9.597979703820355146e-01
9.879001738356874007e-01
9.614838100583895653e-01
3.536367539504980950e-01
9.719082314629962083e-01
9.485814236958817203e-01
9.852685351772498823e-01
9.893648712432384640e-01
3.165380796675657527e-01
9.864799101150577565e-01
9.688195953404695748e-01
9.931501172077057404e-01
9.801833586305253032e-01
3.497513440924574502e-01
9.796901156677877420e-01
9.659949657738136075e-01
9.285308150595285026e-01
9.206349028248146382e-01
1.276528553219331563e-01
9.758773697324311103e-01
7.444360002499798012e-01
9.200342331322984846e-01
9.194865203783919583e-01
3.697720669770173663e-01
8.490451756550136952e-01
9.490922188947549243e-01
8.558309505047112520e-01
7.254313783072168231e-01
3.625616289142437054e-01
7.250588082680651247e-01
9.763582170414334405e-01
