-9.350408304132087900e-02
-9.089317387370979273e-02
-7.343739004902281875e-02
-2.121778524507123009e-03
5.069761778060635771e-03
1.097859501855498410e+00
-3.134426423157064129e-02
1.786686546872834347e-04
1.962877058808681907e-03
5.782751283315172575e-02
5.892088563647590593e-02
1.317683896177802294e-01
-1.810590367497891262e-02
4.067801027787393275e-04
1.317239255864077752e-03
5.463248544762382142e-02
5.523542583255720145e-02
7.320848172415521382e-02
1.562598828463573897e-03
3.619654200651287179e-03
2.200966602562728219e-02
3.989406218097477086e-02
4.823344594020041731e-02
4.857020262741605643e-02
-6.877529723799150063e-02
-4.142879717119417327e-02
-3.491618539596610948e-02
2.500771286714886799e-03
1.443895844470158285e-02
2.425237606133737511e+00
-3.079172839204474821e-03
6.766482322502634719e-04
4.186371815660743650e-02
8.893542497508441502e-02
2.198175148765520448e-01
2.244483854187089289e-01
-2.681272666103785562e-01
-1.934902788387634753e-03
2.899834510912269528e-03
3.047687034998715610e-03
8.467769201870947726e-02
8.571894841914626251e-02
-2.068241100773435259e-01
7.195829897340133563e-04
1.379737298673015811e-03
2.829278773949575609e-03
5.822442821725171830e-02
5.854127196206864586e-02
-1.566239175544654194e-01
-4.307801713243172848e-03
-4.790753702655289881e-04
9.168808713511389374e-04
3.473445019513620585e-02
3.540515003382010972e-02
-1.109666668635068271e-01
-1.021127773776928371e-01
-8.668524203969665831e-02
-1.570074331590602668e-02
-9.204144216988924265e-03
2.665569743156793514e+00
4.955542450745493510e-04
3.568816692817879284e-03
2.321058259695843798e-02
1.112234100989615559e-01
1.139715355938713537e-01
3.394731335676482997e-01
-1.904061665547156224e-01
-2.597554128674510465e-03
-2.586161689372645789e-03
1.192074895223903253e-03
5.840642311694850541e-02
5.843381852859041298e-02
-1.792546510783253888e-01
-1.698234028773086546e-01
-7.546836411713997439e-04
1.163011780012301877e-02
1.196356481250138992e-01
2.016523779906336244e+00
-1.571204158140751539e-02
-8.287497024953432989e-04
4.999337445117900403e-04
3.449184686228380647e-03
3.699550720149526184e-03
6.808135530636786337e-01
-1.279620557942058416e-03
-1.163009789302284561e-03
2.064429005915229334e-02
2.353834724846050677e-02
3.938501913583224157e-02
3.827578029571313545e-01
-6.044003548493528943e-02
-1.034497895517266786e-03
-2.676654294147401414e-05
1.956160718779662716e-04
1.237739007425289577e-02
1.248125029659661288e-02
-5.736215781477098374e-02
-4.521117423662898011e-04
-4.027817514518517578e-04
1.740422307624299447e-03
1.005609299570924160e-02
1.030690053558900622e-02
-6.139801205337167000e-02
-3.474788022577002256e-03
-2.685993921021395670e-03
1.373327577645923891e-01
1.958306729585361783e-01
1.966026098116742671e-01
-2.323945719150766198e-01
2.468430476145269670e-03
2.708567479843576598e-03
4.045643410702265408e-03
9.113685029446913499e-02
9.141797706591660300e-02
-5.606042986844367304e-02
-3.670638116202926127e-03
-1.205511898094362155e-03
1.202624497845314333e-02
4.556104232884986699e-02
4.747599945377117825e-02
-7.022874299761261430e-02
-1.207420618827028530e-03
-5.451843992266350303e-04
3.748175977496718408e-03
2.775926131279307651e-02
2.820476329537643934e-02
-6.425228045277045497e-02
-1.226098552741625158e-03
-6.279661676751174815e-04
4.650207441959295501e-03
2.328179678310535530e-02
2.345851472545578201e-02
-5.579689267002101855e-02
-5.500261565762679106e-04
-1.963352040203758531e-04
5.298191740152821683e-04
1.990181487680373409e-02
1.992542689263177361e-02
-4.346201798922896820e-02
4.730199947342375588e-05
1.462423056922505793e-04
2.108460966759543448e-04
1.097598500919019261e-02
1.113941978703053733e-02
-3.925905989272962415e+00
-2.155858158126201296e+00
-4.156985765316045800e-01
-2.411923241472324619e-02
1.282127975097635542e-01
3.326539492518527652e-01
1.618080800703482147e+00
2.232370009832147950e+00
1.689670739642038910e+01
-5.528271289493680296e-01
-5.255677700782945827e-02
-2.217989098912120927e-02
6.123003950289085395e-03
1.637500942261692627e-01
3.136985782232307729e-01
7.502951931854954237e-01
9.534601747480609957e-01
3.002260393572731001e+00
-7.315693531444915354e-02
-3.750414604664584206e-02
3.170186187695961388e-03
1.058072936473780645e-02
7.977934513412150708e-02
1.089935934405358159e-01
2.430424274671033058e-01
8.392319315258597312e-01
9.637220005000389778e-01
-6.515510823309325628e-02
-1.380616279360633025e-03
-5.372789607531319733e-04
1.307476435009613525e-04
5.521178417929734072e-04
1.948164430117610424e-03
3.209753585653118968e-03
8.043142993467516932e-02
9.490364610754657981e-01
-1.778440917840988511e-02
-6.196215117718756327e-03
2.798145649223621190e-06
3.497106968569165669e-03
7.697650182314677569e-03
1.344018947179431364e-02
1.173699213429474641e-01
1.297181604247263642e-01
1.587160358540247174e-01
4.373587090347081374e-01
7.682384278257663457e-01
9.641688480956267515e-01
-1.740005622425631546e-02
-4.516307083120738378e-03
2.929488598497100027e-03
4.390829351396525332e-03
5.027633866559237663e-03
1.086765602225360505e-02
3.304029529182526959e-02
8.663847465107546442e-02
1.230420356855833480e-01
1.502363150224664823e-01
6.922299024677436297e-01
9.691865416356409968e-01
-1.665179113700194363e-02
-5.397576763022328764e-03
-6.671677655755228753e-04
5.922107605525299412e-04
3.259447991004811584e-03
5.357957299480513302e-03
2.119394174073004414e-02
7.467829538356733632e-02
1.289261135397224423e-01
1.495144569238625321e-01
6.967447651193707792e-01
9.710931257264727723e-01
-4.473747167661862312e-02
-7.855521871536930156e-03
2.291255867865604756e-04
3.767358041909807387e-03
5.846133148654786282e-03
7.309420207613305520e-03
2.007172300474032584e-02
4.341594027026334651e-02
1.086594026209118657e-01
1.266876139202108009e-01
6.895239345345229864e-01
9.710079209292030722e-01
-9.219098668981008660e-02
-7.156310115873075473e-02
-6.848724027359032185e-02
-1.718298938167084344e-02
-1.653689411891527683e-02
1.097419667404383681e+00
-1.545327859045091817e-02
5.225917920938780159e-03
5.713282929478487315e-03
4.643411343034661853e-02
4.702141463253934478e-02
5.157601217914752068e-02
-1.009653914328829116e-01
-2.083986586042210765e-03
-4.170586662700231928e-04
2.203611102056154125e-01
2.210120464747133140e-01
4.515535309245305440e-01
-3.024226165351574513e-01
-8.655340059929295116e-04
-2.118183228895231807e-04
4.088452402228326399e-04
1.221163224199369596e-01
1.248742121695484708e-01
-1.597545341994155155e-01
-1.532820402764721807e-03
2.182529924735483393e-03
2.451241109692611168e-03
3.376582360068661193e-02
3.677948005273194709e-02
-2.639589318129398343e-01
-5.427926379898723175e-02
-5.120859224516194352e-02
-2.550641432125350105e-02
-2.077487616490220068e-02
2.378975672442244615e+00
-1.329800230497487912e-01
-5.416786600257239570e-03
-2.728560362853349464e-03
6.353342713938048281e-02
6.468385010419699932e-02
1.217153951229283937e+00
-1.670430038315272314e-02
-3.837238332681000563e-03
-5.541236959238013404e-04
3.149880917187547480e-02
1.045737709255119968e-01
1.097554884153700977e-01
-4.939085647814922542e-02
-2.561402826204767225e-02
-8.927925527730043442e-03
2.093705721063907066e-02
8.205174850031149436e-02
9.757272478931000581e-02
8.106957698930649390e-04
2.224309674139633708e-03
8.234823292391498656e-03
2.071424062734228758e-02
2.132843177953581276e-02
2.540891239723638284e-01
3.690503369528230857e-03
4.042301331874535546e-03
8.249872067562903297e-03
1.072410703243277183e-02
3.009503892667135527e-02
3.746274644859700492e-02
-3.166287862959409061e-02
-6.105049834021665511e-03
6.046729885530279999e-03
6.333437069351067344e-03
3.131370564151292335e-02
3.142489602355474920e-02
-5.919581915806083894e-02
2.136612684048126709e-04
1.018923627152855393e-03
1.716906881826865683e-03
1.892995908962501542e-02
2.083305503405134124e-02
-5.997879964245294432e-02
1.125043196775211626e-03
1.383798066734156715e-03
4.630245715808353410e-03
8.033895845591925572e-03
8.387263468543494638e-03
-5.642309331793540217e-01
-5.165237368032475906e-01
-7.218551985525578640e-02
8.735523400775546676e-03
3.549898480533690837e-01
6.901563801440012469e+00
-1.966749848329788775e-01
2.688179649735722432e-03
7.155176125754003635e-03
1.288524543116938148e-01
1.657474069726113386e-01
1.707996060210179856e-01
-1.517585923920625746e-01
6.890556514580037373e-03
1.182702072780147939e-02
7.842579934262855490e-02
1.383197543966197818e-01
1.445337363790999419e-01
-1.443648829450069337e-01
-2.793023688775875257e-03
-1.472471490426979779e-03
2.629865752745892682e-02
1.170125414385644186e-01
1.273802119025204127e-01
-2.256329075141328688e-01
-1.197106085975216394e-03
-9.763432003912358992e-04
5.163375604272837927e-03
7.673377226891255065e-02
7.755067782198100945e-02
-1.832068159027898935e-01
-1.047978611953555295e-03
-8.000607107795931761e-04
1.819164678936606439e-03
4.599694008971141196e-02
4.643241033620790215e-02
-1.908015154317116695e-03
1.146688340997889738e-03
1.218584339435930738e-02
3.443878850617877740e-02
6.488655833714172816e-02
6.646637851213903214e-02
-7.231897515826640754e-02
-2.163754699989854646e-03
-7.252840527870521581e-04
1.110540954003792768e-03
3.929230663934963480e-02
4.017510315885657740e-02
-7.191767405057174212e-02
-1.917974949201470269e-04
-6.144850899951134759e-05
8.836287306672359343e-04
2.805949117121039893e-02
2.818580624161399692e-02
-4.373272403509980560e-02
-4.424414308363908838e-04
7.803076759103216853e-06
8.776495831382472024e-05
1.138567584840427353e-02
1.146403813579235237e-02
-2.075829070650805797e+00
-6.993002186105643503e-01
-8.949073522583428364e-02
3.462098218686371354e-03
2.032578488595060406e-01
5.599024778910823841e-01
6.974185740047702531e-01
1.812519357406393361e+00
1.417774626379473801e+01
-6.061618919608244838e-01
-6.693378303423247466e-02
-5.309449817223887980e-02
4.009551293022495244e-03
7.650109125646131769e-02
2.774388082303099745e-01
6.932922158160604864e-01
9.533786836711256596e-01
2.833509563282807786e+00
-7.035361040575621727e-02
-3.384676746169825584e-02
1.886182580401962738e-03
1.339654224767393431e-02
6.036753008659485886e-02
1.076065235728230346e-01
2.401677507377069087e-01
8.485002993548124151e-01
9.790347515626079966e-01
-1.488763663819571148e-01
-4.233104894028255627e-03
3.189610019880273484e-04
4.511171638145516916e-03
5.406651684944724368e-03
1.111355854764523032e-02
4.022243730632726888e-02
1.139195109722972721e-01
1.083108566311470566e+00
-7.215529679054757950e-02
-5.604377642621893862e-03
-1.486586415057750132e-03
-5.271588430764556632e-04
1.211191759186575068e-04
3.673703448804493954e-04
7.175564312691118385e-04
5.981468616563741236e-02
9.445279412282637788e-01
-1.443642858578426426e-02
-6.197118751472961706e-03
-6.583523550473830560e-04
3.792766122901062090e-03
1.140156653875205699e-02
1.694003874074752336e-02
8.555731380992365187e-02
1.146245886631579169e-01
1.341128633799976710e-01
1.565486519323039116e-01
7.167969658323589677e-01
9.944889655921617111e-01
-5.409623484491442313e-02
-3.109345138149345600e-03
-1.466169943641501550e-03
4.165861488689831527e-04
1.314407372101977778e-03
2.231740176694613220e-03
3.241768024114438651e-03
5.012415576661528177e-02
9.587216495449432663e-02
1.314457972387049478e-01
6.870671153658485242e-01
9.726665963090929123e-01
-5.374514933535919081e-02
1.118536454616098075e-04
9.146668584305989169e-04
1.406546092590409136e-03
1.788264006279710605e-03
3.203868135446971688e-03
3.396826714672299130e-03
4.350307144290530004e-02
8.685216693998526472e-02
1.348661950616073246e-01
6.901426763742392056e-01
9.678662002437365963e-01
-2.366120258041670144e-01
2.539219551899726257e-01
2.599878536275659346e-01
1.341598405173895614e+00
1.494322955757330540e+00
3.271059733079410226e+00
-1.196521918466887657e-02
-5.626362455634361173e-03
5.095771547881898511e-04
6.599442977460351009e-03
8.368938721171751902e-03
5.429357324008829977e-01
-5.680339183807403720e-03
-1.777623034986922958e-03
6.042069445191716563e-03
8.740629916882167172e-03
4.013726716025725616e-02
4.829584255879605659e-02
-1.971162886737793940e+00
-1.214971336114845757e+00
-1.010845358327845167e+00
-3.735960746922750708e-02
1.149117435985036462e-01
9.259965451157865957e+00
-6.307507019503186818e-01
-5.688508038379078702e-01
-4.275460385827598575e-01
-3.727414408910256771e-02
3.378832985629909302e-04
4.896976015101530244e+00
-1.654621173904755604e-01
9.798202867855598797e-05
2.962580610561260652e-04
2.691349296157172222e-02
1.788326780752545198e-01
1.803916402389138807e-01
-1.954682654265988972e-01
3.759560822712726402e-03
5.418217334388936157e-03
2.186019823797619166e-02
1.451702306675856646e-01
1.454673714979344279e-01
-1.673918704252564671e-01
-2.834709330392752580e-03
-1.793651964705586521e-03
-1.788673502951462768e-04
4.355980457660624944e-02
4.504392755604398613e-02
-1.575406256235294955e-01
-4.106171393502715261e-03
-3.829273868283453175e-03
6.558934767531277021e-04
4.219164738955186872e-02
4.633479153234403014e-02
-1.159984790813169964e-01
-1.332677129336277966e-02
-1.037312500565720774e-02
2.095166647525276149e-02
2.463784897507059757e-02
1.447841303398681001e+00
-4.082738690431227113e-02
-2.478285188918626786e-02
-7.992114034069255912e-03
2.427107404970616639e-02
9.096607164412523483e-02
1.086862374597364900e-01
-1.898599867947166620e-01
-2.208441487440163109e-03
-2.790209059628720456e-04
1.372418380503434565e-03
5.533114229719802990e-02
5.732030413375167888e-02
-1.683437864345828094e-01
-1.283950686175733269e-03
-9.212379372403253774e-04
-8.502566879365416885e-04
4.005323193371521789e-02
4.005603246255337591e-02
-1.740967020758150463e+00
-4.806966389879541168e-03
3.501890682796315879e-02
3.509393788860424301e-01
1.597457149997960180e+00
7.772365619031387673e+00
-4.137309457246675648e-01
-3.523794699348182791e-01
-1.383587354289719795e-01
-3.503678137360366485e-02
5.984268776355050612e-04
4.310159697996432726e+00
-3.230034317316239634e-02
-1.262659807587357408e-02
-1.865656891597670952e-04
1.926178357052311940e-03
2.722303713351761564e-02
2.931756225729242535e-02
-5.234396759452181191e-02
-4.831181806939890272e-03
-9.210757323752927217e-04
1.016251896886869593e-03
2.375059998708763109e-02
2.565796051419615142e-02
-5.983113711436658516e-02
-3.739200306596482393e-02
-2.940581118955908416e-02
6.730026254305401801e-02
1.483498948913064275e-01
3.552220453263702726e+00
-2.406187705412064781e-01
-2.668936682291817020e-03
5.283018616001888823e-04
1.710317652736815797e-01
1.786899461551461066e-01
1.792562021392372917e-01
-1.371001242471255321e-01
-4.215289470785504866e-03
-1.488898721722753393e-03
3.682032166149457053e-03
1.450075364739834838e-01
1.522887176588348657e-01
-1.762643879673995162e-01
-2.519587525653801952e-03
-2.351771298092157625e-03
-1.717294949103810586e-03
4.303817648572098170e-02
4.369103025786153643e-02
5.829805815713145004e-03
1.064215650195823523e-02
2.362296790578807121e-02
2.970199754072359172e-02
5.127023501204618083e-02
7.654970509809382317e-01
9.154596024772726492e-03
1.002383213987395258e-02
1.785608245308219211e-02
5.764917878417677444e-02
7.200408405010574886e-02
4.350395066688210743e-01
-1.955175877517977001e-02
-9.163924004037954374e-04
6.127180977132107298e-04
1.062183023591421749e-03
5.958579163112519977e-02
6.069756032065376505e-02
-4.294349664589877658e-02
-4.736611590116963921e-04
-2.036833833718998399e-04
1.449749085287825590e-04
1.108443916370135778e-02
1.144208896371896877e-02
-4.295992591930861693e+00
-2.108632462756678372e+00
-1.671494236268209477e-01
-5.714701950896916571e-02
1.644738477462519555e-01
4.287332167998396670e-01
1.130029576815829273e+00
2.277564987174433675e+00
1.586133535483913803e+01
-8.699359797238523928e-01
-3.368563723701992751e-01
-7.160866444408930942e-02
8.362184426052521324e-03
2.523168802358521923e-01
5.557699013579471270e-01
7.071254810523979195e-01
1.108798017397440105e+00
7.130162253833443486e+00
-3.100506305292553486e-02
-7.400600319610498024e-03
2.410246000748218764e-03
1.034575926359840997e-02
1.455041244143405466e-02
5.210726655516968731e-02
1.021113214445084350e-01
1.891373845246015761e-01
8.759671154716417441e-01
-2.397276519505994047e-02
-4.068725202163669952e-03
2.160009987495988687e-03
7.205637108149368780e-03
2.225387302722138180e-02
3.108886462141231474e-02
6.285992600602054170e-02
1.182749434345670009e-01
8.962924994611892737e-01
-2.856828151859181375e+00
-1.270745763069246470e+00
-9.255977840791993483e-01
-1.681413157577020812e-01
1.003151812066915838e-02
3.078196700896684845e-02
7.505642552249724986e-02
4.385410774918296894e-01
5.360189640732473393e-01
8.528953178447005179e-01
1.877724203055444629e+00
1.278119486020760753e+01
-2.332099022380072773e-02
-5.324392311522960913e-03
3.582413446094962622e-03
5.061815302475399653e-03
1.105381817235585526e-02
1.263570231512632994e-02
1.165248649679020004e-01
1.316028213770526756e-01
1.615330193784233204e-01
4.181676392704696821e-01
7.557217160589222438e-01
9.596660490953333733e-01
-5.498096565302940109e-02
-1.231265647671474228e-03
-5.784642689039415364e-04
-4.725360581406962135e-05
6.934647406402760783e-04
1.236023975493029392e-03
1.565766301147644701e-03
5.015839494141043076e-02
9.139562015700376796e-02
1.319623394355300405e-01
6.913651125833339961e-01
9.750565506256895221e-01
-1.338276026643208105e+00
-1.295791444780055368e+00
-4.856647701336758161e-01
1.843309983929763973e-01
3.241312869269985519e-01
1.025875867047792411e+01
-2.925965937694670060e-01
6.820621347780608801e-04
1.595391800535028715e-03
5.672868888313142843e-03
1.035431100343641719e-01
1.050122423988111842e-01
-1.800482503177862348e-01
-9.838299587194154414e-03
2.559392734649116024e-03
4.129967096658308107e-03
4.502870661154853571e-02
4.601415041879122758e-02
-1.559009733621662397e-01
-8.752430344632983888e-03
2.038637109877403444e-03
2.571699563038343152e-03
3.635134305935369681e-02
3.742671942319607953e-02
-4.731492138548725745e-01
-1.356508181726179263e-01
2.931126107274639736e-03
8.839013411735946457e-02
5.964397468300879357e-01
5.412002856308090415e+00
-2.311916361578827683e-01
-1.715367918914502132e-01
-1.377246867827944254e-01
-4.105477557594827687e-03
7.023333636174602934e-02
3.782421038812638692e+00
-1.859110691088974518e-02
3.432641427692305347e-03
4.768150385879119102e-03
4.655908118398559281e-02
5.308860552070049366e-02
7.455120339976308852e-01
7.588700286816840116e-04
3.228560369179219857e-03
6.973955281690933164e-03
9.516894589601131160e-02
1.039099427802015752e-01
2.733968838285680270e-01
-6.464740534290218041e-03
-9.285043299017449459e-04
7.737204586006352081e-04
1.647697841985561532e-02
1.212433503897862447e-01
1.255239164709489874e-01
-1.302675176032835336e-01
-1.045463513088958074e-02
-2.341485778023205677e-03
1.365358575997160928e-02
8.734291798555322839e-02
9.441596171267262194e-02
-1.805395263146291895e-01
-8.376755773242677838e-04
-7.108702300025332432e-04
1.367915107924430607e-03
4.753101526705806601e-02
4.767206255330685982e-02
-1.546800203097771664e+00
-3.986197305094820731e-01
7.362485333811163990e-02
1.660138500240193604e-01
1.971961461549139871e+00
6.391854723061302757e+00
1.906390304079683086e-03
2.988511321941505691e-03
9.792910898846395040e-03
2.195508987971914877e-02
2.294149406100133223e-02
1.943873003187452375e-01
-6.052137635210538824e-02
-5.665392207313754702e-04
-1.276956376128832171e-04
1.518142752708652454e-03
1.932435631933408088e-02
1.967040168340697046e-02
-1.454164825982373344e-01
1.057663763864818973e-03
2.503158524233828341e-03
2.265569751265728016e-02
1.729818575486665733e-01
1.735811408706485204e-01
-2.239577936526955804e-01
-2.323401780153361296e-04
2.157951752083941965e-04
2.271019543454962097e-02
9.613922637489401291e-02
9.916752060172681627e-02
-2.203574260690455144e-01
-3.239858379027321655e-04
6.924228451670177975e-04
1.875153693425961332e-02
8.105156364055547680e-02
8.329046358863366473e-02
-2.107132091795236861e-01
-4.523022531591203155e-04
5.197217962181477358e-05
1.291234571074059700e-02
7.072660735941865839e-02
7.074154179506904339e-02
-4.071340995833710313e-02
2.186020539433682075e-03
7.404471136556227406e-03
6.115678455395405499e-02
6.800248901399558177e-02
3.148633397590637206e-01
-2.039902550663184183e-02
-3.789574016964843139e-03
-1.297979542422972310e-04
1.911369118127097949e-02
5.884478181723120510e-02
5.965862526667017884e-02
-7.191680781316611704e-02
-1.427003612664901055e-03
-9.070962612881747211e-04
5.560770418351866640e-04
2.902457565717753846e-02
2.950187669344017313e-02
-5.670842231377845599e-02
-3.198118414948457333e-04
-2.783699234321299065e-04
5.193466173083645387e-04
1.641099450960768411e-02
1.656541531078963014e-02
-5.494278008060737850e-02
-1.902592776704091493e-04
1.181945716039248945e-03
5.079748577867608181e-03
1.223127420833011736e-02
1.380042528637415687e-02
-1.723210669252731586e+00
-7.263079775598908494e-01
-1.196590468270415375e-01
-6.735001268575180333e-03
2.028499071164644452e-01
6.432039387516619300e-01
8.551690005860566046e-01
1.953143060074242321e+00
1.439444210771459964e+01
-8.493620773627859333e-02
-1.126042497386783858e-02
6.455256196965519777e-03
7.047489874166118495e-03
1.262310881227743375e-02
3.820176802267895300e-02
9.772910077236568460e-02
2.532159168034759933e-01
8.957125434918818963e-01
-1.938434381563936548e-01
-5.004473951007634702e-02
-5.570485647037409782e-03
2.728204514002824377e-03
1.098742800209584480e-02
3.567589058000786295e-02
7.029982935620418538e-02
1.610460630450495645e-01
1.082032166051145161e+00
-2.591127726740139608e-02
-6.154548232431368560e-03
1.011641725327198232e-03
5.029258368691075926e-03
1.319731172247266132e-02
1.796720747763893428e-02
2.279061379979742397e-02
9.682848762651771746e-02
9.082455587922209084e-01
-7.221578605452823318e-02
-4.438214631286838824e-02
-3.728780844934956318e-03
-1.891781301999614917e-03
7.706798544202253520e-04
1.588545280117814595e-03
4.034008400690805574e-03
6.078381232325510974e-02
9.695283713906812650e-01
-3.739200475895581577e-01
-4.872567660487703289e-02
-3.135116340474547458e-02
-2.302736488368084533e-02
6.158245288006292117e-03
5.395794777026069466e-02
9.140992453112894989e-02
2.118955905213059099e-01
4.880153763288379576e-01
6.509880472376955440e-01
8.853652272860704775e-01
2.789278109245726167e+00
-2.206600457111105099e-02
-5.740112766191917543e-03
-2.212299999107956994e-03
4.399938632101349500e-03
9.324724550944549911e-03
1.222213050886946165e-02
1.198017369927930342e-01
1.286679699202483151e-01
1.568917178602222129e-01
4.082312474646669909e-01
7.584376650297897093e-01
9.779017578186073312e-01
-1.656560234557146946e-02
-1.188629390875359584e-02
-1.909893277848019946e-03
-4.924529196709270806e-04
1.578266744027289475e-03
2.991169459901306393e-03
8.445065640695487846e-03
8.304961090603037166e-02
1.173721875421736976e-01
1.376760104808475993e-01
6.956513179038732453e-01
9.753151793421253046e-01
-5.410968634665017790e-02
-7.462344610454571536e-04
-3.682801493430712392e-04
4.292430853123085921e-04
1.289357445379286926e-03
2.009983455381343653e-03
3.498262033162204132e-03
6.035151058248342665e-02
9.709356189555898298e-02
1.338704391275931382e-01
6.908967608609919431e-01
9.751500824646769372e-01
-9.008624081549056195e-02
-6.926610496597239430e-02
-5.848950046359508576e-02
8.900621112013826219e-03
1.822468242425444307e-02
1.146648831539789359e+00
1.487486886026167469e-03
9.497590403951384694e-03
1.793164670149991619e-02
1.878844709570062776e-02
3.271163106495086209e-02
3.419775055620401238e-02
-2.286956489062238751e-01
-1.537393572576359335e-02
-2.005671914086792906e-04
2.052564652989058436e-03
1.834463526357287266e-01
1.834494489566792785e-01
-2.934445191123703500e-01
-1.744457249438224888e-04
8.867531089545854783e-05
2.684287959893727482e-04
1.266020839873841786e-01
1.267508010867130774e-01
-1.510958984573742836e-01
-4.032784217107433788e-03
-1.424949476264855686e-03
-8.564694631335578734e-05
3.445417727717221129e-02
3.656662916588698797e-02
-7.372337501656722747e-01
-3.743241565915718660e-01
-2.860643513310988650e-01
-2.135834494958011032e-02
2.948455425230848137e-01
6.851819408761506303e+00
-3.122397900184348263e-02
-2.389779795901287446e-03
2.525667549191513983e-03
3.602016990964994336e-02
4.101135080385007181e-02
1.293466547034055392e+00
-2.379076020942806624e-02
2.575630882321698102e-03
2.673816384159783711e-03
9.524265190565016359e-02
1.231664648370987963e-01
1.232459070658648570e-01
-1.916793369569630978e-01
-2.362049932321426404e-03
-2.028352472097962045e-03
1.186675965657676968e-03
5.772269468096490053e-02
5.803005614842642046e-02
-1.672836473796507628e-01
-1.412209427856761512e-03
-1.022494971013844511e-03
-9.007924929516977763e-04
3.972578349835068773e-02
4.020307734778874598e-02
-9.868197366852717867e-01
1.136591733038905261e-02
6.471798966333930370e-02
2.977247539707111867e-01
1.392349953061267964e+00
6.890742076041898478e+00
-7.071696114184075621e-02
-5.981708275861604557e-02
9.657222927848735372e-03
1.124234249511761596e-02
3.135997195279531524e-02
7.637050572993603348e-01
-3.248691888957455989e-03
9.980335930411688566e-04
1.909775339899245743e-03
5.808334133200956408e-03
2.893158667751164967e-02
3.315454101030453765e-02
-1.612480003693507469e-01
-6.682465640430565457e-02
-4.552733480932176502e-02
-1.449287581625763321e-02
5.666283523675930134e-02
3.367585970550649677e+00
-9.837544953431992534e-02
7.983932370543012080e-04
1.223808522560237977e-03
1.423545471084122493e-01
1.926971822422598180e-01
1.931080207703655960e-01
-1.947678427018028624e-01
-1.081496490700320501e-02
-5.361530054793117728e-03
-2.155977359005883942e-03
1.303587118834337588e-01
1.323312095750047157e-01
-1.939634195796929861e-01
-5.926998238623415460e-04
-4.496915785380389829e-04
-2.310546247375963591e-04
5.134139383014695718e-02
5.161738025585045631e-02
-4.029937613828977333e-02
-1.295179888807854174e-03
2.101045505913079481e-02
4.301781076448125268e-02
7.729473254993837750e-02
7.394772321257133685e-01
-7.161353905996403757e-02
-7.769578225020196127e-04
-4.678386772194315091e-04
1.810329142049996176e-03
3.369781493789053561e-02
3.397622010424506539e-02
-5.562951020032316785e-02
-6.570476408275273406e-04
-3.145336454596948939e-04
-4.986006777169330051e-05
1.685876790662331828e-02
1.715005320509231657e-02
-4.327918072069467798e-02
-8.671240301362250456e-04
1.777339172769574485e-04
4.081133879599460027e-04
1.105086610343556514e-02
1.128336581765847398e-02
-1.772394503956091105e+00
-3.283536599933087885e-01
-3.313661124765676647e-02
2.336729941340642824e-02
2.909686473352592895e-01
6.280642015432105207e-01
1.186998169291539229e+00
1.432579984266029394e+00
1.416350896297339368e+01
-5.741097261452915435e-01
-6.294905246017556966e-02
-2.442133315367822632e-02
3.137298385873399376e-03
4.620530752090012960e-02
1.966930641315691730e-01
5.073607450994376267e-01
8.509778431225490936e-01
2.870794908721807648e+00
-6.150731225385489692e-02
-4.065708062806240586e-03
-2.419564439182092519e-03
-1.665318220356017120e-03
-8.559502112386804806e-04
1.610567693985633098e-03
2.209127269822162842e-03
8.032576384173936712e-02
9.450465812760571183e-01
-6.715447455780471087e-02
-3.813501429663343489e-03
-2.205189926552456048e-03
-1.185292562507947456e-03
-3.866911557571656166e-04
1.527623675671468950e-03
2.023967241967905561e-03
6.999832387388708888e-02
9.444797444927590657e-01
-1.263323352087361462e+00
-1.151535630954116707e+00
-7.182460702904294170e-01
-1.285456785971019755e-01
3.322719824685549384e-02
7.279960090670556383e-02
2.376005479802663078e-01
4.180576790362928730e-01
6.220473876881833508e-01
1.093858574014549223e+00
1.777661282764034123e+00
1.011390463529612660e+01
-1.269878148748522229e-01
-6.514608939648758312e-02
-3.445752599897876356e-02
-2.517389885853907328e-02
1.019434783119305132e-03
4.465852148162585689e-02
6.933414223953521249e-02
1.032915099208356891e-01
4.203292119393009507e-01
6.898156887225926903e-01
8.823544129290624705e-01
2.635070937682955527e+00
-1.542382702153225760e-01
-7.950489688907680375e-02
-1.382553029063060546e-02
-1.061802840496539613e-02
1.870120365565175469e-02
5.492363472274630620e-02
7.574972594883749855e-02
1.116081557556767578e-01
2.523747493893605531e-01
6.903974305908884279e-01
8.452259301701386951e-01
9.925622737510289006e-01
-1.077943908347890889e-01
-8.840963223259958037e-02
-1.253832320156295088e-02
-1.156815519550116744e-03
1.940544508437175297e-02
4.866100657766350701e-02
8.694724938737022346e-02
1.163836242093620466e-01
2.054422064724341912e-01
4.599518900762478157e-01
8.340951770803548548e-01
9.614050551860310323e-01
-6.653884745309318616e-02
-4.573046672746709090e-02
2.774738463705433977e-03
1.170233699683481676e-02
1.587298751766015592e-02
3.574151724111539197e-02
9.385542553099843199e-02
1.224839535561962345e-01
1.706125113346503852e-01
2.734818386762072340e-01
7.679461614795042301e-01
9.589500209638555095e-01
-1.499096320760192648e-02
-4.717274926884767322e-04
2.465820456215163381e-03
4.367837610865173831e-03
8.902303437007982184e-03
1.244193514821799809e-02
3.355388353062614681e-02
9.022988408484984568e-02
1.272598237877936023e-01
1.428705304006391008e-01
7.053117050128560050e-01
9.753434899108877065e-01
-5.541044458682323204e-02
-1.086674653238070554e-03
-5.518738834331127219e-04
-3.085247780504687953e-04
1.414053413359428468e-04
9.447462987025243009e-04
1.896776427428852052e-03
5.100640983625936292e-02
9.056404420110331088e-02
1.312795097760823537e-01
6.910636607703755097e-01
9.749487589164193002e-01
