-9.733713941826276084e-02
-9.692415103264653831e-02
6.879265176174542695e-04
1.103238441379342238e-03
4.326740655457467222e-02
9.465345511240024212e-01
-4.019779445859698354e-03
-3.600982333981875110e-03
-1.103238643819460726e-03
1.299177370253298824e-04
2.007809782372551796e-02
5.437686998602442312e-01
-1.689893913297768960e-02
-4.560219855104657993e-04
-4.326086394259298640e-04
3.692725531318878651e-04
6.256030083116712048e-02
6.270328252561538362e-02
-5.209468116785705982e-01
-5.204916888694457455e-01
-1.381125333303183100e-01
5.064642362149984756e-03
6.266120270431829731e-03
2.141452887374410530e+00
-1.700152798451322611e-01
-1.688884376974329471e-01
9.665251974879801589e-03
1.064282264732785421e-02
1.844870702420767228e-02
9.896541336428141822e-01
2.925682943509083883e-04
3.330805500415534039e-04
3.601044147364132692e-04
1.763413593517888789e-02
1.782329823658435411e-02
1.269656032017736358e-01
-3.129983879410530578e-01
-3.096849149337192464e-01
-4.734388051176652290e-03
-1.420916873134336900e-03
9.492180371756642199e-03
1.861391508827328733e+00
-9.730228485848270090e-03
1.966541178038815063e-03
3.444456097890140692e-03
4.442165864608238479e-02
4.763767311677336719e-02
3.240821131143981626e-01
-1.558010883304049472e-02
-2.110128504497712446e-03
1.793525814264296529e-04
2.858666632739188243e-04
5.839988600829870702e-02
5.841294029253914916e-02
-3.855940933120634018e-01
-3.854684259531703239e-01
-8.776345670494345441e-03
2.171239433893505655e-02
2.183806235411730329e-02
2.052594728883335495e+00
-7.861604832450378930e-04
-6.211206899936842210e-04
8.586005873149850018e-03
6.292957672639636069e-02
6.345748128875293437e-02
1.162365668329399249e-01
-1.769023731299408306e-02
-7.809547222797849630e-04
-6.742471795658233624e-04
8.440514286982662984e-04
5.976625523229606163e-02
6.007724698317888634e-02
-1.401223662339307931e-02
4.532147933511998864e-03
5.393483873637921686e-03
2.648806682354525044e-02
2.769960525580104915e-02
3.336821200908968721e-01
-1.058640342232883351e-04
1.068355475637235543e-03
3.403600970463524760e-03
5.282215331007485831e-02
5.286916558910702973e-02
1.529816657609409658e-01
-7.063038027294015787e-03
-6.918193473317142857e-03
5.521084125830861243e-03
7.669419587794102690e-03
8.248797863588074736e-03
2.089955611600640972e-01
-5.046378349968534405e-01
-5.034971967117425340e-01
-6.339131682319328054e-02
-6.333614244666591064e-02
6.922109768918957573e-02
6.569152045284598174e+00
-1.436424294011672542e-01
-3.861913382385534499e-03
3.225846148710742600e-03
8.131116387198017437e-03
2.083453439362755177e-01
2.161208404560343022e-01
-3.136024489296518336e-01
-5.156777922879191012e-03
-3.013036600531149301e-03
2.715981065112504922e-03
1.315446542341846270e-01
1.364647483344340051e-01
-3.090199581178059152e-01
1.215265054293132585e-03
1.668905155011543573e-03
3.629592130462239163e-03
1.168069362812231282e-01
1.195211295074838781e-01
-2.171495023639575250e-01
-3.516421158784574508e-03
-1.587611522679305276e-03
9.140673970434054496e-03
5.286681345208085747e-02
5.323550795590679258e-02
-5.704875736924979179e-01
-5.702299406802562309e-01
-3.618065579185347769e-02
-3.608584213333214386e-02
2.684402502318953831e-01
6.734417383418041858e+00
-1.647319331524436242e-02
-1.448482265392617152e-02
3.026682678655454040e-03
1.204649379455283303e-01
1.316555230647695474e-01
1.604743825420214209e+00
-2.798879122652035423e-01
-2.068102002489928450e-03
4.310685651413735317e-03
6.375212673956091348e-03
1.772644784791272132e-01
1.785006332335304646e-01
-2.781620539037192863e-01
-1.733413065562752764e-03
-8.424185495815306179e-04
5.886869269394232052e-03
8.020951003187690165e-02
8.137725277526004775e-02
-1.447776245464744427e-01
-3.162840178961622700e-02
1.567216871678633102e-03
1.825204205615270445e-03
4.015003718491895468e-02
4.022767144421095925e-02
-1.411911134681618184e-02
-2.589504574803757828e-03
-2.452371782094208905e-03
2.561401508344474803e-02
2.719405757210507923e-02
2.815762038743836015e+00
-4.419969224393681395e-02
-2.051157166035148804e-03
2.157752489317238398e-04
1.732691995668916157e-02
1.773202723299181077e-02
2.950217412373365544e+00
-6.656820438136264173e-02
-1.344115145712504455e-03
7.232410820846857380e-05
7.699669452119421720e-02
2.265921146121120389e-01
2.280895763005588717e-01
-2.655983309046503482e-01
-7.658009049595349005e-04
-6.093607532020178796e-04
2.703495897843355422e-04
7.918160014485145504e-02
8.076080861701023794e-02
-1.585001534444148708e-01
-3.473758009854832629e-03
-3.397323364258485190e-03
2.637682454062248438e-03
3.571978184666359940e-02
3.642893940946887593e-02
-5.649406606269622433e-01
-5.626350248337339544e-01
-5.072294994704278082e-02
-4.938801219795943553e-02
3.042615306075122650e-01
7.071877247905846708e+00
-2.985729523522489548e-01
-1.545318640843162949e-02
-4.851459248910727773e-04
1.863774711231974690e-03
1.270427572255651283e-01
1.293769173737768230e-01
-2.977140723693962321e-01
-7.838943956034325400e-04
1.731801778465128340e-03
6.072057979819718912e-03
8.129522669244861055e-02
8.262304768593389803e-02
-2.613016858752597038e-01
-1.462448431786200591e-02
3.457805800840960814e-03
4.865569185639328706e-03
6.571083762200495559e-02
6.780429970997087219e-02
-1.799803719381195266e-01
1.176169146600986037e-04
4.039397894797444599e-04
2.971413244009138421e-03
4.061925443956179022e-02
4.149222016940854602e-02
-1.772165500357770346e-02
-1.673621421355655364e-02
5.061197168790823597e-02
1.245783933963220125e-01
1.247840023759257400e-01
1.607512983396641726e+00
-2.251254395173263312e-01
4.337704075709242213e-03
6.531928913134338321e-03
8.885968653244952220e-03
1.391065588942508868e-01
1.394130734719879472e-01
-1.791777870842497511e-01
1.368456660055417107e-03
5.060161244835548189e-03
1.833380740674611653e-02
1.202940550475139758e-01
1.231480866910998617e-01
-1.721843205876971150e-01
4.944536208387265153e-03
7.012114638965172286e-03
2.930870135962823642e-02
9.391952071132245172e-02
9.462301865072828000e-02
-2.161749468399729590e-01
-3.484474320028387029e-03
-2.647547345896492099e-03
9.726678906757588172e-04
5.349027273859532916e-02
5.362331515462696180e-02
-8.143566149911176666e-01
-8.143565897784684759e-01
-1.060090186977387106e-01
-7.757928859945010039e-03
-7.757874890641041493e-03
6.681568515272609865e+00
-7.754480783767936413e-04
5.957365261306540481e-04
4.497242304736364001e-03
1.247546818581693889e-01
1.256813750316683742e-01
1.828980438126712460e-01
-8.473102951428844454e-02
-8.454407451533529905e-03
-5.883509266205150245e-03
-2.961310051972393387e-03
1.111574443177508614e-01
1.115922523105839920e-01
-1.517520243322388329e-01
-6.037088631142217832e-03
-3.716111171735690579e-03
-3.688721399058264138e-03
1.079673839848066252e-01
1.080923268517035574e-01
-1.831452325591421959e-01
-2.343196739513150884e-04
-9.587550677045419967e-05
1.618187709236738880e-03
4.763205837967428302e-02
4.912930384328648842e-02
-7.393636483680516847e-01
-7.393636232199956027e-01
-4.137545452456009576e-02
-4.137542120865363854e-02
5.300450663024145470e-01
6.045514436737553510e+00
-3.969403636808502972e-02
-3.940511972351437575e-02
-2.465245815203715753e-03
-2.193250419182491556e-03
5.642257098427311268e-02
1.663755507662049604e+00
-5.039792747537432532e-03
-5.576835102907521519e-04
-4.618665126311398070e-04
7.109211368613866690e-03
1.285076585029586715e-01
1.285992191155534148e-01
-1.941480433170446884e-01
1.563896270734277394e-05
8.521725167738997131e-04
9.235791013662980609e-04
6.965848855062495293e-02
7.008946939423879585e-02
-1.704802877615405610e-01
-5.181855054095310664e-04
-4.722553812159038800e-04
-1.052263215692295084e-05
4.173545309397400788e-02
4.276435918201541148e-02
-2.308482194419637923e-01
-2.306028858816887017e-01
-1.920607918442945872e-02
1.666445970875923832e-03
1.911714018476284860e-03
3.201081348565048224e+00
-2.308482730853299858e-01
-2.308482194405866439e-01
-1.154086750230423619e-02
1.666328953922770976e-03
1.666447139120260821e-03
3.208746563555829656e+00
-7.432800205268989997e-04
1.645811841751673200e-04
3.620588566613511944e-02
1.113484689544875089e-01
1.130603151630516084e-01
4.651816740413443063e-01
-1.841090665226059464e-01
-9.941232325811941162e-03
-1.500811214921168868e-03
-3.311580542718073339e-04
7.266331130997510934e-02
7.444821348430237518e-02
-1.453135971071037313e-01
-9.562430084209313369e-03
5.374701974205724729e-04
1.468180151005515736e-03
3.195930940894910893e-02
3.268860234127114739e-02
-7.284917326299458207e-01
-7.284917114168711905e-01
-3.050353887937889974e-02
-3.050350960909134143e-02
3.825303260095384017e-01
6.328763797867119401e+00
-1.701232651725207434e-01
-9.489166238061952363e-04
6.405511263987695436e-05
1.377672448844034780e-02
1.111926430826154777e-01
1.133491484576324287e-01
-1.628978389738733323e-01
-2.545951721593138484e-02
-1.137341829377330749e-03
1.278879384889713977e-03
6.407421748289064689e-02
6.881044461106942955e-02
-1.693149658795186363e-01
-1.885114264541970161e-02
2.448625320632163028e-03
2.958172966714642596e-03
5.014513093362728963e-02
5.039211658663135529e-02
-1.759212652094779561e-01
-1.013369489061173578e-03
-7.759190515898573004e-04
3.929650241650109455e-03
4.116357778876474083e-02
4.141186048304751344e-02
-3.340449910928098426e-02
-3.300852746283268468e-02
-9.551365967212739616e-03
-9.379643824711790187e-03
5.812490853479042319e-02
1.699876244534584524e+00
-5.475929021836069277e-02
-9.455824867160275704e-03
-4.707630749530261616e-03
-3.056515746217167151e-03
1.112218174043447250e-01
1.117792131105916076e-01
-1.153301879669643010e-01
-1.162279159177480314e-02
-2.752455175051141123e-03
-2.562405912508308736e-03
1.002697127084415663e-01
1.006563396191908072e-01
-1.615476712006626570e-01
-2.790900094059502613e-03
1.378411402721217227e-03
1.464381243612822465e-03
8.244900937174710898e-02
8.301339040164085192e-02
-1.823709252856748342e-01
-3.754009120647203157e-04
5.216704396180174563e-04
8.572471855099531024e-04
5.038748533351131847e-02
5.133874376243355991e-02
-8.519538643083024443e-01
-8.490638970789505802e-01
4.966877812792924729e-03
7.856845224167408048e-03
5.432829801092164956e-01
6.204784043918436964e+00
-1.832894117211698306e-03
-1.530819003742791770e-03
4.546574771281119975e-04
2.025190679539059374e-02
2.031510770003641664e-02
2.153771282633993589e-01
-1.220723891342465062e-04
3.881960068185946744e-04
2.003858737980555860e-03
2.493050348883295297e-02
2.544535654366079924e-02
3.254327089317460286e-02
6.745132785105851028e-04
8.601215443195911773e-04
1.233678002107298482e-03
5.939165655694943376e-03
2.548217583868686575e-02
2.558090801468073522e-02
-6.099804508377880408e-02
-2.010598976628988344e-03
2.002527991506672378e-05
2.887023625314181358e-04
1.547669637350201390e-02
1.583429976845912926e-02
-8.412965388452242621e-01
-8.412965387681761165e-01
-1.258397159277227333e-02
-1.258397029016523026e-02
3.448782115516070279e-01
5.838842650779421994e+00
-1.325813827339838991e-01
-1.325813827059736105e-01
-7.545546552006228425e-02
3.267226593486181451e-03
3.267226878857418942e-03
1.353216246641680609e+00
-7.897149144611822959e-04
-3.631175271012275605e-04
2.777793159976889997e-03
2.356437768556877629e-02
2.371535270374444324e-02
1.033975356459393979e-01
-4.345730244514210694e-02
-4.349224886114347538e-04
1.601543707502086353e-04
2.416367504535065359e-04
2.162243156931414542e-02
2.175894043056939703e-02
-6.105838658285235587e-02
-7.894848844351588096e-04
3.057788444191742176e-04
3.511512692709159618e-04
1.303196595412819785e-02
1.317037629646928588e-02
-3.106996309347362928e-01
-3.029930517425500902e-01
-1.768723482754688131e-02
-9.980654933444060156e-03
3.086814688656160446e-02
2.735423178551713352e+00
-3.126262757310768192e-01
-3.116629533243974737e-01
-9.017333531699853189e-03
-8.054010205327852279e-03
3.086814724047803882e-02
2.735423178552023771e+00
-6.309622192766208351e-03
-6.286144673273616132e-03
-5.026540930117420064e-03
-3.760757826784711429e-03
-3.750001148953667311e-03
4.003563703485601977e-01
-3.918391086791737227e-02
-1.977690955320618449e-05
2.035166119824967368e-04
3.264555018307919998e-04
2.090787856071552736e-02
2.090924793360888698e-02
-5.605157539600782307e-02
-1.353720434316011204e-03
-4.304748873351308541e-04
-1.222483734390662768e-04
9.648158078876470020e-03
1.003342484455485399e-02
-8.745754326527519495e-01
-8.736121102000745653e-01
-2.693451686954617674e-02
9.948120216466738164e-03
1.091143738335698110e-02
6.304713057958576172e+00
-4.536182018294443582e-04
-1.340308134073295993e-04
-8.122120127081248987e-05
1.572541817970478373e-02
2.680204711166827430e-02
2.685617487213479496e-02
-3.970418343225630420e-02
2.465293444654098609e-04
1.096583395866070759e-03
3.584967965377536259e-03
1.998325610742555936e-02
2.008679457878858460e-02
-5.280345571983662001e-02
2.034802044690690870e-04
6.505061073706040753e-04
1.565363313115995109e-03
1.707342868550262502e-02
1.732102060371190286e-02
-6.086387174210869389e-02
-1.611605457152387455e-03
6.943374450038043710e-05
3.380986910898470255e-04
1.263179484855998964e-02
1.265347960244441426e-02
-1.582524488208446323e-01
-1.582524488029523058e-01
-8.635346263769527659e-09
-1.041693375872672019e-12
3.429802524646474726e-03
1.514416558800879553e+00
-4.225283188258083418e-03
-5.395526960617035017e-05
-3.626913163681279306e-05
2.415235749632461612e-02
2.422486731812651534e-02
4.780624238004935883e-02
1.202159779260219809e-04
1.258576167904625065e-04
2.807967061099523633e-03
9.476090270679977945e-03
2.358131236275685938e-02
2.361156004641355721e-02
-2.265356161888689226e-02
-5.507643708884193967e-04
-6.287167965579884630e-05
-5.547454628449818528e-05
2.390766216448115405e-02
2.391811516356760411e-02
-6.084480106612333294e-02
-1.885347084647374938e-03
-2.769123694578191908e-04
-1.291788855750618248e-04
1.568509559130828665e-02
1.578752576949512404e-02
-6.542736938926636547e-01
-6.534989174765665210e-01
-6.487548255329517177e-01
1.484431845362393920e-01
1.543038356152257595e-01
6.216296581411367761e+00
-6.990596808425223428e-03
-1.180017139086149067e-03
-4.317062429640226157e-04
3.150067982512502057e-02
1.901430660176831045e-01
1.908913837106659406e-01
-1.728699785551456036e-01
-1.252258431472322298e-02
-2.047319669344403823e-03
-1.897313202038442264e-03
1.579192404663995464e-01
1.581338265433509527e-01
-2.011480374833619633e-01
-3.703733970358558114e-03
-3.540534621639890300e-03
1.286723888196533716e-03
1.379213576325275248e-01
1.396950829024691532e-01
-2.161543420406591975e-01
7.853214413396786275e-04
1.041733048006393547e-03
1.329404728653796330e-03
6.468925382777931943e-02
6.706812514254623103e-02
-5.976565161360463119e-01
-5.946042014609809190e-01
-3.694987129225422717e-01
8.922716306370226391e-02
9.013821290633194927e-02
6.383564118471695359e+00
-5.357080022300480214e-03
-3.346205440323401972e-03
7.957606110536394328e-02
8.671517951265132751e-02
9.276275607793378619e-02
1.698940015759346167e+00
-1.234845894442347936e-01
-1.781898912546825420e-02
-3.106470163933644502e-03
-1.346241263005421018e-03
1.749305072786979942e-01
1.754902603152777019e-01
-2.358632919472719303e-01
-2.055417941887877076e-03
-4.933118463123914443e-04
5.073712128192686688e-04
9.113257489917502008e-02
9.273673582581097585e-02
-1.975041739461788071e-01
-2.602687287154570317e-04
1.701103301334979680e-04
1.766939701290632205e-04
5.290398140468549615e-02
5.335595163677962077e-02
-1.425424001060669743e-01
-3.228133248711596848e-02
-2.803450701256685051e-02
1.897405550774833305e-02
2.271683588835468615e-02
2.821850250634657886e+00
-9.608481976866932450e-02
-3.534216937549212317e-02
-3.111053515765445365e-02
1.591309724044512319e-02
1.964080749683269622e-02
2.868307831126884366e+00
-1.169770555457566325e-03
-4.881219937618369240e-04
2.595232958412577520e-02
1.913981482644455390e-01
1.917731399482567323e-01
2.836619554887265249e-01
-2.359243011666740109e-01
-2.250739756482503240e-03
-1.674016363839153643e-03
-1.093544024399900616e-04
9.231027423722996950e-02
9.273862308020540401e-02
-1.827878450251729792e-01
-1.059581564265117681e-03
4.038565003600599890e-04
2.199076743845056192e-03
4.307578635153503505e-02
4.468894177086392416e-02
-7.065724461982847426e-01
-6.025247430718216890e-01
-5.934859112012534910e-01
2.731343388569795749e-02
3.447729229423390773e-02
6.821954656184737509e+00
-2.296246101951268381e-01
-9.992234661622689806e-04
7.829041764357835831e-04
2.905333782697444578e-03
1.379023563035736699e-01
1.389367518744152319e-01
-2.309979023964132683e-01
3.397543261396768211e-03
4.604452067745914978e-03
5.275185455701145165e-03
8.349111098336212122e-02
8.580192601820779696e-02
-2.008357778365545410e-01
1.228827105148155852e-03
1.926572653728947371e-03
2.367372902830015835e-02
7.361543813811918802e-02
7.518608339242485727e-02
-1.974623534982586914e-01
-8.553820677938417383e-04
-6.180358299792132470e-04
-1.199110525564942020e-04
5.260807436037052282e-02
5.322383500955090579e-02
7.191622529454193540e-04
6.989905084935773075e-03
5.988401323421483485e-02
6.650531540856138846e-02
6.763631081114725163e-02
1.788694454290866043e+00
-1.748579511589974655e-01
-8.983494399106284334e-04
-3.722924021492268754e-04
3.107047580073379889e-03
1.545867502088639767e-01
1.562951583419523449e-01
-1.857262795099988706e-01
-4.638264860215790542e-03
-1.019493782480246835e-03
-9.218549049000153255e-04
1.384276970625717140e-01
1.405667416926890123e-01
-2.118762764552252209e-01
-4.456527342447552144e-03
-4.393596957424646121e-03
3.265360624101015796e-03
1.083636657285970278e-01
1.096532345405647618e-01
-2.137407385302037555e-01
-1.309086168831838370e-03
-6.058109324104110627e-04
2.850662798372233242e-04
6.553187860057767267e-02
6.602746589169757041e-02
-2.188333268141737231e-02
1.861818604743721572e-03
2.278787277807874795e-03
2.588460693672543084e-02
2.591956357137098141e-02
6.479450066486043269e-01
-5.584620742254274572e-02
-1.136978758038455217e-03
-2.920923729658742030e-06
1.792238190610265236e-04
5.421229334135115735e-02
5.432162629173172691e-02
-6.392240577632789245e-02
-5.845917960921785672e-03
-8.145407927035788753e-04
4.048092887776882920e-05
4.006437296720988250e-02
4.059527693303260215e-02
-6.426207329071478846e-02
-6.426330859125778394e-03
1.895949017363743327e-04
7.656444502025863685e-04
3.405308320351457807e-02
3.424831412038744499e-02
-5.506414439090347862e-02
-8.143418364337656756e-05
-3.219835588242139779e-05
2.457267229769369288e-05
1.612148327058133060e-02
1.629162273071715211e-02
-1.780111866206739862e-02
5.456293134926265553e-04
1.187024391932751943e-03
2.809749223298674270e-02
2.865387701512815688e-02
6.479575267056946197e-01
-1.723475391776094212e-02
9.939510190686284830e-04
2.298662900023659694e-03
6.968080524825484567e-02
7.117670719758750764e-02
9.015404333299233131e-02
-6.819906667137926037e-02
1.993708513784928082e-04
5.286079447845981605e-04
6.784030111749786429e-04
4.761451459551262894e-02
4.764312418052834425e-02
-6.715206410800041159e-02
-9.190997871833840593e-04
-3.798486456225852459e-04
2.351841418020694796e-04
2.410393842486650146e-02
2.430797199063789230e-02
-4.855627436993048551e-02
-1.442950840837531681e-03
2.832979208234121799e-06
6.157674981699671361e-06
1.317853070616925061e-02
1.357061378640876670e-02
6.855140670422189136e-04
8.677758892709269613e-04
5.104744226499539211e-03
7.210215659775577601e-02
7.227924735888634211e-02
1.483452726392117393e-01
2.511840399101249004e-04
5.466768131121369292e-04
2.575852066243363228e-03
7.243449568413930229e-02
7.278319961793645876e-02
1.525913994706585841e-01
-3.746707141848468897e-02
-2.823765024316908512e-03
-7.925304921340553532e-04
-4.185298371935930462e-04
6.125535436387433835e-02
6.155876967092175495e-02
-6.768242329211390795e-02
-7.996103092802256396e-04
-5.345425572437570438e-04
1.351108378387914921e-03
2.392012505173428394e-02
2.424503151901576115e-02
-4.333480916239615399e-02
-2.073264908469627660e-04
8.970595284543866866e-05
1.354877680168417456e-04
1.062026350989251841e-02
1.066607354298832085e-02
-8.463775351550307949e-04
-8.376973674733354924e-04
1.958993377721607310e-02
2.801590021008267331e-02
2.831191298321604835e-02
6.044243734582819272e-01
-7.413131193824326615e-02
-4.458360069077224597e-04
-3.680470289241233317e-05
1.651003379713467112e-04
3.503100851028858459e-02
3.563671036011679949e-02
-6.745866862354638060e-02
-8.811577878293855304e-04
-8.412426436473011138e-04
1.672696284816924811e-03
2.320215198724337458e-02
2.412342556162932680e-02
-6.151267625224821067e-02
-2.906260384585961087e-04
-2.356348308350658671e-04
1.121985590618629347e-03
1.963757704822485101e-02
2.013981656669830769e-02
-4.784405129311877780e-02
-1.874749811785685755e-03
-1.228604518157348086e-04
3.152259116939483408e-04
1.337009938242522157e-02
1.360793088526762035e-02
-6.931512852399734914e-03
6.301886803483786048e-04
9.193508647960951796e-04
7.101418826110000859e-02
7.155272879537240283e-02
8.258364021761550877e-02
-6.135626858772872533e-02
-7.141421315150914273e-03
-1.026879894005100491e-03
-1.524458410665854857e-04
4.240133220693972221e-02
4.287365214551178139e-02
-6.109595058238279086e-02
-7.042214867115023647e-03
2.274854554705288412e-04
8.447458406541305531e-04
3.551222545088709298e-02
3.616183461948638267e-02
-6.094962341177934118e-02
-7.007994611558068104e-03
-1.899852806109755821e-05
1.410196192881268962e-04
3.001172365509574211e-02
3.016021334068175880e-02
-5.546013263871367449e-02
-2.018651872318713569e-04
3.563328659062017789e-04
6.551898123139839047e-04
1.613222670231456365e-02
1.631990447957771054e-02
-3.952703813946381484e+00
-4.729117861782050625e-01
-3.857144187086860576e-01
-5.668540081728812297e-02
1.385678039103144243e-02
3.910391689001047055e-01
2.076422829557588834e+00
5.504680773345663525e+00
1.324970464012575988e+01
-1.902948604023586843e-01
-6.784389378915102464e-02
1.952497347880388645e-03
7.075295044296076030e-03
8.342788153171509791e-02
1.028400676491985077e-01
1.818606008451476019e-01
4.724563126123205170e-01
8.705942241892816735e-01
-9.439455789565445731e-02
-2.270940386784531251e-02
2.094938426123904573e-03
3.010430970752084323e-03
2.805512117904998548e-02
6.143337233288663490e-02
1.017856632754283869e-01
2.316322211940569087e-01
9.383583577035352619e-01
-2.065640056442037686e-01
-3.318261084137105743e-02
-1.172599624618916869e-02
2.425566130751760641e-03
1.533384441663251940e-02
2.571722794488506825e-02
7.751096284215727716e-02
2.900976128033605494e-01
9.649167469463080238e-01
-3.709323662622180606e+00
-4.692663912884804667e-01
-3.707638765842049544e-01
-5.107775655781088275e-02
1.600571329986744118e-02
4.064094880289101930e-01
1.956693497904013146e+00
5.458356636929055483e+00
1.276826439080643638e+01
-8.555289525496291292e-01
-1.791257536461264843e-01
-9.842985194394859860e-04
1.204275867447679449e-02
1.226052164470661232e-01
4.530071402851983953e-01
8.445852008459019400e-01
1.957810248691154609e+00
3.291673413393709335e+00
-5.753640996727044793e-02
-2.262451793971975711e-02
1.796846975784832656e-03
2.527366285035040350e-02
7.270022864687325503e-02
1.358032516969971959e-01
1.887248810784427633e-01
2.901947132040056943e-01
9.375559936692006158e-01
-5.884137674267624768e-02
-5.645678831386816143e-02
8.205586700850628357e-04
1.315480575386995810e-03
1.224926845704507605e-02
2.168360176831514441e-02
5.227887863127098078e-02
1.333820118226038409e-01
1.000406632526505302e+00
-3.572246072231137326e+00
-9.293676480841677190e-01
-2.262740504776434847e-01
1.179644348151942523e-02
1.999954739970535300e-01
5.449096481193640429e-01
1.856071907238809438e+00
3.991659205034587821e+00
6.773724383732352194e+00
-3.098493223098748750e+00
-6.857473793703774412e-01
-2.573579457217065602e-01
6.908038158923712757e-03
3.090689634132948171e-02
5.244505179091039082e-01
1.913106727922186057e+00
3.208318001541976106e+00
6.811653851647291091e+00
-1.824823254157613428e-01
-1.193778289358549544e-01
2.329650445245773360e-03
8.423287823006830877e-03
1.078630996841499212e-01
2.770820236435585504e-01
3.839468857404410018e-01
8.058354707333149625e-01
9.442694405759001208e-01
-5.863919374172574944e-02
-4.015328164331545546e-02
-1.827194295092125775e-02
1.240123237595015804e-03
3.819072523786694318e-03
1.933844909685611402e-02
2.582395433541696816e-02
6.561933163037242389e-02
9.332566293872683882e-01
-3.696968737841418218e+00
-4.851557499497984871e-01
-3.958277354136403581e-01
-4.380183286125927111e-02
2.880883058228755900e-02
4.150498369245529950e-01
1.966182807697649526e+00
5.527206141081514090e+00
1.278178364339270701e+01
-1.148572771295656297e-01
-8.654648141563127395e-02
1.802267785227601449e-03
2.330472984605619358e-03
1.214122800802197588e-02
2.361696131560087064e-02
6.297003053679389728e-02
1.850968510416591828e-01
1.033901772544288722e+00
-1.356181898087697180e+00
-1.741375648624903238e-01
1.927049073099817988e-03
4.106544488639674029e-03
9.182512619997584835e-03
4.363273509467302524e-02
1.535055775542040202e-01
9.228815105654046835e-01
1.448633160324182878e+00
-5.652080200921609510e-02
-3.975431933381341071e-02
-1.563657126666748165e-02
1.237359601872295434e-03
4.381217466089569468e-03
1.839895941549698349e-02
2.916802690178754015e-02
7.325168483019062204e-02
9.401851074075936454e-01
-1.917978983142149541e-01
-1.332471810890742958e-01
9.159997434037031594e-03
1.360475981535919088e-02
1.055566917681169670e-01
2.713767768361520227e-01
3.763329292247649116e-01
8.258492493965237102e-01
9.629032277560023445e-01
-9.860328651049442283e-02
-1.778726462420172905e-02
2.182592172043876233e-03
3.485777761813316222e-03
2.886391513759609118e-02
7.851201498610507756e-02
1.571073602767274757e-01
2.443096328596227884e-01
9.529049462244533197e-01
-2.823621237044622867e-01
-3.439001377597047937e-02
1.657201643254613277e-03
3.105369221593712314e-03
1.179560199162421608e-02
5.533857997011454311e-02
8.635540263882385270e-02
3.641506316311773905e-01
9.809439251878411259e-01
-8.981463647858130284e-02
-3.950677823172035058e-02
-2.072313292666258522e-02
-5.242997520919501220e-03
2.779090626551516952e-03
1.837430455303161458e-02
5.113678755415923538e-02
8.749972766182992356e-02
9.568137338709785666e-01
-4.547390747059758986e+00
-1.791284022348292204e+00
-3.529606306819736972e-01
-2.437508392845240124e-01
-1.139471488230396901e-01
6.856238606776265954e-02
2.512769258573781528e-01
4.167849195428479092e-01
4.476096307329067159e-01
2.762923815760382595e+00
5.750125697606544684e+00
6.595866208093750238e+00
-2.248385188933639256e-01
-1.859826580184208156e-01
-5.586149838303311466e-02
-1.065363398622112823e-02
1.613908871345595686e-02
6.211273334051053974e-02
1.960835117227437419e-01
3.193162106259710975e-01
4.166178061513534092e-01
4.557767766184849800e-01
6.592666115117904457e-01
8.736368370517291204e-01
-1.983290868785796135e-01
-1.564891803587443730e-01
-1.281520296942645354e-02
6.134966525870338971e-03
1.453438077788027361e-02
6.815390395578932448e-02
7.965074932581825418e-02
1.879899696305565582e-01
3.186360129386072160e-01
4.474951222891380143e-01
5.673872075239501100e-01
8.732560965508078255e-01
-1.984692260932615637e-01
-1.566616193999474382e-01
-9.285061374610131812e-03
2.471782193681659745e-03
9.889017288190193877e-03
3.753992337331618634e-02
6.091915734815092631e-02
1.471415420069808466e-01
3.158033259201317167e-01
4.413995636797147792e-01
5.606499798856868777e-01
8.710148478679667905e-01
-3.752772604872713025e+00
-1.631815961308778817e+00
-5.039035784752305958e-01
-2.454238703043598591e-01
-1.195087429683425739e-01
8.379136410578080785e-02
2.567015053603780572e-01
3.986829412915842141e-01
4.165160853134839414e-01
2.990293351354612827e+00
4.741754722604182959e+00
6.839163784631395515e+00
-1.236752938995187900e+00
-2.755023343798241875e-01
-1.128783287736281338e-01
-7.665270988919425932e-02
1.629469969469177215e-02
1.085902662131381646e-01
3.251410392812434935e-01
4.291212290829415910e-01
6.513271041018486862e-01
1.011675943041251635e+00
1.997392558361665182e+00
2.372405069903719799e+00
-2.242570703711046498e-01
-1.634525185937280578e-01
-1.344125321410852281e-02
1.615138476861122108e-03
1.405600899184517028e-02
8.531657191527378115e-02
9.894034812626664732e-02
2.775401076378692933e-01
3.391460871103719743e-01
4.559471021013167258e-01
5.884773885421223927e-01
9.477327260013508337e-01
-2.139175092173606352e-01
-1.673064450465519271e-01
-7.913338525567359394e-03
3.057992628656219791e-03
7.538246802434228622e-03
1.923656455220407180e-02
5.929505114625568951e-02
1.310607018187048556e-01
3.291080202225820095e-01
4.467525144624105993e-01
5.567970262911765555e-01
8.834616811627238331e-01
-2.920687460376544919e+00
-2.014855613296281156e+00
-6.437060889201626779e-01
-5.936365317000031894e-01
5.007830500573717813e-02
9.765593109853032416e-02
4.007943299129390624e-01
4.147586723944609588e-01
9.882309867075944609e-01
2.444268134526269787e+00
3.812715221860043080e+00
5.616125987586410240e+00
-3.868234428180544526e+00
-1.386869641462157077e+00
-5.479523779025177177e-01
-5.227309132212809573e-02
4.263632414602192000e-02
1.393172039030563525e-01
3.112706141861556475e-01
3.697913088638427048e-01
1.657077976920660944e+00
2.668301181715490245e+00
3.890816187839932550e+00
4.111146774314866192e+00
-2.375482261736410750e-01
-1.955992275518258494e-01
-4.249867838097204364e-02
1.057072275554543639e-02
2.820501262408114940e-02
6.023058314358631371e-02
2.391094125895191214e-01
3.270051660369683866e-01
4.421505645971643972e-01
5.054036209373854449e-01
7.450424638706072411e-01
8.605561518742541605e-01
-2.252753953634793749e-01
-1.745737461215050024e-01
-4.958218203028524895e-02
9.022893414864507911e-05
3.175616467583325386e-03
8.792278404423037319e-03
3.931549090197433705e-02
8.255426325454245928e-02
3.224560837742618813e-01
4.240488236410507317e-01
5.620081184888914283e-01
8.713471821707281517e-01
-4.793638144042178695e+00
-1.789944463233723582e+00
-4.245381637950647047e-01
-2.503723239565696090e-01
-1.297967217503392945e-01
6.231118361274479156e-02
2.373864158108913713e-01
4.066013320565318168e-01
4.845967140138007778e-01
2.887285523316781344e+00
5.449662035226410239e+00
7.194079928725363615e+00
-2.105647272799376912e-01
-1.645952847079415471e-01
6.104434145824955138e-04
5.093928613269627093e-03
1.366689139235000017e-02
3.028590160959246380e-02
5.316257085102171764e-02
1.352413637107872102e-01
3.240114807615719350e-01
4.433964488479016364e-01
5.562078345016745473e-01
8.811895869931256620e-01
-3.240697176731534568e-01
-2.089824140596082958e-01
-1.232044007543002806e-01
6.218233986387544654e-03
7.061898306469749365e-03
3.512748404647736411e-02
5.091922420268429894e-02
3.007341048139855477e-01
3.395578620514319024e-01
4.450369204166140236e-01
5.869466897900260660e-01
8.732274854763184546e-01
-2.228620816877561472e-01
-1.736497078086348400e-01
-5.030801208068017005e-02
1.512350878752122263e-03
3.627723722463671585e-03
1.093606503820609976e-02
4.014465651738191587e-02
8.663795050274031295e-02
3.243360308883180831e-01
4.266362903931703032e-01
5.610530640487412235e-01
8.741327933376257242e-01
-2.178856953266795071e-01
-1.784186809020179287e-01
-5.505043940751841447e-02
-3.497851106758598227e-03
1.183186438443498134e-02
4.107655847707053498e-02
2.440081237368756928e-01
3.864529660392136967e-01
4.514359805424838501e-01
5.238138319869665160e-01
6.938096992240845307e-01
8.350147360398498808e-01
-2.109751258168991450e-01
-1.624494488330001374e-01
-1.564254725474314989e-02
4.897154399701314498e-03
8.943116972151610167e-03
6.233892200414301032e-02
7.693548782634976324e-02
2.020334655054284723e-01
3.242005597859380917e-01
4.520735634270425241e-01
5.738952665496167560e-01
8.986770600779399043e-01
-1.926044660568821676e-01
-1.572036452585319211e-01
-3.000118940920903920e-02
5.173587127101364480e-04
4.447425803742494077e-03
4.147561496191348729e-02
6.273536065578694254e-02
1.813042891436146276e-01
3.296141901532020912e-01
4.485407295112061044e-01
5.521630113627722380e-01
8.761833434886778793e-01
-2.373090061047901933e-01
-1.714335682428351770e-01
-3.564701609954262773e-02
-2.529477769606497395e-02
1.250674009191560243e-02
3.066521535343696980e-02
5.826039401316224220e-02
1.825328083121504075e-01
3.277367546344320814e-01
4.070944957097627492e-01
5.762945027074343196e-01
8.736488446522671092e-01
