1.498320459851910219e-04
1.356835909936690695e-03
4.418844859964265320e-02
3.225942391884691019e-04
6.477629274718271725e-04
5.350530917980314853e-04
2.696864337496411232e-03
6.278630358296928282e-01
5.695581166335295271e-03
9.153569948724967582e-04
7.468975778632171852e-04
6.655360092013788004e-04
5.461130681770991480e-01
1.230705092020750518e-03
4.244978957164915090e-05
6.067285305000526957e-03
1.409133873935671357e-03
5.657182131263843727e-01
1.911218829419439281e-03
1.097367701036639924e-04
2.285604316101659279e-03
9.583053585904188678e-04
5.578398524847915096e-01
3.209433500553667668e-04
7.609428040227867373e-04
6.362896047989958842e-05
7.935820755005347309e-05
9.320351519059390244e-03
6.147008873522577055e-05
1.439097342656521905e-05
1.715484856638279099e-01
2.260104721009865980e-01
5.565628680984328724e+00
1.579179412624236445e-01
2.687678030873360061e-03
1.731325640729198256e-01
1.500404069747462987e-01
2.994532195175024114e+00
1.481436241719555624e-01
1.504580807668811325e-03
