5.095882891290215335e-05
2.849187812598261236e-03
4.505617852347040125e-02
4.995109505684054490e-04
6.118690578582968408e-04
1.179728304135625950e-04
4.358586869607302848e-04
6.216987374389775223e-01
8.522161647201176868e-04
4.515880471412850707e-04
1.739525178858002639e-03
3.035315870359017298e-03
5.412494238208971353e-01
5.429333730341661659e-04
7.080902235185705196e-05
1.317332066989429626e-04
3.287122720807751663e-04
5.753162171353792820e-01
2.320459039309925951e-03
9.982985272131486012e-05
3.763871059589548370e-03
2.377493130945943813e-03
5.204492856187261651e-01
1.062300095940090124e-02
3.719381739826979204e-04
1.289626379206583711e-04
1.538310648106270509e-04
9.476990231981227003e-03
2.557232187112560331e-05
2.959999092461136047e-05
8.903251532151264247e-02
1.273201135119116367e-01
2.439730550607202897e+00
1.411073295456205245e-01
1.233194933617520273e-03
2.861331878621576480e-02
5.613937364318874468e-02
8.665629448353701081e-01
3.051081269338930604e-02
2.118050945742729421e-04
