2.073428851746850028e-05
2.134240075150428432e-05
4.766021996203471229e-05
5.495635350289058871e-05
1.615939934516489305e-04
5.511087992388755993e+03
1.099425431465056069e-06
1.852677177025079385e-05
5.030858738815366718e-05
2.879013154086082146e-04
2.885570764516479049e-04
1.632782272103550440e+03
2.430523278591467833e-05
3.129254227426932986e-05
3.686644610028325531e-05
3.742491494412220120e-05
5.103237294351729077e-05
1.297403230703414238e+03
5.955620825809715895e-06
2.242486635864959587e-05
2.760407796856316026e-05
3.523614033893597401e-05
7.129149317150214988e-05
5.541925449330336733e+02
3.081246825168509327e-06
3.270746347600269769e-06
8.520682591807470221e-06
9.628991197663406144e-06
6.759961742450190723e-05
2.247974462862136534e+03
7.808648186106401066e-06
7.834067406671322545e-06
9.010725773690143149e-06
1.513263630903805370e-04
1.529582084154920804e-04
4.841787905075042886e+02
2.023906513729853165e-06
3.572052484609827377e-06
5.385565075991730942e-06
1.050203536947599130e-05
1.616084588973491993e-05
7.129819624124608026e+02
4.267596720521661736e-06
5.672383767507306013e-06
5.763735143926766360e-06
9.009824317685902423e-06
9.033378849858600474e-06
6.248997118643683280e+02
8.698208935248382366e-07
2.376049875297347072e-06
3.465989536863249486e-06
4.931581862913783369e-06
1.316829933707323385e-05
5.487363398460429380e+02
1.817346513136577083e-06
7.192658553230035169e-06
1.978707176422983170e-05
2.538109764060778753e-05
5.713210428433775821e-05
1.943803127574238033e+03
1.782358858855138120e-06
5.235902086966665628e-06
8.977382936357383264e-06
1.529433506013196600e-05
1.673099697579172521e-05
6.627482664747200261e+02
4.561607400463245952e-06
5.466755184727851988e-06
5.656755336220464432e-06
5.666518144207690406e-06
1.316829934387175406e-05
5.654397747396789100e+02
6.435826505559016519e-06
1.110214601320142096e-05
1.202709309889203302e-05
1.582811072558602987e-05
5.110050755095447338e-05
1.634686488499919960e+03
6.424616697773282400e-07
6.049796119845138220e-06
9.556590871756438256e-06
9.606691288162134406e-06
2.019924918145611631e-05
8.418026559885921642e+02
4.532285710754759551e-06
5.184849686311431915e-06
6.485715208109003517e-06
6.797028870812704615e-06
1.564627113713466493e-05
5.614719354136718721e+02
2.366326797937159174e-06
3.574538361990402130e-06
4.224976085178652547e-06
5.584061408607130573e-06
5.654635519778879645e-06
2.888646870357292187e+02
8.299952229446007928e-07
9.271602040510150449e-07
3.514460027141547601e-06
4.516689415950696786e-06
4.787668404716678041e-06
2.797494688717457620e+02
2.130993114190000732e-06
2.762180142900854017e-06
5.215108484983309660e-06
1.288426896733423858e-04
1.292918627186196801e-04
3.173976315565682285e+02
1.215059188619177903e-06
6.201868356616681337e-06
1.107188259423441806e-05
1.254464454638412240e-05
1.806502197213257963e-05
6.758465285621360863e+02
1.733906469256193899e-06
7.007878928340403978e-06
1.625358381873932262e-05
1.771686006004451254e-05
3.429600544151992713e-05
9.615375416089220835e+02
2.930273243574108084e-06
8.473886289896889317e-06
9.033378844597919396e-06
2.308415780328911047e-05
2.448341837650895651e-05
9.807977055316781616e+02
2.053126469986995048e-06
6.884947548628053793e-06
8.441728402891455915e-06
1.026079741819566359e-05
1.059257558775325082e-05
9.459071348863083131e+02
4.301804134775670429e-06
5.192969517741072878e-06
6.027235517594268636e-06
6.785924837666118465e-06
7.676862515806703809e-06
9.086925123099726989e+02
3.966955662176384216e-06
4.444071801037014524e-06
5.049812264873063897e-06
7.534638340621941978e-06
9.835769628093251832e-06
7.743078145134885517e+02
5.024949840462745098e-05
1.834972571605564078e-04
3.192091449094058581e-04
3.273308482273365396e-04
5.452788106371015591e-04
9.744480655878485663e-04
2.526023386403590393e+03
4.906320878243849620e+03
1.507606747200336576e+04
8.268192006561336761e-05
1.203683371147166591e-04
1.481286520786154984e-04
1.869384287331224816e-04
2.010164940109753439e-04
2.171601925641984340e-04
2.393238510788336043e+03
4.041105925761586604e+03
1.008212614857771587e+04
2.425817035916369319e-05
5.386170172358396916e-05
5.639854800398851227e-05
9.901555260251561276e-05
1.229233539514208685e-04
1.306064600475624257e-04
1.470902435806328185e+03
2.942826115559534628e+03
3.430808266524501960e+03
8.505217830089490717e-06
1.252613736077238416e-05
1.310254623415683505e-05
1.339812901816191682e-05
1.564627113713466493e-05
4.803977411419001182e-05
7.122786461965513354e+02
1.069619856280150088e+03
3.613849346991354196e+03
1.376415934428523599e-05
4.037218588441179135e-05
4.515322804382449184e-05
7.493180384849547630e-05
7.714626818527948147e-05
1.309011313362810154e-04
1.338191052801991873e+03
1.896756484043824685e+03
2.317489649923454635e+03
2.579109117174030416e+03
3.278513556673254243e+03
3.509687279625460633e+03
2.343873082879237239e-05
2.709725859896413663e-05
6.911439626147159582e-05
7.068604315892040098e-05
1.116551798929863045e-04
1.208497956092076739e-04
6.286578645228065625e+02
1.100404109270756862e+03
1.310989907473745461e+03
2.371297276083912948e+03
2.881433401579894962e+03
3.439903548456955832e+03
1.801240813571201768e-05
3.045052378495752667e-05
3.052932567821580563e-05
3.272814534599282569e-05
6.096492810114152044e-05
1.191483685933142415e-04
7.100648211489423147e+02
1.023315689143996678e+03
1.211560318665625800e+03
2.290745812562925948e+03
2.826217650273767049e+03
3.470514666337022845e+03
1.156152391511166245e-05
3.954610632663596944e-05
5.085789539587897378e-05
5.135703131350624124e-05
9.562751580990169254e-05
1.533347435872595079e-04
9.405892937688225857e+02
1.096842593756476617e+03
1.543110267878754030e+03
2.115302722255072695e+03
2.540184145196296413e+03
3.413577926487223976e+03
1.883383423641410095e-05
2.128968407986301308e-05
2.130547915297497405e-05
3.888120329206122035e-05
1.615939934516489305e-04
5.601824905275490892e+03
1.391058531140287516e-05
1.448200286455986148e-05
1.740239142230564002e-05
2.034642797318731992e-05
3.558464375015180130e-05
1.685188242099500542e+02
5.465671293687133433e-06
5.834469267910517438e-06
1.374800062946317622e-05
2.126373266499635313e-05
3.222181722754864218e-05
9.392273598065127089e+02
5.283050883396963786e-06
7.681403197299632298e-06
1.052858862457422281e-05
1.189936269502208452e-05
1.498016406872076135e-05
7.591844100068816488e+02
3.602768524133402401e-06
3.886712645141577758e-06
3.939301757462961148e-06
4.432603021086336772e-06
1.106358438303519680e-05
5.493158628451536742e+02
1.136730820638413188e-05
1.829296473889235663e-05
2.271508245712621871e-05
3.324975418908783590e-05
4.425433768540510386e-05
1.845893824010541948e+03
6.414806665174086353e-06
1.053498776255187268e-05
1.205015690974583000e-05
2.548063043383217620e-05
2.706249994308759929e-05
1.277878659419613541e+03
3.680382034405851388e-06
6.285432999237604549e-06
1.009962459072805816e-05
1.096240034577615931e-05
1.449135078606373230e-05
3.215153262293678722e+02
1.928966313773409863e-06
6.301379295411523645e-06
8.606203075507824318e-06
1.988569962662329783e-05
2.068912331605574252e-05
2.562306130299929237e+02
1.719131509611854921e-06
5.836170726135466007e-06
6.965587948910022308e-06
1.009509651327030057e-05
1.277512688773861834e-05
5.542308810970575905e+02
1.347336975786363556e-06
2.507048339789643927e-06
3.199123311443237904e-06
4.409780700674435144e-06
6.313368620861751491e-06
1.602178864338328594e+02
1.029063409291825465e-06
2.080687570315333695e-06
3.106304811041380098e-06
6.948988043346569265e-06
9.268671543533248412e-06
2.327261542644832844e+02
1.025340309076443192e-06
5.384062555653903137e-06
5.757671865732557988e-06
1.380899588044158425e-05
1.542543880142833797e-05
2.831003475947221659e+02
1.596874551324272399e-06
2.702507249599068179e-06
4.037108709874354841e-06
4.481715309745343422e-06
5.060967356784870972e-06
2.977710353686434814e+02
1.906530155354275441e-06
8.738892230290472445e-06
1.271789052428297228e-05
5.007318392582902787e-05
1.022010151019089468e-04
3.594915824581878496e+03
1.412320142710935019e-05
1.428302607108443955e-05
1.653749138340205121e-05
2.079298423330474096e-05
2.812564228111349656e-05
5.209087837057351180e+02
2.017498072671411201e-06
6.214200647997689678e-06
6.727163838539167864e-06
2.331089745856018076e-05
2.702493345872157492e-05
3.550666554852294325e+02
1.169214201493518068e-05
1.653998152441014133e-05
1.706115159579135501e-05
1.942383358376401675e-05
2.144974497107089622e-05
5.515093122049046315e+02
4.510610951568246536e-06
5.065632440974001686e-06
6.581591453263591602e-06
1.101036671108613194e-05
1.782592236710633758e-05
6.571710722961271358e+02
2.111911435418995575e-06
3.638626454406115260e-06
5.787884241241015604e-06
1.003834179003199610e-05
1.120242944240815168e-05
5.968131826283726014e+02
2.344476044683582783e-06
2.735905223126591961e-06
1.806675770567714499e-05
3.635864884264773482e-05
4.092558653077201549e-05
6.655946341282514140e+02
2.891308968264734307e-06
6.979302519376909081e-06
9.581345156859480912e-06
1.865854413558737062e-05
3.621894600718384799e-05
1.012541690981016927e+03
3.791763210858759283e-06
5.790898041915163084e-06
1.056876032779260273e-05
1.581066947175860100e-05
2.681362143213159255e-05
1.000961467805758616e+03
2.038624360890727685e-06
2.156477825850665815e-06
2.876587613988197316e-06
9.568247038435544224e-06
1.220473711532576323e-05
7.873892632893822565e+02
1.113808216412431418e-04
1.204248559657934275e-04
1.445340616454171600e-04
2.220216055797182963e-04
2.619977277784955416e-04
6.092275745859460426e-04
3.827826038337405862e+03
7.866585742304669111e+03
1.612161454932021297e+04
5.669076422037678105e-05
8.902340160444072051e-05
1.033963854107131612e-04
1.251378246243441421e-04
1.400147899275212533e-04
1.874458850741349454e-04
2.364577668590922258e+03
4.086167883763880582e+03
9.727851336587500555e+03
1.454762073212199359e-05
4.671749477188479212e-05
4.900186336447895618e-05
1.019660884544408130e-04
1.064224011578104531e-04
1.356850523304460468e-04
1.440354701672500369e+03
2.931772368855727109e+03
3.393357952202486558e+03
2.983117164982973898e-05
4.037068769194996346e-05
7.157643439217895932e-05
8.636439027894256119e-05
9.025705353502549305e-05
1.949827962146279321e-04
1.295066590844072607e+03
1.415708511091355149e+03
3.879156053765973411e+03
1.633676820155457128e-05
2.340875919916403231e-05
2.516841228206462158e-05
3.707859401947863185e-05
4.628111456785948495e-05
6.417633526486991977e-05
8.929149964123407699e+02
9.289429632898915088e+02
3.625727356929182406e+03
2.976526366089225282e-05
3.183636573118708683e-05
3.268627933572829336e-05
5.796067794386880240e-05
8.553211848876671121e-05
1.270774479657444853e-04
9.313771723030370140e+02
1.281939732262203734e+03
1.597876001666750426e+03
2.411729893549453209e+03
2.867054481261007822e+03
3.475573172542498014e+03
1.924405761071018236e-05
2.792334006783835058e-05
4.407535551880929813e-05
4.991209191329649882e-05
6.655978360600854247e-05
1.148342608972167592e-04
9.972310426785286381e+02
9.987248109945809347e+02
1.113746018933323057e+03
2.202021620165933655e+03
2.854683700284485894e+03
3.458228986426383017e+03
2.436337185504337024e-05
3.899135947909066640e-05
5.355962882858267016e-05
5.623727566806707197e-05
6.120079823879619912e-05
1.136145501239354329e-04
9.920607370345933305e+02
1.006450068322198717e+03
1.101895585416525364e+03
2.191527613270970960e+03
2.858295210452427909e+03
3.455807603410084994e+03
5.295144976631145612e-05
7.806044549484672274e-05
1.309350689071334367e-04
2.523047101993826629e-04
3.634291335307684935e-04
1.200615547631844493e+04
3.848796380434259708e-06
1.148633489043788869e-05
1.387099693842469253e-05
5.209950546817881858e-05
7.226703082270857998e-05
3.805372972569886770e+03
1.232715924354337753e-05
3.304984208387833018e-05
3.371643005365607793e-05
4.566086427618605309e-05
6.512237439265514734e-05
4.829254643808719720e+02
4.651963208411243010e-06
1.276157212950061250e-05
4.999428898347452269e-05
6.146882229512781065e-05
1.251701690970773195e-04
4.548909253628711667e+03
1.686811602442002332e-05
2.523900666120665106e-05
3.345954552378406331e-05
3.460778311281767120e-05
1.022010151019089468e-04
3.436130348215328468e+03
9.732548669475037925e-06
9.994821759706735758e-06
1.141095699636101641e-05
2.069809297525802372e-05
2.243790031335630240e-05
5.550210522647598737e+02
7.784712527762783238e-06
1.002870828243851275e-05
1.730990084762178938e-05
2.176919018208381735e-05
2.408716246094331026e-05
5.920474974188389297e+02
4.010242525068686057e-06
7.672552723441409782e-06
9.033378831327423719e-06
1.288336898405187178e-05
1.413358538242142197e-05
5.708996979268450787e+02
2.400553499584779608e-06
4.927137932898670375e-06
5.806490238140892674e-06
1.313810176788498743e-05
1.811186762235033435e-05
5.614600041897833762e+02
2.266215707851844430e-06
3.095178800233068521e-06
3.470586645852831321e-06
4.555534498161803874e-06
3.613351541135428999e-05
1.402670670613823859e+03
7.015633045703636751e-06
1.072818515412607850e-05
1.398186235318997936e-05
1.559909690619102951e-05
1.707856734390995825e-05
3.507428021142117700e+02
4.620726637314567319e-06
4.886638041947122776e-06
6.413334325779781888e-06
8.204214579202376284e-06
1.316829935254443632e-05
5.584441405126559630e+02
2.817515684004264659e-06
3.082615108458684111e-06
4.919643857341823998e-06
6.148921621420075068e-06
9.581345142058389922e-06
5.302768439822265236e+02
9.489785658692190701e-06
3.621817838228725140e-05
6.152591539164565377e-05
8.744486470952068729e-05
1.076079245430151051e-04
3.388443453547820354e+03
5.969829881265232989e-07
1.431890431258497684e-05
2.022617528779764608e-05
3.452943257213905243e-05
4.103227881799040668e-05
2.309945486230723873e+03
3.352962873729421385e-06
6.876202545195965028e-06
8.675512523404758076e-06
1.014237744492809442e-05
1.142446978618567548e-05
2.282939602353184512e+02
1.967313205502479993e-06
3.419035981283911655e-06
4.516687986299181070e-06
7.342330926968356594e-06
7.361968594036772441e-06
2.687685079019398131e+02
2.850387722691798057e-06
4.958628759000578607e-06
1.291749208254586050e-05
1.766589115780983605e-05
7.226703082270857998e-05
2.546338169883440969e+03
4.715638020166612720e-06
1.152736777204243755e-05
1.985641593026493172e-05
2.111374093373813681e-05
2.667818187024046365e-05
3.325445556317632736e+02
2.688958378680694739e-06
7.149712943601987551e-06
1.509546062390093191e-05
1.817884424149364677e-05
1.933204670142245053e-05
4.041198829244261219e+02
2.714955454436886286e-06
3.678059785739651731e-06
6.494597672104267705e-06
6.925587810210049621e-06
1.202205433756085303e-05
5.805267422114167175e+02
9.160286744057135309e-06
1.291143138971812215e-05
4.729714542323326779e-05
5.790073662318476314e-05
1.084005462340628429e-04
3.210763274012856527e+03
8.349787153791857607e-06
1.430344097896195449e-05
3.110161371716385278e-05
6.616267876323020012e-05
8.079699672582446525e-05
2.436168745655549174e+03
5.321382722250065510e-06
1.042940358322279467e-05
1.115474538377267626e-05
1.099565327556859370e-04
1.245955939123320972e-04
3.554825434785217340e+02
8.550970536075748049e-07
3.248215076611976788e-06
4.843813339052010685e-06
8.746531451490819045e-06
1.353025937751411702e-05
7.943668225648091266e+02
2.625383330516945532e-04
2.796146894078660504e-04
4.378809042283951514e-04
4.927959947944706223e-04
7.254739988082043551e-04
1.005210617216394835e-03
2.784547235519854894e+03
3.557989336610267401e+03
1.523946598812309639e+04
1.440796981234938835e-04
2.094769225543002854e-04
2.754292890625651118e-04
3.317466023950185836e-04
3.885428996362460543e-04
6.081032326967717111e-04
2.661707842834444818e+03
3.728270059567103544e+03
9.662783220356053789e+03
1.319589629644784438e-05
2.633567710568153242e-05
3.484005899800899134e-05
3.913762049392714872e-05
3.966273466727376044e-05
4.415986037364594627e-05
2.860871393322144058e+02
1.199422825327585088e+03
3.579943722627810985e+03
4.833532371230036379e-05
5.152540148270753824e-05
6.098648417228231291e-05
9.214991100871890335e-05
1.021623738395646127e-04
1.590118185374617685e-04
1.145510518332324637e+03
1.203694058828843481e+03
3.795305006756191688e+03
2.011036100630735470e-04
3.036276001717933383e-04
3.287851678202523818e-04
3.560446460434036915e-04
4.014410198989497780e-04
5.568344748228423692e-04
2.461947635778380572e+03
3.227903795427031127e+03
3.372091435823681877e+03
5.300114784863280875e+03
7.818625065695359808e+03
1.189263524544507163e+04
2.890164208120554615e-05
3.077011019844741159e-05
3.799107571747115472e-05
7.324534127053638772e-05
1.044449697726128448e-04
1.202074228572485345e-04
1.299153433395118782e+03
1.865371274381109288e+03
2.297382714666634911e+03
2.555901830215258542e+03
3.282936842051421536e+03
3.512562750951382441e+03
1.683834331289179418e-05
2.920385556107487525e-05
3.024533996880096034e-05
4.282698341122762671e-05
9.658323330739535548e-05
1.206936038764011186e-04
1.002001463928217845e+03
1.017725378025393752e+03
1.083844948864656317e+03
2.227301526026617466e+03
2.842925948586008872e+03
3.433914164515898847e+03
2.179215941023095057e-05
2.399692657053634315e-05
4.702840338242675637e-05
6.880455848974141966e-05
1.022010151019089468e-04
4.626089729848563366e+03
1.472873803417927179e-06
2.679276331857671812e-06
1.386401286709477614e-05
1.428302601540055628e-05
1.518748392557390960e-05
7.447629963615549968e+02
2.913791817132369459e-06
4.100140163676841193e-06
5.464540423165728495e-06
5.517489430570324323e-06
1.268665501451936131e-05
5.852707191598498184e+02
3.708820434379906744e-06
3.959810814964041471e-06
5.531792230182991411e-06
1.214868024532104122e-05
1.254939238616175173e-05
5.474879519580638316e+02
1.082931816642746688e-05
2.494423014324129739e-05
3.002440293507266294e-05
4.491299764720973694e-05
5.913060407757632250e-05
2.980383577811236137e+03
2.749275647939544899e-05
4.509924542483574427e-05
6.759961742450190723e-05
7.095172440114488270e-05
7.321741249197936258e-05
2.390830482939695685e+03
7.707835103426917406e-06
1.073448979899237103e-05
1.361054009301245988e-05
2.038317318104894321e-05
2.220241297038140079e-05
9.596992022248709873e+02
2.252555605805581736e-06
6.935223974665232613e-06
6.938059122190496289e-06
3.376779756808932146e-05
3.957583631822813013e-05
6.479451765239230099e+02
3.515005643363694399e-06
3.880338465561360095e-06
8.208417105480046339e-06
1.482468797206703642e-05
1.850256857628537814e-05
1.444120327611379935e+02
3.983725353098356231e-06
4.882264099653519096e-06
8.976024306002804512e-06
1.144141307594062622e-05
1.628515526778437199e-05
5.006668252513131279e+02
4.548930104213492660e-06
5.957482654990144351e-06
1.009962456464989238e-05
1.232828781259084913e-05
1.534090830686470481e-05
5.440707019034304039e+02
5.612353135102999818e-06
1.707600652244107230e-05
5.304572801871836692e-05
7.675984265121510962e-05
7.696560168168867688e-05
2.958378598775715545e+03
6.910736703536721169e-06
7.375256736201760819e-06
1.020640963025891067e-05
1.077221259531255941e-05
1.689990435612547681e-05
5.480691695956272724e+02
1.380834839383754882e-06
4.790672572579802274e-06
6.466903754829305961e-06
8.617981683033527316e-06
8.924333720345953424e-06
2.919547190386463171e+02
5.140468351369988464e-06
9.338686527549616798e-06
9.836425918233853685e-06
2.255542746817571124e-05
2.308594794314210700e-05
1.641329689467699779e+02
1.096268292924093037e-05
1.358523335276769628e-05
1.508775159606644714e-05
1.809007100767475766e-05
2.415419667605595090e-05
6.671371454405694976e+02
1.913835144162140110e-06
6.797893092301697564e-06
8.718738331094051447e-06
1.195003693791930729e-05
2.037251641098497247e-05
6.580248959835060987e+02
3.937454446682311427e-06
4.122380067137075683e-06
1.438956072962411548e-05
1.450777441114491788e-05
1.891622742033216586e-05
6.449130993497095687e+02
1.017577228419966757e-05
1.641640614964310577e-05
6.759961742450190723e-05
1.299870376871953249e-04
1.348660657181210011e-04
1.999834166706632459e+03
3.291393856378863966e-06
6.016603138466012405e-06
1.511571152417299192e-05
2.993840621848133817e-05
3.992494817206362255e-05
5.814662471285536185e+02
1.514316590503447467e-06
3.323395256769721673e-06
1.059257561322892206e-05
1.954293875503755552e-05
3.769505159255178171e-05
9.973514436871653288e+02
2.101709624356485572e-06
5.674833940702331926e-06
7.490082048510848717e-06
8.025104341390234020e-06
2.485444058188458714e-05
8.928340811856345454e+02
1.603008062128139743e-06
2.361121248837149909e-06
5.760738078373849872e-06
1.286418841202557394e-05
2.047916036512566714e-05
8.513503279269770019e+02
1.001656238584817748e-04
2.468474114902401194e-04
2.571449387680108133e-04
3.167852054040716644e-04
3.935851092334189207e-04
5.087068567331009573e-04
2.677759460929791203e+03
7.294777458183235467e+03
1.485949470791519889e+04
9.707650792468870473e-06
2.369371700504399277e-05
2.403709661156029482e-05
2.747874988142556037e-05
4.360390956236740898e-05
5.653422799337801992e-05
1.119233129838675723e+03
1.444266589212505323e+03
3.634669560891299625e+03
2.431375616437283580e-05
3.864042756942327652e-05
4.449537788480126342e-05
6.831258477343127636e-05
7.764830093022358334e-05
1.224523567426164038e-04
9.098119112109443449e+02
1.190795772317519322e+03
3.704232757241153649e+03
2.205925358537065182e-05
2.206300471258631755e-05
2.617855534905171399e-05
2.989982900961497990e-05
3.307360484426947740e-05
3.369810713958871996e-05
3.944419400387629935e+02
1.252113112375187029e+03
3.624100571246648542e+03
9.260084351599399643e-06
1.641153135226879376e-05
2.515332677423709907e-05
3.370405539047821608e-05
3.618532309891962827e-05
3.677062185079031837e-05
2.818006601501668342e+02
1.023763455311462735e+03
3.636262158875148543e+03
3.597920515360742230e-05
9.201241156851562260e-05
1.191240683893830305e-04
1.368729047595269963e-04
1.828069854490773586e-04
2.076200793494224262e-04
3.499047020801739336e+02
1.697442289508107933e+03
2.351529741105089670e+03
3.328391094697576136e+03
3.704669699709965698e+03
4.596360292284336538e+03
2.062125479512648643e-05
2.674497426262820767e-05
2.754384139975509638e-05
4.960791911714394694e-05
1.047554685072533200e-04
1.162286690440023003e-04
1.307158591290481127e+03
1.897518449770198231e+03
2.307987939301019196e+03
2.563226269710007728e+03
3.286329424448178088e+03
3.515986469425301038e+03
4.320877321717637271e-05
4.679993157940500381e-05
6.116190862627296932e-05
7.926587545271194537e-05
1.013084884614585501e-04
1.104041464062340824e-04
1.055645923018361600e+03
1.217551726337545688e+03
1.520199228508664419e+03
2.179856114146987238e+03
2.589504775099848757e+03
3.446308528865811240e+03
2.995429187762390556e-05
4.000055399229802971e-05
4.448277233634973990e-05
6.554119631446441482e-05
1.024509376003376301e-04
1.142186272978108736e-04
9.732682157786687185e+02
1.040722780713751035e+03
1.107269064045964342e+03
2.250472180365898566e+03
2.845274555875506849e+03
3.438038115714675769e+03
5.337617189886494446e-06
1.196525565705205357e-05
1.260401531059402484e-05
2.428553516830810519e-05
1.445340616454171600e-04
5.490919127305547590e+03
2.115969537188983551e-05
2.187781435966479644e-05
2.523366302352068272e-05
4.274059482021216292e-05
4.896861766052971999e-05
5.236213570536516499e+02
2.985657509054229993e-06
1.231678510443381187e-05
1.493427348206510681e-05
2.019924913774498446e-05
2.501029407939509203e-05
6.701083305127383483e+02
3.445035137847275124e-06
7.300396332901961604e-06
8.265903319367631566e-06
1.051193952761323832e-05
1.689990429497393318e-05
7.551130842991346981e+02
3.403565283382298439e-06
4.478861659548495710e-06
5.150704118580374681e-06
6.673300585151977217e-06
1.009962457369338872e-05
5.372568737153586653e+02
1.792109055483426103e-05
2.431858676324548109e-05
2.590103242993541371e-05
4.624795146128038827e-05
8.850867537081020771e-05
3.196817655432678293e+03
1.135288688374740719e-06
5.796218842076580287e-06
1.017744728111250551e-05
1.123104023280746207e-05
2.654370432200341256e-05
1.418822538556835298e+03
4.280221463597451878e-06
9.746455420338808362e-06
1.109082805178026470e-05
1.195003697162039859e-05
1.594423027081709506e-05
4.228600406090757247e+02
1.283420898175102107e-06
3.325756941477150988e-06
6.935665462156898251e-06
1.195003694545208141e-05
1.214605221167299904e-05
5.604507644739253465e+02
1.119816339835450763e-06
2.545847218098098078e-06
5.247802779350308253e-06
6.582177742335599745e-06
9.581345124170051881e-06
5.286307102357937993e+02
2.375972533108399370e-05
2.385069807109639115e-05
3.698529526112026030e-05
4.610173954006000055e-05
6.363309118332589648e-05
2.964052537186531026e+03
2.263808077691454812e-06
2.607262599656960414e-06
7.924102044541198441e-06
9.701890362879280974e-06
2.555025377547723669e-05
1.065255311095865409e+03
2.430223839077310936e-07
1.596316083308783818e-06
2.143052891205163842e-06
6.608818402037973958e-06
8.835759209275175500e-06
7.737931928076827148e+01
4.460237914672911116e-06
6.480975201687122032e-06
9.308804389970112196e-06
3.205363157170496128e-05
5.110050755095447338e-05
2.469625783699864769e+03
2.971470235813293055e-06
8.058640484711296042e-06
1.196463577839467389e-05
7.969977675731722310e-05
8.702924789704476628e-05
3.089243361578695044e+02
3.245074047298034098e-06
6.866969867488510715e-06
1.568397933927370748e-05
1.924192396874630217e-05
1.959883650280924505e-05
5.952359849134859360e+02
2.923151852751539367e-06
4.111286646544582019e-06
5.547851259352078746e-06
7.208058286877660972e-06
1.144614923463513756e-05
6.111236461055182190e+02
5.806701514949279157e-06
7.596892416569808881e-06
2.610534484214593572e-05
3.542576094375199332e-05
1.142642085686755164e-04
3.547098826725637991e+03
4.179186141768607186e-06
7.841392913737607327e-06
1.277512686816553008e-05
1.758510306353462706e-05
3.006875055026126856e-05
1.006678409858088457e+03
4.068301670051719829e-06
7.285992519421727396e-06
9.019397061492170000e-06
1.527739647837130258e-05
2.116321826685840104e-05
8.833314544523080940e+02
4.094275521621625149e-06
6.185559724980560624e-06
6.775034139105086082e-06
8.737555333563647554e-06
1.124655030082440505e-05
7.724463128721515659e+02
9.088127642115140291e-05
1.059984618466906764e-04
1.314982830868223691e-04
3.114428036641666187e-04
3.188549832881674485e-04
4.217919634147398317e-04
4.109373216272242644e+03
5.132477159965349529e+03
1.489298773548580903e+04
1.913056843267540893e-05
5.210373618405050064e-05
5.327656248013498170e-05
8.076018562858499196e-05
1.685952833604530566e-04
2.010331072851405539e-04
2.259331332671540622e+03
4.007982858563743321e+03
8.599753737603217814e+03
6.160043500994716668e-06
2.364909098539271930e-05
2.683225038377084557e-05
3.598221310231598764e-05
4.051789863531534937e-05
5.626479924466847650e-05
5.915909311569884039e+02
1.060339090487316525e+03
3.612526513141935084e+03
4.811889563551204977e-06
1.848359619398112208e-05
2.019924918145611631e-05
2.021785271091986570e-05
2.912685511407202849e-05
4.800114159543037112e-05
7.864288888639879360e+02
9.844113266455691473e+02
3.624075182064864748e+03
1.455276987415394054e-04
2.118671766391670209e-04
2.553158172539453895e-04
2.628650901595302168e-04
3.863959793320577668e-04
5.377686021228682669e-04
1.286523354872456366e+03
2.716820640255694798e+03
3.349395017217688292e+03
4.070242555659886875e+03
7.648381717853010741e+03
1.243852296821224809e+04
2.701815371410303516e-05
4.437592513088947193e-05
6.845702634295140559e-05
1.022321025766804596e-04
1.150293863084322638e-04
1.689071804381050913e-04
4.085175092305012186e+02
1.579205990499269774e+03
2.757941226193818693e+03
3.189416039816104785e+03
3.422389687880237489e+03
4.543573643036494104e+03
1.483041899930063689e-05
5.644425848152237007e-05
1.014029842219008542e-04
1.343023182763824249e-04
1.557818492446009302e-04
1.946942605713414980e-04
1.014313189289999514e+03
1.639297238700377648e+03
1.727524906723313961e+03
2.207001122682729601e+03
2.913582190214504408e+03
3.152105342974536597e+03
3.867704078290551119e-05
4.372118121247917582e-05
4.976576346824192329e-05
7.141031695303857183e-05
1.086666531838242954e-04
1.322999006691981600e-04
7.451166048657653391e+02
1.180199871650669593e+03
1.908782432845863241e+03
2.537328347992568979e+03
2.748561309335474562e+03
3.430756893614060118e+03
3.025109854664008200e-05
3.751442625543862709e-05
6.670206789320368590e-05
8.586959401104677216e-05
1.021628352449712113e-04
1.645989078142687299e-04
1.311891968715087614e+03
1.586754360671632639e+03
2.041960549455808632e+03
2.526585892697698455e+03
2.770499457059937413e+03
3.423879858132254867e+03
4.956765668012863145e-06
1.635697809466384238e-05
4.566778159341166362e-05
5.858121038242516536e-05
7.067992882871448142e-05
1.144689324555828424e-04
7.498918183599146232e+02
1.105682469007698728e+03
1.323042303784386377e+03
2.370697015161199033e+03
2.857461737518152404e+03
3.450743276809799227e+03
1.497604266244361426e-05
4.158486499497508868e-05
5.082891753470235882e-05
5.148972243435403270e-05
5.752025875232893504e-05
1.311042594067821304e-04
1.006096802644382024e+03
1.007119664481353539e+03
1.069842381739145139e+03
2.226523739158116769e+03
2.842373240394339973e+03
3.433628918430515569e+03
