7.915770588617244890e-06
2.545748083773065193e-05
3.298095146833033816e-05
6.869879604224179330e-05
1.251701690970773195e-04
5.171434005740951761e+03
3.001677044361152978e-06
5.131827018960507520e-06
6.172949486748855851e-06
6.219200618318887930e-05
8.850867537081020771e-05
3.655325794224355832e+03
7.984310756712228072e-06
1.812372421428257757e-05
2.578974665301891287e-05
4.525480583721687840e-05
4.775025101229140537e-05
6.840040900343947214e+02
1.516793878048359285e-05
5.693950065526528354e-05
9.859345387920445322e-05
9.929857476359771557e-05
2.044020302038178935e-04
7.101892809759250667e+03
1.064005578843063761e-05
2.627377015620859337e-05
2.776089563489149252e-05
6.295614249102306160e-05
1.331020100259959710e-04
5.306127716882385357e+03
9.093850032622594081e-06
1.200353315655757207e-05
1.283996376053188558e-05
2.135645735414884962e-05
3.613351541135428999e-05
1.810123654900137581e+03
3.051035954866391749e-05
6.691895914617358905e-05
7.388233026544843436e-05
7.743186429380899155e-05
1.770173507416204154e-04
6.435447906843945020e+03
2.803897621808421910e-06
1.710916159981300399e-05
2.513862180901511105e-05
5.193557978468327940e-05
7.226703082270857998e-05
2.658216351306834895e+03
5.696700947536141539e-06
2.026969950138127904e-05
2.293866113757817222e-05
1.259348937607596196e-04
1.295743676544033169e-04
6.838716053537102653e+02
5.718424964439777146e-05
5.956803247097430370e-05
2.044020302038178935e-04
2.105758023289403555e-04
2.111943176987602548e-04
7.307113270616907357e+03
5.039511570313073572e-06
1.347018967624885705e-05
3.613351541135428999e-05
4.895341936782927157e-05
6.133138073968740368e-05
1.809170343714052933e+03
1.102549809276641574e-05
1.545108019373060129e-05
2.400918126937740416e-05
1.562411770303613417e-04
1.641528731432396321e-04
6.675696265277832708e+02
2.529316386431035852e-05
2.633529961631848477e-05
3.142724719974470564e-05
3.744235696587511089e-05
8.079699672582446525e-05
2.950905877560591762e+03
6.503369998271693520e-06
1.086946179882848334e-05
2.144535715457962201e-05
4.192277194709802322e-05
4.895939453146795075e-05
1.992381608443798996e+03
2.832457135342973834e-06
6.396961672078401157e-06
1.298491167817916376e-05
4.840765341427835162e-05
6.258508454853865973e-05
2.024643599062121666e+03
2.342073467890337237e-05
3.693123768424090342e-05
3.724120557546994800e-05
3.732213212206273372e-05
7.226703082270857998e-05
3.491999974395155732e+03
5.624994958832005800e-06
1.711005862687829221e-05
1.806675583832545004e-05
2.286662822475264939e-05
3.042143281994739911e-05
4.767287499661041466e+02
8.403831971307858302e-06
1.113112532537604229e-05
1.538016489703649078e-05
1.592155227461082472e-05
2.065938341672561831e-05
6.216830214053978807e+02
1.275325325676849202e-05
1.372918050181174818e-05
1.419075058537833186e-05
1.447516118731885777e-05
1.915217431348632956e-05
6.754038124367023102e+02
3.880283868173795349e-06
5.221441225949309249e-06
8.859086652658614583e-06
9.294543168176429773e-06
1.355001972762368471e-05
6.353364861777843089e+02
1.265425861355316907e-05
1.548545984409468201e-05
1.943906582561826625e-05
4.176782895765427116e-05
8.850867537081020771e-05
3.290480924815278740e+03
6.681910931839917320e-06
1.288447242317942918e-05
3.930675674615686702e-05
5.210266054551263915e-05
6.180673076639056672e-05
1.607432094978905525e+03
2.739239266965810995e-06
1.084834312575395378e-05
1.644156743807862508e-05
2.387587076444320046e-05
3.037472507722513302e-05
7.197468529157210924e+02
7.004232681889277939e-06
9.712139189457773354e-06
1.277512685316674499e-05
1.669591296438969414e-05
2.056262166521173070e-05
6.858467492697621992e+02
4.348620943477816809e-06
4.395034121010289606e-06
8.449952149325263561e-06
1.065466905076041450e-05
1.202686046582519056e-05
5.874258195928155146e+02
1.730886424740302082e-05
1.878505649057045834e-05
2.215468054230667651e-05
3.094088219509126227e-05
6.132616403951169899e-05
2.269621147935218687e+03
4.857113198411635422e-06
1.987808693995010717e-05
3.054817865116094195e-05
3.234899101622591239e-05
6.186330288663023310e-05
2.291115957491613244e+03
0.000000000000000000e+00
1.293860766377366681e-05
1.754280287627238191e-05
2.343496553850598298e-05
2.640460270626361684e-05
5.745018330709564225e+02
4.516689410801798646e-06
5.975394357317951779e-06
1.087407832848103673e-05
1.210019263420550879e-05
1.865759573867457565e-05
7.124308197972987955e+02
1.767327562162646877e-06
6.577858269417465563e-06
1.151534375362065693e-05
2.146988094598106391e-05
2.553393416879457014e-05
5.514600525783139346e+02
1.510346970882596482e-05
1.611813950190101513e-05
1.875766530620764095e-05
2.542331264945592968e-05
8.850867537081020771e-05
3.393752121678391177e+03
3.678588299080289231e-06
1.307555800554936252e-05
1.498016408222221581e-05
1.557203640497906047e-05
2.467438381172753551e-05
7.254752601355341994e+02
6.387563420130380733e-06
9.500412721675321163e-06
1.255156617398664964e-05
1.540539226476501795e-05
2.109781969601437767e-05
6.466070177159631385e+02
4.719946046871812756e-06
7.527945915647410329e-06
9.581128466272577929e-06
1.106358441791273216e-05
1.177689224704711895e-05
6.280308185151649241e+02
1.574564380376851409e-06
4.516689417524868555e-06
4.610685891407137741e-06
5.098085337817730701e-06
8.045297212218725422e-06
5.872295951062855011e+02
1.597972663740977213e-05
1.842671593393729299e-05
3.373308702124390657e-05
3.978744737243130653e-05
4.602303245851177251e-05
1.510091220050479933e+03
6.823170482375402911e-06
1.056053693868614401e-05
1.288490775871166317e-05
2.121013766650276536e-05
2.128092669967381832e-05
5.947295458238946821e+02
4.851888712958764009e-06
6.346085077203772489e-06
1.298074958187121769e-05
1.823332273441782025e-05
1.972975181668982966e-05
4.385368442914005982e+02
6.203677890114371944e-06
7.082774212586368113e-06
9.106901670099011716e-06
9.780267926890683197e-06
1.157501782792044668e-05
2.453691200991920596e+02
8.187009208184802339e-06
8.766467130058800002e-06
8.876811078526370866e-06
9.033378831718134606e-06
1.235577082603191809e-05
5.822990992563783266e+02
8.056772886164545249e-06
1.560925392487258617e-05
1.842517588039139779e-05
3.139976168855202279e-05
8.850867537081020771e-05
3.206509027332825553e+03
6.961450304556423891e-06
1.452082967474359055e-05
1.648857810602948011e-05
2.223198255669862913e-05
2.338705735319694773e-05
5.022941429469807986e+02
6.495051050265477880e-06
6.565436678038479144e-06
9.777037914247350397e-06
1.694077096151751731e-05
2.804729766451790300e-05
1.549144629620017497e+02
3.755657584937460675e-06
1.291230811057324988e-05
1.472916245304687354e-05
1.551694231660730760e-05
1.894891050321217884e-05
2.848440092525783029e+02
7.059842617705477281e-06
7.460011500500439285e-06
7.533610823977170395e-06
9.397316654279816767e-06
1.166260186845311132e-05
5.510808722947573415e+02
1.271059374455976096e-05
1.379766635384405337e-05
1.551969235970482094e-05
2.677008016552394120e-05
9.560029577296318875e-05
3.123805377284395490e+03
7.194681005552067634e-06
9.327505769313065197e-06
1.238212014692300547e-05
1.711348512733321310e-05
4.425433768540510386e-05
1.796892188121068784e+03
6.783556561058428143e-07
5.646314131670088781e-06
9.025490176721407974e-06
4.446980584098280710e-05
4.894352227989315042e-05
1.816009984108956985e+02
5.220272836724479935e-06
9.250954294176225664e-06
9.629939425447880618e-06
1.151534374890436393e-05
1.442724773919808053e-05
5.611371204372574084e+02
2.330099985768458980e-06
3.962416314003616888e-06
3.972554911352603200e-06
5.947692045570882078e-06
1.151534372658605204e-05
5.322904891516740236e+02
3.125065299161112401e-06
7.649995771609211119e-06
8.776966904477137262e-06
1.189776408874482402e-05
5.110050755095447338e-05
2.313758299317123146e+03
1.001271808300449979e-05
1.058770250945512602e-05
1.194377115361200986e-05
1.774269120157401488e-05
6.258508454853865973e-05
2.314670073479775056e+03
2.421565374551880716e-06
1.204996230291701447e-05
1.751519947103034148e-05
1.997491639989758456e-05
2.626386382267641305e-05
8.732104550518602082e+02
7.981779281440406397e-06
1.069257058814175980e-05
1.208299150430249142e-05
1.422444050330726352e-05
1.498015901561447522e-05
5.395677842103932562e+02
1.165684727551965090e-06
3.327125496001951599e-06
3.586837529240092957e-06
7.476827846948896003e-06
1.195003692380755204e-05
4.952025001212873008e+02
1.826101989148411702e-05
4.342393861735498986e-05
7.226703082270857998e-05
1.271820302626013607e-04
1.288985089517467528e-04
3.208674293971088446e+03
1.071047513124256809e-05
1.302215371380479029e-05
1.304928731219277482e-05
1.355006720175167144e-05
2.295377967876159158e-05
4.393079681184205469e+02
2.067135512637795631e-06
8.154689554673548790e-06
8.191942939815559201e-06
1.570595314599425641e-05
1.749305817772737565e-05
5.323709588312009373e+02
7.880516878374129163e-06
1.039772819063320157e-05
1.041089938770229040e-05
1.151534373329806139e-05
1.391526680272391253e-05
5.407712207866774179e+02
3.243350067767120014e-06
6.275814427618757612e-06
6.966845290504341746e-06
7.366348902022159053e-06
1.044675827855674897e-05
5.226647636456028749e+02
5.286775967419402115e-06
6.279030651542679454e-06
6.696982819347713841e-06
2.423929896615379748e-05
3.613351541135428999e-05
1.829687636602845259e+03
3.951943853693164287e-06
4.148982788770009099e-06
5.890556918487480780e-06
1.208511225895542564e-04
1.227950112764685073e-04
8.670997886299674917e+01
3.954130074043462539e-06
4.577382087678616887e-06
7.301411594604021322e-06
5.744924187529275577e-05
6.161396912659664830e-05
1.867596818188922327e+02
8.617487398959678481e-06
1.190160033703200891e-05
1.307929623916409388e-05
1.410335819018876436e-05
1.843032325438958289e-05
4.215385096971725716e+02
6.973687232652695733e-07
3.579164561637604108e-06
5.454312215291805785e-06
9.922490373979025234e-06
1.151534372807123961e-05
5.536545747489622045e+02
1.655330046491348053e-05
2.138922463544251523e-05
2.690487272274702423e-05
3.115864216627755321e-05
8.850867537081020771e-05
3.180804193514087274e+03
3.015729190662757957e-06
4.110088937834619509e-06
1.106358442135127596e-05
1.206053123059448835e-05
1.223445280603899362e-05
5.402468552476990453e+02
1.189639273085919065e-06
1.982484844385966388e-06
2.332766428682462608e-06
1.384350228329204385e-05
1.567910844202310565e-05
1.055511888816880486e+02
5.750593444903550147e-07
1.290036510966579388e-06
2.281746125388973232e-06
5.182385583416065586e-06
1.002220919151272465e-05
8.284037876076942553e+01
1.592923813306616306e-06
4.358031807712335550e-06
4.565004292839098180e-06
6.231455264533052976e-06
6.584149661116629482e-06
2.910478299976829817e+02
1.393261674790874533e-05
1.854430330764849846e-05
1.963616410569375540e-05
3.855905666881125998e-05
7.324657450251879605e-05
3.033677388464416708e+03
8.838931485517282125e-06
8.854020686908690304e-06
1.354575877826153089e-05
1.527474121290164672e-05
3.129254227426932986e-05
1.535458136899344254e+03
2.205371220053892351e-06
2.253517397859240392e-06
6.387563443869309172e-06
4.342191349640977838e-05
4.380080175029875422e-05
3.387265992146386679e+02
4.884314165135527820e-07
2.539766986997321271e-06
5.723100958754868751e-06
7.191606550094646760e-06
7.317873228138863148e-06
2.580725149706006505e+02
2.356585349176233805e-06
2.767063694667692312e-06
5.401183178429655579e-06
5.774549181703533644e-06
5.998231527180756121e-06
2.912493806579238935e+02
2.735319948957955970e-06
1.030907304065856615e-05
1.269405480428514273e-05
1.931489311932723811e-05
4.425433768540510386e-05
1.961554170453134475e+03
9.226786842492880667e-06
1.162489192533105828e-05
2.865775974214818434e-05
3.102992374054581038e-05
4.425433768540510386e-05
1.961554170454054656e+03
1.022466753182453170e-06
2.408434221482477629e-06
3.053523003128641623e-06
5.636829535125808174e-06
1.564627113713466493e-05
7.255656489805120373e+02
4.509010093342732004e-06
6.847654297994527019e-06
7.141513025225014584e-06
7.224060741266400966e-06
7.957871563537983599e-06
2.531846244400511239e+02
1.371097366127958584e-06
2.564885298894595148e-06
2.738756871550428135e-06
2.981528740751648805e-06
5.049812269999354728e-06
2.839930027094918614e+02
9.292249975248742519e-06
9.328124270853979303e-06
2.530802715268693780e-05
3.175416983956688395e-05
8.079699672582446525e-05
3.139177482628608686e+03
3.193781721934654586e-06
3.335241435205455799e-06
5.593325544294677469e-06
8.027259502804971034e-06
9.734066622946361907e-06
1.798374629905016207e+02
3.770917072964484084e-06
4.026426343757713805e-06
6.246244383541922545e-06
6.387563442485447919e-06
7.720954816551377640e-06
2.407433279598926390e+02
1.081980651359653350e-06
1.578560142821832295e-06
4.091623532695434538e-06
6.063612530983606195e-06
6.464941646494472650e-06
2.713780264168436247e+02
2.286629850579337839e-06
3.078788011594347230e-06
4.914644905151737561e-06
5.775411240395270377e-06
7.431611169971459855e-06
2.908344363008075106e+02
5.846654685128639014e-06
6.257096844548160521e-06
1.001099999081480982e-05
1.186849950421152939e-05
2.555025377547723669e-05
1.479282230413442448e+03
3.405608257232516729e-06
4.225230667264293101e-06
7.685724751213648449e-06
9.002611257440970929e-06
9.455399367580233727e-06
2.105995137287974899e+02
3.267476164735960658e-06
3.298351037632894754e-06
3.673722418606888393e-06
6.271095518468551547e-06
8.454435200560292494e-06
1.289975603433600213e+02
7.072592138050235530e-07
2.548235418682512846e-06
2.731761801404830576e-06
2.548505031912700586e-05
2.644767062997180188e-05
9.295658716633236907e+01
3.743467322776901659e-06
4.004750771457260157e-06
4.091204592813662849e-06
5.237767345061541689e-06
5.296287799797795673e-06
2.899506384543389004e+02
2.448690214003528131e-05
3.284942402218210891e-05
5.559703952248662532e-05
7.640184215564640958e-05
1.004566448097789374e-04
3.577018155134504923e+03
4.878763103098437378e-06
6.806157808717754964e-06
8.606877683922317408e-06
3.357234078398715996e-05
4.239931433382002545e-05
3.168113125304451501e+02
3.501447310735899617e-06
8.770650681514519019e-06
2.282609968804191755e-05
2.646445953441002198e-05
3.514037155821759622e-05
3.158521573617694571e+02
8.912162642425113760e-06
1.214903660569007919e-05
1.244569783400889945e-05
4.225049648941280495e-05
4.448658787935579198e-05
2.754462087327872268e+02
3.240192755949794554e-06
5.493039102342905549e-06
7.275235100575449709e-06
9.661910389558855478e-06
1.620116326420324612e-05
6.392542993200920591e+02
1.850809593323426671e-05
3.353534124636734854e-05
6.811809107893137128e-05
9.090397106662485003e-05
1.006887994454257342e-04
3.626913091504529802e+03
4.360644964953847472e-06
1.936106901268934828e-05
2.041551592961479271e-05
2.781192103463689966e-05
3.983475559752951665e-05
1.687092763943486489e+03
4.845431635948880083e-06
1.665781855860574097e-05
1.839470048992663352e-05
2.280430800634711237e-05
2.956078472734929873e-05
4.272753008211350902e+02
9.485086506690674059e-06
9.676401279494291469e-06
9.763527222960058965e-06
1.224783355488639312e-05
1.650698765373888091e-05
6.604962861495426978e+02
5.085348676296740424e-06
9.581034087596086653e-06
1.181379462040667390e-05
1.343906644306682257e-05
1.399612772462853986e-05
6.113081737262351680e+02
9.623528882677205180e-06
2.435776136789301848e-05
2.635808809709555423e-05
3.326558510329396141e-05
5.859320014018280760e-05
2.344476928424709968e+03
2.504797153589927573e-05
2.725538917235997976e-05
3.197816708235030626e-05
3.873074536875076708e-05
6.128518833331891781e-05
2.325193102358534361e+03
3.389403441424892682e-06
1.144022869458257430e-05
2.042583287041959235e-05
2.212716884270255193e-05
3.383629631173433753e-05
7.333317018851146258e+02
1.245631883555447231e-05
1.277512687869643660e-05
1.314030613232156421e-05
1.367376982754784840e-05
1.843082021001002298e-05
6.686359368142223047e+02
2.781682822903423879e-06
4.188493606158757372e-06
5.680102741787963130e-06
8.568551646052243023e-06
9.743051935157236176e-06
5.822247814682842773e+02
1.713554763702770687e-05
2.086623455525307512e-05
6.814656520785723672e-05
7.419650423856226015e-05
8.535990689604900121e-05
3.540664311517502028e+03
1.187593722970202380e-05
1.419229229553993369e-05
1.862656609022715488e-05
1.875109517369919022e-05
2.882442184398405772e-05
5.589085292019143481e+02
5.293531028719003617e-06
1.157444037294199297e-05
1.235899327765880341e-05
1.801892487035119530e-05
2.453247775573537542e-05
6.236277240162222597e+02
6.660990178793066779e-06
9.299753577827062388e-06
9.735407747930360914e-06
1.433570171996597396e-05
2.146236432799160241e-05
5.760311943156732468e+02
3.750486091519996038e-06
6.366315658985394276e-06
8.481524618307924605e-06
1.009064829477511864e-05
1.262200465627520648e-05
5.655432000417946483e+02
1.665013181321134842e-05
2.057525876390658168e-05
2.334194052189436007e-05
4.425433768540510386e-05
5.272635238655775552e-05
1.720784428105524057e+03
1.369891598157857061e-05
1.466385320771441522e-05
1.580301782236161594e-05
2.405201170868644225e-05
2.714670060189126375e-05
4.469657371509819654e+02
4.363355940908619296e-06
7.408533243608769228e-06
9.501871382952391333e-06
2.212716884270255193e-05
3.439271714004077716e-05
7.139260847705008928e+02
6.091648688848137321e-06
7.312237463389538705e-06
1.009962456097152475e-05
1.509559044870282984e-05
2.376346852464702322e-05
4.843806108232854513e+02
2.979592990214349319e-06
1.114326549401602340e-05
1.724151511562539650e-05
2.161185493395163942e-05
2.511722695110977450e-05
6.439813031194830728e+02
4.777211382016787952e-06
1.742068517327726208e-05
3.047932477744180488e-05
5.361247634886112055e-05
1.022010151019089468e-04
3.093417061406400535e+03
7.209662586990529855e-06
9.545997659138825140e-06
1.203124286593607904e-05
1.446046173040951223e-05
5.030303819354399263e-05
8.809389171659723843e+02
8.214079313689416712e-06
9.607574038457221801e-06
1.195003693720085564e-05
3.282783283003039922e-05
3.629612035320714964e-05
1.010311977714999898e+03
4.249636897283440361e-06
6.562739972373341226e-06
8.449952158412842883e-06
2.582356036079280819e-05
3.187554818277722269e-05
1.007338300537458395e+03
3.476711179651098236e-06
4.025623047694566494e-06
8.061568830686402295e-06
1.124137598497615950e-05
1.557248538772384219e-05
8.806663941056486919e+02
7.355216917808129321e-06
8.628562184834428993e-06
9.560029577296318875e-05
1.510817699009461769e-04
1.557264041509727720e-04
3.245782086654427530e+03
1.362210346644125256e-06
5.891651004503136295e-06
4.039849836291223263e-05
1.806791417795431255e-04
1.807394638129397612e-04
1.300285140768266274e+03
6.321577264995618057e-06
1.236946341788366847e-05
1.241609057326219398e-05
2.769795852499454763e-05
2.919128096602192473e-05
1.018396908276732688e+03
2.314774190226816815e-06
3.210500821898432517e-06
7.430840261376687734e-06
8.105960106577043630e-06
1.059257561757887839e-05
9.679738172122685000e+02
7.805462701417221714e-07
9.685043466129606987e-07
3.943444853646118619e-06
2.058759652645810373e-05
2.104246632604234206e-05
8.157556253375582855e+02
4.371796855399591537e-06
6.221238725377778827e-06
3.613351541135428999e-05
8.959440753256086242e-05
1.028874327976475123e-04
1.364995470127802719e+03
2.759952708091568726e-06
6.777693124949034740e-06
4.039849836291223263e-05
2.704784390355112825e-04
2.764182173497741466e-04
1.426681900605851752e+03
7.347865695335778424e-06
1.064207097202626256e-05
1.363969795342822314e-05
3.150526284488110488e-05
3.877933249934939952e-05
6.853984914386917353e+02
2.252906915595166272e-06
5.062403556126812476e-06
9.033378843726234402e-06
1.611176653588564399e-05
1.743848628740699415e-05
9.706242654316539529e+02
2.117484212431802532e-06
2.296061268681981406e-06
2.515701563363667838e-06
3.924066311375285277e-06
7.889596459112210470e-06
7.843493870044604819e+02
3.190217313072611035e-06
8.223225296111601421e-06
8.738827163880513241e-06
2.115163886634230657e-05
9.560029577296318875e-05
3.139113188426023044e+03
5.774903880112871867e-07
3.998673919710009572e-06
1.316829933659058092e-05
3.416827199097644913e-05
3.467004332051523712e-05
1.013182657071662106e+03
1.082091989007914503e-06
8.446716141071260834e-06
9.581345126296705972e-06
2.004660821662688803e-05
2.617710809384758699e-05
9.672429855913469510e+02
1.050090486354995867e-06
3.896182724470898305e-06
6.963077170905213380e-06
1.215097652027390987e-05
1.427353118949099722e-05
9.235999020759719542e+02
1.178210215818653425e-06
2.394372459319775312e-06
5.531792185022511644e-06
1.317796870095192298e-05
2.248017473452023024e-05
8.216426573678969589e+02
1.801903812852403685e-06
8.183091930591466804e-06
2.814250029387883016e-05
3.190538304572387661e-05
4.425433768540510386e-05
1.367580491923247791e+03
4.718260781724380174e-06
9.371151670042370677e-06
1.195003696998005830e-05
2.235566387161939202e-05
3.349429863058978139e-05
9.851221608791086055e+02
7.413773506339693556e-06
9.902029015680647011e-06
1.008765541961941419e-05
2.550941346251601416e-05
5.016171959010568563e-05
9.616763788163142408e+02
3.320751030172626649e-06
3.436354084730893005e-06
9.568709892058560745e-06
2.796359945199970983e-05
2.884289744614157040e-05
9.759193485185251120e+02
5.570383453493808423e-06
5.702142170660189637e-06
8.732164352380714502e-06
1.805267579761930406e-05
2.899017601218839758e-05
8.816710909635437474e+02
5.110050755095447338e-05
5.479626672322470565e-05
1.813554403963232918e-04
1.862826212848498635e-04
2.290278927406351613e-04
3.811687622720082440e-04
4.308013366666956244e+03
4.610115801055377233e+03
1.227933276207568633e+04
2.108761602717882573e-05
2.318872403329293432e-05
3.454369991056101789e-05
5.102750563393782744e-05
8.878416056731126013e-05
1.196511734879667193e-04
1.269678011784536466e+03
2.479797058678805115e+03
3.668290226134104614e+03
8.061685900139649823e-06
1.223244320812965365e-05
1.397605180102135441e-05
2.556962446456799209e-05
3.991585343128135330e-05
5.472994253166603418e-05
1.443464725442792314e+03
1.564048479789390740e+03
3.621984481195971966e+03
1.364914816692835989e-05
2.376268868249533275e-05
3.100201803704334089e-05
4.520312322171940239e-05
6.626916578493865931e-05
6.750543859250608886e-05
1.341744290583289057e+03
1.565668637813327450e+03
3.739260396899984244e+03
0.000000000000000000e+00
1.198173205597466158e-04
1.392901989559623037e-04
1.612022648775406834e-04
2.634794583761982203e-04
4.177149049454961620e-04
4.129852210749736514e+03
5.107684733874896665e+03
1.263880882233416196e+04
1.927078915366021829e-05
2.662339140650441858e-05
4.128954215003849659e-05
6.271082561010204092e-05
1.021954829636507545e-04
2.592538475978961457e-04
1.083313541270018959e+03
3.632897176396314080e+03
5.411266365042660254e+03
3.514546028320523699e-06
1.878349539298771923e-05
2.521830850688648834e-05
3.377884133742628243e-05
3.402458788553719199e-05
5.271416318944850335e-05
1.586282144877263818e+03
2.009562807303951331e+03
3.642057971831758550e+03
1.133813222287434311e-05
1.449630372812304550e-05
1.797321193513856603e-05
2.579893241873656046e-05
3.568450778307773755e-05
5.637507748802478725e-05
5.486493809821763534e+02
1.354815814690470688e+03
3.588641919582362334e+03
3.997727281282041677e-05
8.552286792075783144e-05
1.917884747257336863e-04
2.858069907680653486e-04
2.877791972029780112e-04
2.920875724587242064e-04
7.692702732196538591e+02
6.569953353943683396e+03
9.835099645521044295e+03
3.160292977526508697e-05
1.501216631757776884e-04
1.893131727740423416e-04
1.944035193093430884e-04
2.094706292876418374e-04
2.656067924503347812e-04
1.200748082056699104e+03
5.884848060325688493e+03
1.040132310600824349e+04
1.188773222348590830e-05
3.155215881278440772e-05
4.980389936457494391e-05
7.618800348798566698e-05
7.900229757635307179e-05
1.292809237434371929e-04
1.699843432521144678e+03
3.479741804758778017e+03
3.706363265063337167e+03
2.088108768335236165e-05
2.421145859618590036e-05
2.555025377547723669e-05
2.767007454840906609e-05
4.708456432511106706e-05
6.197241907958397846e-05
9.579658863490195699e+02
1.086329613329892027e+03
3.618306533280513122e+03
5.277482789369549306e-05
1.105388511830614575e-04
1.281177842934508695e-04
1.311556211409707303e-04
3.911295962521228048e-04
4.416128517472159157e-04
2.163044710593542845e+02
4.695506684104780106e+03
1.232520068156182424e+04
1.658101850328982845e-05
3.910262147524551916e-05
4.097510290805689948e-05
4.308431501207829462e-05
7.645691326082772145e-05
8.997502374857936137e-05
1.370142384191402243e+03
1.552457733047534930e+03
3.660101518999039399e+03
1.752368055376771647e-05
3.870436767417125419e-05
3.983235571813370128e-05
4.767680800960929659e-05
5.122101137820889790e-05
6.127827924434069574e-05
1.409429817266482587e+03
1.795867579768091446e+03
3.629270960283403838e+03
1.189725651596684525e-05
1.313987737612128184e-05
2.893816928786648024e-05
3.063053767843526624e-05
4.456987035181476150e-05
4.681709059140136707e-05
1.033665297124341805e+03
1.082422531753882367e+03
3.606541448351322742e+03
2.884005517614233991e-05
3.754158711218517463e-05
4.272275607587681495e-05
7.283824423196838570e-05
8.119614955373904866e-05
1.038784859345876096e-04
1.911385742550010718e+03
3.698825894235800661e+03
3.995240213879863859e+03
1.180704115160617117e-05
2.263099112583023684e-05
2.604053085132012780e-05
3.467261430591503824e-05
3.965574277306056593e-05
6.077215781637926165e-05
1.490167679789888780e+03
1.759977089389851017e+03
3.608754913099614896e+03
1.217733539514369070e-05
1.397707470790806953e-05
4.099891381961902440e-05
4.482388035598711904e-05
4.945069639004759957e-05
7.640646752146671729e-05
1.215114189387290708e+03
1.324845262165934400e+03
3.787177313914537535e+03
1.214806726312555669e-05
1.300739313984587078e-05
1.778158962525610220e-05
1.809612468242404736e-05
2.757425940235808774e-05
3.379980871225095362e-05
1.098983347760657580e+03
1.179803259460800973e+03
3.635470353953932317e+03
3.210679684979500449e-05
9.503143343350266324e-05
1.116647431703902922e-04
1.923005820473093150e-04
2.195851361917772356e-04
2.446145154176867067e-04
1.406430114996548582e+03
2.986616688139667986e+03
3.300026365896144853e+03
3.337754008476075796e+03
3.552283849892648959e+03
9.625203539981286667e+03
6.115317037662384418e-06
3.354859943692432405e-05
4.292554888134358774e-05
4.548012715969482715e-05
4.727990222592883365e-05
5.246616948406969801e-05
1.136050788126305633e+03
1.593481252107538921e+03
1.679059100405412210e+03
2.628819323131844158e+03
3.433013131399287431e+03
3.472865915502311964e+03
5.725858654527835188e-06
1.144820050159697352e-05
3.457834968725938024e-05
3.877633071793759644e-05
4.697388155791001668e-05
5.664800209737104773e-05
1.176185955128455134e+03
1.436580224712633026e+03
1.527641403390583264e+03
1.641355603288066959e+03
3.400596099319485802e+03
3.416464505692526927e+03
1.854731419032129599e-05
2.101173144258210672e-05
2.709623225571042483e-05
2.785914908679550643e-05
3.028183710740665072e-05
3.032476947327483114e-05
9.856226546240117159e+02
1.200038813708422595e+03
1.336235216069926992e+03
1.497359415643796183e+03
3.383449387437110545e+03
3.404273376392358841e+03
2.104807408447806341e-05
8.387417870282404015e-05
1.538340587999509020e-04
1.975221043051096853e-04
2.107259881775301320e-04
2.420568922840151901e-04
8.903074447690391935e+02
2.945306739097532500e+03
3.179931855552990783e+03
3.536344333428043228e+03
3.712616185066838625e+03
9.442231082179087025e+03
8.910247504969808039e-06
1.097240041300875058e-05
2.279939711603287409e-05
3.293933162249331836e-05
7.226703082270857998e-05
8.943907994274782425e-05
6.915347373601534855e+02
1.448828664628870683e+03
1.734711226904216801e+03
3.450753357536340445e+03
3.485510649975607066e+03
7.342918207581028582e+03
1.215136874394999916e-05
1.861236461732976831e-05
2.055400240676165933e-05
2.059419875598833831e-05
2.389834899279560387e-05
2.993437046936322338e-05
1.149120578476809897e+03
1.586093586114377104e+03
1.596302597798518718e+03
1.862162379652194204e+03
3.401678276568787169e+03
3.468475857868634193e+03
7.454743357914306431e-06
1.823128801381825826e-05
2.251948781792014151e-05
2.420081300883253025e-05
2.643640281782843232e-05
4.210277750073843783e-05
6.162689269660172613e+02
1.136543673826255144e+03
1.407517422144895818e+03
1.492874485148657413e+03
3.400230676771840990e+03
3.439750096553263575e+03
7.433190282472129076e-05
7.571195823401154191e-05
1.887321469731981737e-04
2.168140346631457953e-04
2.758924702122846572e-04
3.547455089836099311e-04
1.661529645163959685e+03
2.853403924976308645e+03
3.099855004981689490e+03
5.514602419069616190e+03
6.188503657362675767e+03
7.013869083951046377e+03
9.134554768678431207e-05
9.184156159891734416e-05
9.802823567318552005e-05
1.336899781243228700e-04
1.760213388394767683e-04
1.839762314549106591e-04
1.737141183558027706e+03
2.019828757597488220e+03
2.914482616168758341e+03
4.723635599517656374e+03
5.282283595105826862e+03
9.857875319577768096e+03
1.957419187644499924e-05
4.032355500886071497e-05
4.108864469270698521e-05
4.969273436395222818e-05
6.818203755926418956e-05
9.768169074768287693e-05
9.784813354678911992e+02
1.513469199394921816e+03
1.953900696718722429e+03
3.066109502159619296e+03
3.360550599627760221e+03
3.481299003040270691e+03
1.375180402128922138e-05
1.895266987154434012e-05
2.756654297342933069e-05
3.357135792059980263e-05
3.831922741097181184e-05
4.008585232659797165e-05
9.370721006864915807e+02
9.571009142120686874e+02
1.014498531235466885e+03
1.438203276167459080e+03
3.394525729891547599e+03
3.442558625615048186e+03
8.854278603038119859e-05
1.255992429585399796e-04
1.314056295583758828e-04
2.015563299187285190e-04
2.663715366774610993e-04
2.759161324415247804e-04
1.443690713048739553e+03
2.762358363675007695e+03
3.214456235779584858e+03
3.525967885912878501e+03
3.689199326350652427e+03
9.227684554827959801e+03
1.012503862098724947e-05
1.530824887519501555e-05
1.920184611955685620e-05
2.501246401195295931e-05
3.079187970704069663e-05
3.313299821868400909e-05
6.035722414924467785e+02
1.174209016792958209e+03
1.394273460257683382e+03
1.523323565376940905e+03
3.414762308829208450e+03
3.462598356358143974e+03
1.054079804056303088e-05
1.681625046838877260e-05
2.377339929244667570e-05
3.612590617383929810e-05
4.975460276618275639e-05
6.418173541583345606e-05
1.016541113674980011e+03
1.138755595812016054e+03
1.265249175863160644e+03
1.506035563912420685e+03
3.408914080302599814e+03
3.437187766032284344e+03
1.130513834786918271e-05
1.562278680477668320e-05
2.366690010175359906e-05
3.923848680823737004e-05
4.365098149269445473e-05
4.448544469638859129e-05
9.806136210466640932e+02
1.001148053328213223e+03
1.061688748244369890e+03
1.422709471549395175e+03
3.390378411703060920e+03
3.458730744292504824e+03
2.788884595465243322e-05
3.210811462814674869e-05
4.259066524949819255e-05
4.433566594246531083e-05
8.990025560049143196e-05
1.053604215548695515e-04
9.790576711828003909e+02
1.390883056923028562e+03
1.709340371489681502e+03
2.998295826941181531e+03
3.232426393669742083e+03
3.410193077724457908e+03
2.087910934954377785e-05
2.093225283198184755e-05
2.336813327508017129e-05
3.581233172396772088e-05
3.802852675129315339e-05
4.127366319972801390e-05
1.199105715299171152e+03
1.413111611210575347e+03
1.520155823299531903e+03
1.547902070351292650e+03
3.396305274238546644e+03
3.439798561385679477e+03
3.292757514583422199e-06
7.750316222378067987e-06
8.234510981607969353e-06
1.528449911241656244e-05
3.101848952772179850e-05
4.652535578815653787e-05
8.458666105849555379e+02
1.199018421726005272e+03
1.423735475486962059e+03
1.488558538949617969e+03
3.386049469198510906e+03
3.433161547630789300e+03
1.170048242435953565e-05
3.732260785550885348e-05
4.215151060451376559e-05
5.488062608248513445e-05
5.770565843721232950e-05
6.733325530751387304e-05
2.896176962262158554e+02
9.548025514430519252e+02
1.376964514389002716e+03
1.998630620164233051e+03
3.375106653280877708e+03
3.527937864157949662e+03
