2.920124084138869946e-05
3.269873688508434826e-05
4.125186799924877970e-05
4.192461591986165601e-05
1.195278416788830394e-04
4.981553555756785499e+03
3.768491554514465436e-06
5.395065959155281568e-06
7.029998449522650897e-06
4.027178223559463197e-05
8.850867537081020771e-05
3.775753821257204436e+03
1.758897858663318307e-05
4.293974537240625620e-05
4.450990873642875456e-05
1.028368702055340990e-04
1.029485774133750525e-04
6.656198865566904033e+02
2.837779565095628634e-05
5.171067665796542250e-05
7.273950912620410938e-05
8.447810881068172400e-05
2.044020302038178935e-04
7.492915415362452222e+03
5.317673033175133208e-06
1.759913531083840608e-05
3.336381572890305072e-05
3.597580565397939583e-05
1.445340616454171600e-04
5.093757780176433698e+03
5.185637489994546166e-06
1.054866258157350145e-05
3.613351541135428999e-05
1.038108338628908296e-04
1.049687120281598640e-04
1.824482105143971694e+03
2.268161331169257853e-05
3.924357955959497361e-05
4.344034698736500607e-05
7.592464579889051973e-05
1.064620111265469476e-04
6.985788487843656185e+03
2.555963638218820827e-05
3.013694853025435542e-05
3.529852071373922360e-05
5.222635137711152751e-05
8.079699672582446525e-05
2.914902944198151090e+03
3.423848642111733169e-06
1.689531881258240619e-05
2.368546879467990884e-05
3.309907493740925377e-05
6.824932396202790220e-05
6.391191218947832340e+02
5.582533169941802909e-05
6.571123154222730780e-05
7.107694362951523341e-05
8.594727062434249750e-05
1.323688506667653852e-04
7.335811657785150601e+03
9.318890110708648685e-06
2.243798807772863382e-05
3.613351541135428999e-05
3.515765348038247975e-04
3.529133140172764833e-04
1.745693339854371516e+03
9.619510139485413841e-06
1.243561025184166278e-05
1.947120149375330307e-05
9.557182658872153888e-05
1.022198977923569963e-04
6.810255371321027269e+02
9.436728310101150339e-07
6.849955527380418367e-06
1.642897296350174762e-05
1.983816068877460547e-05
8.850867537081020771e-05
2.957760712847305058e+03
7.353371415457189361e-06
8.708963317818657119e-06
3.613351541135428999e-05
4.924796104501001631e-05
6.259591263647391358e-05
2.002701673255745391e+03
7.459345088550861065e-06
1.203809325412403980e-05
1.307243349448525177e-05
2.612001875288286334e-05
3.456076840652450006e-05
2.340804259530360923e+03
4.941322330622120210e-06
8.691209783202653820e-06
2.000311451275455229e-05
2.514479521557241588e-05
7.226703082270857998e-05
3.520362476018141933e+03
3.554021749110337684e-06
1.120917320099151173e-05
1.908170316662254680e-05
2.198962673653777182e-05
2.549787223328529322e-05
5.205639594790545743e+02
3.010341931759932932e-06
8.762490504610205742e-06
9.013240790173619203e-06
1.035871770202510740e-05
2.060100024814652298e-05
7.691701981013831073e+02
5.713615694060764651e-06
5.963515916627972739e-06
9.229176377424541219e-06
1.075383912355922047e-05
1.106358437994041285e-05
7.635297981663272822e+02
2.244602944020814787e-10
3.406150240703413866e-06
6.453033937426748389e-06
7.701447280957414104e-06
8.945464545696674198e-06
6.400474113434732999e+02
2.931353176732579295e-06
6.555882696481542576e-06
2.877146712675317166e-05
3.304788010984150239e-05
6.334920354444172432e-05
3.564369681667261375e+03
7.051790233872721142e-07
1.720979822791669165e-06
1.395119321493287941e-05
1.616729362580108506e-05
5.110050755095447338e-05
1.739945250401843850e+03
4.614968345191324960e-06
4.993663679301693020e-06
7.601200082076714335e-06
7.823135518750019715e-06
1.477568398109782221e-05
7.266491962888779881e+02
5.918885030120137542e-06
6.859720766291919626e-06
6.914861758690439470e-06
1.254924989691811490e-05
1.806675764040941427e-05
7.244053822781310146e+02
2.571588304118269095e-06
2.818998260152955587e-06
7.249907495629662706e-06
1.009962458734411071e-05
1.024366342373225898e-05
5.226169000035878298e+02
3.636378693381697747e-06
6.579174952499711561e-06
8.745385938148159374e-06
8.866150786467831449e-06
5.110050755095447338e-05
2.304786497644434348e+03
4.929361979580174385e-06
5.315537948045256320e-06
1.267588507765399416e-05
1.865737970582352000e-05
5.713210428433775821e-05
2.359172717289887260e+03
3.483847336244231127e-06
4.804998319246833120e-06
1.581451730550181826e-05
2.281623690123514323e-05
3.335226571324801000e-05
3.811261666975853473e+02
6.347876703784022709e-06
8.878220290074481818e-06
9.733819645714593299e-06
1.498016410279735083e-05
1.843022146530507712e-05
7.078567812413233469e+02
3.139761294223745428e-06
5.430970921128865943e-06
1.316829931876462008e-05
2.245163006056335282e-05
2.550344407618715178e-05
5.468240028815836240e+02
4.420344990567747329e-06
1.695922196305776799e-05
2.048198766806921646e-05
3.386913987571938908e-05
1.022010151019089468e-04
3.652582912320817741e+03
5.789092839999094149e-06
7.230188905710808580e-06
1.420173174689258689e-05
1.490517140143188511e-05
1.628515528628893158e-05
7.505125475924851344e+02
7.676656657910922442e-06
7.688080453994806587e-06
1.259724815031284551e-05
1.277512683339204085e-05
1.699300894358082205e-05
7.494323016528761627e+02
4.022455993208863877e-06
7.232178064943334688e-06
7.823135563039739448e-06
9.883163522814062305e-06
1.159426113298964464e-05
7.021078553827601354e+02
1.488117943310304131e-06
6.887226117096711337e-06
7.465855211119460667e-06
1.136028105424971080e-05
1.308369264854114160e-05
5.827003764877300682e+02
8.484026950084600099e-06
1.484484306151839515e-05
2.843972459784084534e-05
1.586855602677927067e-04
1.587063692866516813e-04
1.741445834610543898e+03
1.183064525602260955e-05
1.222322539279730102e-05
1.250514787193179261e-05
1.254936072094678325e-05
1.689990434610962730e-05
6.516959365011501859e+02
6.871758354439255534e-06
7.530643419533161085e-06
1.446932758847463853e-05
1.458338489178980691e-05
1.848210213947124156e-05
5.813997095804678565e+02
2.719604596254553646e-06
6.159409869514359874e-06
1.207985006817157233e-05
1.236946339962212601e-05
1.611453521387330048e-05
5.699405102246357728e+02
5.539940663770997246e-06
6.175107766646712170e-06
8.153512053420255761e-06
8.241034010612656262e-06
1.225920798957883643e-05
6.386095467366847060e+02
6.785901924673804863e-06
9.802598386632272652e-06
1.885739192667772272e-05
2.967300085221970810e-05
9.560029577296318875e-05
3.321988192016171979e+03
4.071456680509781152e-06
4.464937611212037308e-06
9.305246460896662139e-06
6.917178537289983076e-05
7.239820964117462570e-05
5.496211058313043623e+02
6.693249775726647081e-06
1.111723634479905167e-05
1.408587563127369785e-05
1.651644219264516013e-05
1.842143965733695024e-05
3.740934575507785098e+02
3.816608692173923599e-06
6.967467954762815217e-06
1.106016161959121058e-05
1.506708566737092241e-05
1.628515526560168328e-05
5.006406595073373182e+02
1.429345740890180094e-06
2.638305790403295937e-06
4.996690841840652325e-06
5.719577373913241516e-06
1.236946341720378731e-05
5.499923899528271249e+02
7.667891872185467230e-06
1.524349946380854811e-05
2.737922261543069755e-05
3.558149704015644616e-05
8.850867537081020771e-05
3.159915743188588749e+03
2.346880931213315822e-06
3.063143320891042203e-06
3.446107751195187076e-06
1.330449910213744356e-05
3.613351541135428999e-05
1.657691171082206210e+03
1.331234065241257289e-06
3.622580062867358499e-06
8.776170603842476883e-06
8.978096903012760499e-06
2.328018787517797735e-05
1.083601467921181296e+02
1.020744655749945096e-06
4.920244394211464127e-06
5.393205360668726848e-06
1.059257559797075007e-05
1.394523666838991080e-05
5.662723812074329999e+02
1.588744408043415812e-06
4.331582209905716560e-06
7.139823471736600957e-06
7.205567226044382413e-06
1.195003689701830719e-05
5.306350783456234694e+02
6.999145937620499619e-06
8.644076517224369083e-06
1.080233370701621590e-05
1.674711972808020017e-05
4.618579799435712280e-05
2.299361348816232294e+03
6.751495453581971763e-06
7.341764321197316553e-06
9.938094101999410225e-06
1.854822193807796461e-05
6.258508454853865973e-05
2.302112694164937238e+03
2.986371053486155653e-06
3.429749483867872916e-06
6.440197399547887346e-06
1.480426599911421210e-05
2.555025377547723669e-05
8.765368322485498993e+02
4.442720781592678841e-06
4.562802189089784607e-06
5.599547528425166451e-06
5.941745975633939596e-06
1.059257560806275292e-05
5.514377066804330525e+02
8.939818967238070284e-07
2.326089863339722706e-06
3.691835285164294692e-06
3.707609887844694982e-06
4.545803014161246151e-06
4.899051423060233788e+02
1.265149247236666841e-05
1.726358345136889087e-05
1.840390786926355150e-05
3.587968944788872652e-05
5.244481785014200157e-05
3.233093875961822505e+03
3.173869160560866414e-06
9.108042109215040539e-06
1.366263238326773410e-05
1.366569817071804699e-05
1.500625289957486277e-05
5.300791548349899358e+02
4.984807765784332404e-06
8.757378014072197145e-06
9.213473919764625863e-06
1.182170602638324544e-05
1.596890859552186595e-05
5.187003401551494335e+02
8.576457896819746325e-07
2.421067504885488943e-06
4.154934892813424970e-06
6.387563474734218223e-06
6.980900815495798494e-06
5.288183844393480513e+02
1.895548760778914086e-06
2.684108306442423640e-06
4.999337075933772147e-06
5.731823647001722684e-06
1.106358441623775670e-05
5.390363355089233437e+02
3.627499594983824963e-06
5.806031618717528495e-06
6.852634359237253143e-06
1.221489461728463949e-05
3.129254227426932986e-05
1.675589089069504098e+03
6.530531634220404502e-06
1.517714536704744047e-05
1.621023989327713394e-05
1.927140211516708740e-05
2.102268042736557747e-05
3.007376324632889464e+02
4.513029469611367939e-06
6.999799032477447242e-06
9.184067807277114116e-06
9.619224848343383433e-06
1.564627107645509484e-05
4.364458529639217090e+02
1.636024257896326551e-06
6.651326793918017964e-06
1.317418498389492616e-05
3.028661103795394287e-05
3.035777503196116625e-05
5.165462609556057032e+02
3.981425656880883357e-06
3.983505904013134395e-06
4.109149340087064836e-06
6.249503392124339004e-06
1.059257559482405485e-05
5.488285207781030977e+02
8.173166482278998373e-06
8.541543891266705640e-06
1.650152907046472896e-05
2.608474842846292830e-05
8.850867537081020771e-05
2.937748980005620524e+03
1.173375957577266282e-06
3.707360017311735634e-06
1.077715306264351984e-05
4.344853151422103807e-05
4.358844188894782015e-05
5.473323777786315532e+02
1.005544237003434090e-06
1.062995020388627574e-06
2.744148681576694334e-06
4.236677492495757913e-06
4.508743616198229804e-06
2.127560651136343779e+02
8.406178355547589885e-07
8.935105894885053719e-07
2.606369362685065610e-06
2.606133908377160661e-05
2.628115565988029109e-05
9.088957408099206248e+01
2.395972029568907226e-06
2.950131352483262943e-06
5.168445376964643257e-06
5.531792193362581849e-06
5.642886324671284357e-06
2.912790886834403636e+02
1.250309833469916374e-05
2.034939718241511865e-05
2.359963137423007432e-05
2.680790958755759645e-05
6.258508454853865973e-05
2.849802313712853902e+03
7.570563857141732817e-06
9.245391062583395219e-06
1.130148255704997861e-05
1.311831428478883414e-05
4.039849836291223263e-05
1.371939469313920199e+03
9.843618909624050633e-07
1.175166337317740436e-06
9.033378852838572497e-06
2.808673613868654939e-05
2.951918575684579099e-05
3.792332805008653622e+02
1.185415104325896023e-10
1.342952233693063049e-06
2.630722662848614261e-06
2.787247934252424498e-06
5.051691838015128529e-06
2.458570867165066716e+02
1.814018120760198514e-06
1.925936409932689891e-06
2.906651392878428559e-06
4.983325194398258711e-06
5.777407111338794556e-06
2.914231250392380730e+02
3.872062537920590668e-06
7.462730896901326049e-06
7.834141376052457855e-06
1.574910386901253362e-05
3.462274920563319632e-05
1.950579295890704543e+03
4.773117199799507952e-06
1.064126205916469263e-05
1.147174868471652189e-05
1.910186288490053796e-05
5.110050755095447338e-05
1.950579295890814137e+03
2.620260410592330872e-06
2.838383299297878497e-06
1.551764197222902891e-05
1.583828633428916119e-05
1.806675770567714499e-05
7.462334638336915305e+02
8.176973888596113578e-07
2.892975589782882426e-06
4.233315623435071918e-06
4.667442400763221633e-06
5.975018485432840189e-06
2.334561068068757663e+02
1.387531793667504609e-06
2.149643970358612335e-06
3.158195185238598912e-06
3.724678382350667648e-06
3.762077340779894060e-06
2.792191885217773120e+02
1.734629113083159329e-05
2.652356643096715665e-05
3.047951627229882464e-05
3.824774987207955949e-05
8.850867537081020771e-05
2.961310944231950543e+03
1.182335052463397520e-06
3.193781721934654586e-06
3.195054135158480583e-06
3.067750829777427082e-05
3.221102476269330011e-05
1.478946454256318077e+02
1.963232741849178245e-06
2.523664376890935961e-06
3.375214430994739329e-06
4.617112816891947002e-06
6.387563425497685472e-06
2.350008770837892484e+02
2.980651841578285176e-07
1.319345842400173592e-06
3.595337268512826564e-06
5.819049958804977613e-06
7.140184025067552378e-06
2.710082562219115516e+02
1.531757220185626767e-06
2.252795246003311226e-06
2.470639628313548172e-06
2.531483479084145657e-06
6.690815687948767751e-06
2.909585587077633022e+02
6.551976216625038557e-06
6.630879426431496395e-06
8.664320580376088456e-06
2.099207260327877461e-05
2.155324263341649343e-05
1.451356237268787709e+03
2.584391402590481199e-06
3.508753158980028439e-06
5.531792210675637982e-06
4.050726631496653625e-05
4.071015454311034578e-05
2.578657445760747464e+02
1.034931147414590700e-06
1.619643425015336166e-06
2.143716078852786414e-06
8.636089142665014031e-05
8.684437037146595624e-05
1.148063589063091428e+02
2.748546461953937298e-06
4.604720131484936958e-06
5.460581622314008989e-06
5.628502836457787532e-06
6.325807868648198546e-06
1.775086801531943763e+02
1.812888203589799969e-06
2.165622440384393871e-06
2.903027419980813361e-06
3.009118381286295222e-06
4.516689425274560184e-06
2.909129716381139019e+02
9.847670434696427811e-06
1.518297172512459174e-05
1.022010151019089468e-04
1.192549769338210511e-04
1.215022084351382795e-04
3.468321955103582695e+03
4.508036610378638449e-06
5.996343594111350144e-06
6.899493417166356335e-06
1.118841741881544346e-04
1.135535780237920676e-04
2.448748341403111510e+02
3.926475819147012804e-06
1.384922997876524134e-05
1.574108327420834728e-05
2.243614224390416895e-05
2.972989665856469156e-05
5.771397662699623652e+02
9.442380507040957561e-06
1.146610476892455736e-05
1.585197775204061162e-05
1.749306285100779131e-05
2.488984112688213274e-05
6.219035388142128795e+02
9.344291736778820042e-07
8.253648957438214701e-06
8.514145556778332662e-06
1.039492911007491173e-05
1.125367526702699462e-05
6.454901596561726365e+02
1.510448867959262415e-05
3.098451083834339405e-05
1.113222911151315152e-04
1.142642085686755164e-04
1.145469931814438089e-04
3.515516121940411267e+03
1.891095129286032014e-06
3.323989030919860076e-06
6.186468729313682919e-06
2.295404893067999740e-05
5.110050755095447338e-05
1.813416260695937808e+03
7.890382616172535870e-06
8.333526071820227047e-06
9.384910103751332243e-06
1.567860656386709439e-05
1.694950877069423449e-05
4.884498675352483019e+02
1.663164637795258651e-06
4.442444645746328435e-06
1.093900783425541351e-05
1.167249274665656001e-05
1.923657573489587121e-05
6.738089096664551789e+02
1.653353805691176083e-06
1.796653297703447078e-06
5.268258461992148335e-06
1.173174719344933175e-05
1.397508658059526538e-05
6.169384732198584516e+02
6.051163589917939272e-07
6.062110877063109371e-06
7.085735289855578858e-06
9.614433623746779299e-06
4.710154115243539165e-05
2.331190829095773552e+03
5.739856251480398654e-06
6.776822075182471854e-06
8.624705604483052921e-06
1.948276657272196040e-05
6.759961742450190723e-05
2.350302290050065494e+03
5.074016925975406215e-06
6.912872726485032112e-06
1.170711939432796433e-05
3.000451711131943379e-04
3.011335515291331598e-04
7.369591101137580154e+02
5.105892447594134239e-06
9.403356838564633818e-06
1.051121538869012578e-05
1.141430101161899272e-05
1.698411817137877842e-05
6.739352922162170216e+02
5.195715220984085014e-07
1.650829611297184565e-06
3.030113220076992013e-06
7.255584074080602039e-06
9.033378833740263137e-06
5.932179156571512522e+02
1.180720935708851681e-05
2.158528949008131815e-05
2.577667578011938576e-05
3.435924307067114930e-05
1.142642085686755164e-04
3.632105273428203873e+03
9.284255335043403306e-06
1.403023489493482505e-05
1.579819937797986843e-05
2.125876156770608634e-05
2.244571197428866429e-05
6.655186422631938967e+02
5.490611973699643834e-06
7.226880274034966810e-06
1.428302604490257153e-05
1.541354945596310212e-05
1.877280999503317660e-05
6.667028256043867032e+02
1.927899302465567855e-06
1.047136352972487594e-05
1.084370840303117095e-05
1.536226967262839803e-05
1.756342450182657805e-05
6.216564363319847644e+02
4.265081584751525054e-06
4.733967786245259813e-06
5.400279096220866564e-06
1.098794732964412401e-05
1.332624805450862764e-05
6.164184284809168730e+02
4.948978368700612137e-06
6.555392302236941563e-06
1.259097078428925087e-05
1.666451913944659509e-05
5.110050755095447338e-05
1.858744165283673283e+03
4.282669113718990119e-06
8.952576586604997554e-06
1.983533477940124175e-05
2.166128145730570901e-05
2.415225767058311099e-05
5.810538000560740102e+02
1.086365382815346762e-05
1.701685599524736857e-05
1.727305404355364795e-05
1.916269022371954277e-05
2.764215343766030685e-05
5.983340658353525896e+02
8.862555934367108413e-06
9.183842158292778520e-06
1.560783097719221964e-05
1.830364508865416317e-05
2.559342455768934217e-05
6.388635465031304648e+02
3.522752214332650220e-06
5.712100621578582311e-06
6.233500241356730507e-06
9.082397660527893003e-06
1.242720135436661432e-05
6.414914048129684261e+02
6.054279829605916749e-06
6.579122121584580131e-06
3.105484942212180364e-05
3.139227000924650867e-05
8.079699672582446525e-05
2.998928911874438654e+03
4.115730537730230027e-06
8.104440297059964667e-06
1.216155842969437011e-05
2.131153680744125102e-05
4.066020617843813298e-05
8.802306479744055423e+02
4.478875313238571204e-06
7.742311106578642747e-06
1.131045437279915826e-05
1.446046173774310315e-05
1.608014940214172201e-05
9.401665163133446868e+02
3.793532482973088456e-06
5.759178665455385095e-06
1.296329441999114652e-05
2.114966182483812103e-05
2.369835255738081048e-05
9.418204770256990059e+02
3.076385686068422318e-06
4.196908241011877239e-06
5.777015203638193699e-06
9.297843081403302080e-06
2.182500092049030607e-05
8.757114859999769578e+02
4.343441471833825987e-06
1.110114067473432193e-05
5.180974803122330576e-05
5.714813123654755798e-05
8.850867537081020771e-05
2.990748852420038020e+03
7.011285144108069974e-06
9.181403659810013926e-06
2.319140420927091832e-05
3.129254227426932986e-05
4.259090391062369570e-05
1.115576301614952854e+03
5.013914092044416134e-06
6.326888270699385313e-06
1.149248192535389465e-05
1.553805637714485109e-05
2.205085984433988435e-05
9.649088745222152284e+02
1.876720526745136249e-06
8.829028734581638812e-06
8.910079358188355050e-06
1.079907866055761848e-05
1.355006823398810326e-05
9.664924817108130810e+02
1.642381350972062680e-06
4.028299409485576791e-06
8.126917478173849429e-06
1.314028614798722033e-05
1.601659152384458921e-05
8.203443040083678852e+02
3.511609545943544914e-06
6.808464016619761332e-06
4.039849836291223263e-05
7.572280621289974843e-05
7.633278506572498047e-05
1.431012840898229570e+03
5.737415829988203737e-07
1.126638040153528182e-06
5.110050755095447338e-05
8.797808084538507765e-05
1.007585512811830025e-04
1.451348483086162560e+03
6.238747642870571893e-06
6.399843553139439440e-06
1.531683902117694394e-05
3.657023770982064238e-05
3.956674941377146378e-05
7.024922762888162424e+02
5.401984649908371915e-07
2.138435489823730672e-06
1.028992112311400811e-05
1.106358439594609819e-05
1.303737875099109980e-05
9.683566492167535671e+02
1.193192611977820394e-06
2.512463732015365414e-06
3.249303921504606850e-06
3.911567774201935352e-06
4.515525744150395367e-06
7.744146847020122095e+02
1.266880583185956630e-06
3.843305881589820973e-06
8.850867537081020771e-05
8.865400570567720463e-05
9.488184260558930752e-05
2.874863039219619168e+03
6.732282405644013045e-06
6.753163382232972529e-06
8.087813116250897538e-06
1.192853660920049814e-05
2.122885480247264808e-05
1.011826643704998105e+03
1.810263926548181366e-06
4.516689421173613747e-06
5.212219755132799123e-06
3.238817589012427220e-05
3.887186209923867725e-05
9.682204084670466955e+02
5.054976863440066142e-06
6.799264689344988453e-06
7.349011183031245223e-06
8.219704656190082875e-06
2.829387378588011249e-05
9.241704634903213673e+02
3.066155265960156531e-06
4.476224633748758822e-06
6.775034134401554477e-06
7.621446908253070473e-06
8.725130400603986014e-06
8.143643491677294151e+02
1.936087145127388502e-06
8.576901685572994142e-06
3.129254227426932986e-05
7.713918216897419514e-05
8.020763821408176159e-05
1.060431329947281256e+03
2.851494723470831475e-06
4.907210116121247747e-06
6.773461081297781410e-06
1.373697454183035383e-05
2.762423296459979872e-05
9.203367385144218815e+02
2.441274204804806077e-06
2.781898073959609231e-06
5.770656069703816894e-06
1.296328089838363053e-05
1.684917165716470002e-05
9.180292475450900156e+02
1.320945158272206576e-06
2.951037621103813403e-06
5.949841649902025687e-06
1.096554692570872279e-05
3.164948813022929933e-05
9.172641135525595928e+02
5.312823018309476450e-07
3.845901182103861639e-06
7.490082045402310646e-06
8.296697469265803745e-06
9.456717568871286688e-06
8.774856299319989148e+02
2.939162752621562923e-05
1.733757412188509719e-04
1.974081032211914594e-04
2.543795305008468631e-04
3.853076649059649110e-04
5.369792237531577491e-04
2.041461678783503203e+03
2.936194871298745966e+03
1.313521407799861117e+04
1.287270166397287855e-05
1.728034764504930780e-05
3.243214924878771673e-05
3.833101062437563610e-05
4.007034392411942272e-05
1.241258014805024306e-04
1.274851128236132354e+03
2.396351264908661051e+03
3.677938131680488368e+03
1.504397862082278857e-05
2.559200930978647404e-05
4.497367496725428664e-05
4.910825350019990812e-05
5.325424011915207579e-05
5.441484528371135052e-05
1.496300286308772002e+03
1.630523754824447451e+03
3.610327589500504018e+03
2.551146502624885871e-05
2.713922655858617064e-05
4.829377176530841905e-05
5.216455836277646304e-05
5.558966054651745975e-05
1.115048946135497660e-04
1.329647316267268934e+03
1.951858275654942418e+03
3.660245926481285551e+03
5.003082653316468528e-05
8.487161415955727067e-05
1.506513968582675667e-04
1.876178775951697962e-04
3.217797304662258742e-04
4.865736742559879208e-04
2.122347376476511272e+03
3.063970646530767226e+03
1.182872862314000849e+04
1.832498455347342627e-05
7.803318582178466628e-05
9.281583700903251659e-05
1.532165664138472941e-04
1.990924833875264556e-04
2.880777056757598243e-04
2.332194686498260126e+03
4.285932949835472755e+03
7.789254389620145048e+03
7.330480368506725911e-06
2.495983133469559514e-05
3.142853096267517860e-05
4.194650395998268048e-05
4.241125733963709195e-05
6.009912671910697720e-05
1.663254311733124723e+03
1.811481571783272329e+03
3.630738431312026478e+03
1.900892647522972701e-05
2.715411680696303915e-05
3.717224252968135843e-05
3.917802488322020285e-05
5.328669240401729139e-05
6.233043265074423201e-05
9.891685123098779968e+02
1.381166987386815208e+03
3.709117700473626428e+03
1.253075741823453176e-04
1.366655082135487525e-04
2.085687866758027191e-04
2.657497647384975906e-04
4.992069139348912854e-04
6.411976900465107430e-04
3.875647661945594336e+03
8.562100087182292555e+03
1.011074018001770492e+04
8.201891781980953351e-05
9.657509078891908299e-05
1.151458688489772036e-04
2.971904052564569381e-04
3.179507944902147231e-04
3.246404285181910465e-04
2.875533726991146978e+03
8.060412101179498677e+03
9.948541208700084098e+03
2.022233880143574589e-05
3.599840406614409309e-05
7.209619181353229753e-05
8.378407105452235582e-05
9.801990228097030042e-05
1.062217701689417492e-04
1.601633674393435285e+03
3.201213748959748045e+03
3.631179280689567804e+03
7.704088275212036478e-06
1.096200001746922723e-05
1.910831053526368926e-05
2.683462904907796127e-05
2.982804693607256840e-05
5.331301875665391367e-05
8.992522060618944124e+02
9.227120213631390016e+02
3.626009277393819502e+03
7.697652961788472084e-05
9.503261115008613950e-05
1.260044719592985825e-04
2.094618328406321582e-04
2.549381132000975883e-04
4.949850477751344124e-04
2.148967485285496878e+03
2.970379263802963123e+03
1.217561856348109541e+04
1.946431736768494995e-05
2.028777158068629298e-05
2.401619022101994733e-05
2.562868716556351818e-05
5.650439413167009686e-05
9.299338059826248268e-05
1.271797197881920283e+03
1.466664770535917114e+03
3.772598855995409394e+03
5.615542752923023250e-05
1.029830393967170354e-04
1.173691303329744008e-04
1.417818143251132850e-04
2.679625097732695025e-04
3.299862395114437673e-04
1.903759143292972453e+02
3.598834286904856526e+03
4.419167573685314892e+03
1.709850781849991890e-05
2.051674003975964084e-05
2.926291505470914487e-05
3.522521729173495484e-05
3.792011356940586949e-05
4.205832038415265522e-05
8.425299881033349720e+02
1.003846160503217334e+03
3.615157983571555178e+03
2.301549975087159464e-05
4.047523920661144951e-05
4.800888107319104133e-05
6.293477096342129545e-05
1.131663423863244318e-04
1.141477064864944045e-04
1.672438327419061352e+03
3.365664356587239126e+03
3.796161186112211453e+03
9.464630040068005418e-06
3.490799245458611982e-05
4.093742742507062250e-05
4.670153760174366564e-05
7.090563615361800988e-05
1.096760454662307541e-04
2.274808550889040362e+02
1.694607571980770444e+03
3.627700773994057727e+03
2.646710197712658495e-05
4.104487803147442005e-05
6.209806471412048347e-05
1.231112208471844740e-04
1.315421885977867021e-04
1.698399009242602953e-04
1.407138695742097809e+02
2.197349181070323993e+03
3.668491580660130694e+03
2.985188975765006096e-05
3.259041079127205639e-05
3.351318677829220318e-05
3.756647812394003607e-05
5.211015997203909529e-05
6.076971159172932805e-05
2.368534722555256451e+02
1.282700206959000070e+03
3.663624726763678609e+03
1.508208173773921119e-04
2.051781192754084855e-04
2.104378996738910548e-04
2.475368930527280915e-04
3.428678497074909011e-04
4.606847233553101623e-04
1.706913633385855746e+03
2.568618314512948018e+03
3.304680072218801342e+03
4.216624657831326658e+03
4.270438065136399018e+03
1.012285666080265946e+04
8.236265866315578091e-06
1.949300773288505632e-05
3.302326868351639305e-05
7.568277889130855846e-05
1.007943730195412241e-04
1.366602878323709030e-04
1.240060429253440589e+03
1.917699953642622859e+03
2.387380975646747174e+03
2.598327930404996096e+03
3.282504582971062518e+03
3.513282470491168169e+03
1.217950381558080202e-05
2.260903898505829126e-05
2.533888746186166536e-05
3.559053654641048086e-05
5.792504547207843948e-05
1.079448357750216274e-04
1.094892925887551428e+03
1.425751462276009988e+03
1.464792814691380954e+03
2.387597051688193460e+03
2.855924799282599452e+03
3.475369373419433941e+03
1.079773612262840901e-05
1.239205209914804727e-05
4.249539503643257374e-05
4.676105568538399255e-05
7.032946908497132981e-05
1.222854596435782705e-04
9.870807338828682305e+02
1.070654418452755181e+03
1.288278453107796850e+03
2.344400984323220655e+03
2.848817893100789661e+03
3.459249976771641286e+03
1.264561808973369559e-04
1.679956638971307858e-04
1.684078850909259543e-04
4.647949385132162884e-04
4.737280764666278177e-04
6.930404176992650605e-04
1.426121997754738459e+03
1.766777098999487407e+03
3.729203680428901407e+03
4.024840837412158180e+03
8.517937622776931676e+03
9.659114110264845294e+03
4.339769734636040308e-05
7.498881889535031402e-05
9.569172890762921732e-05
1.146665825603916260e-04
1.304692928434222823e-04
1.653894108150565860e-04
1.665666386665332993e+03
1.689538063753464712e+03
2.316382348005181484e+03
3.338671238327751780e+03
3.767008693580135969e+03
6.697981352436887391e+03
1.247896569529172751e-05
2.413958764380370154e-05
3.577968337875079506e-05
4.688756828940221049e-05
7.382137706839152192e-05
1.176156969882453896e-04
1.214493841382648043e+03
1.523657467034318870e+03
1.870857757549907774e+03
2.507358395185413883e+03
2.826679661746869442e+03
3.493312340330218831e+03
3.970115694377602075e-05
4.625134935979063715e-05
5.235337008422043562e-05
5.316747253760701963e-05
1.032797833959532221e-04
1.330629645060036909e-04
1.055480162507793011e+03
1.301238208870290237e+03
1.525067252863235353e+03
2.244572991577304947e+03
2.598121335623423874e+03
3.460199177367726406e+03
9.694178192163824259e-05
2.216852081966775656e-04
3.206254856531899188e-04
3.267982046134095464e-04
3.871118323454412016e-04
3.931776839439406874e-04
2.471059301286084974e+03
2.943791687687570629e+03
3.520646854146964870e+03
5.671846875342025669e+03
6.875594315136634577e+03
1.080119564567130328e+04
4.463090851691854779e-05
1.613433462385864298e-04
1.638489949452715368e-04
2.890604715539874816e-04
4.236022338694405516e-04
4.651380773832124995e-04
1.566025241594555382e+03
2.275105539291720561e+03
2.794857708338703560e+03
3.262051470445190716e+03
5.650779154818677853e+03
7.588554238980067566e+03
1.186553557534518724e-05
3.269036280257204283e-05
4.100003121274971795e-05
8.364728255353607710e-05
1.160208759839871472e-04
1.399759411079753502e-04
1.179675938916015639e+03
1.771210387549905818e+03
2.400430978258958930e+03
2.551470684177634666e+03
2.972410491468115652e+03
3.225639729612285009e+03
3.122728711308764266e-05
3.864794068547104417e-05
4.356296190838292306e-05
5.969507485701461996e-05
6.613360224759268257e-05
1.201651243097533672e-04
1.008900804459240476e+03
1.016089727194696025e+03
1.078760253202828380e+03
2.209513092108971250e+03
2.841138722782419336e+03
3.431556065573175147e+03
8.722872300299927941e-05
1.344142688377496871e-04
1.964669661379273501e-04
3.344364040805754995e-04
4.828411705432545070e-04
7.703522055706444639e-04
1.842692415862008147e+03
2.727562855169494469e+03
3.813294681011412649e+03
4.000480346631408793e+03
8.595231317747200592e+03
9.963030592281953432e+03
2.815088387869095810e-05
4.002661990046937522e-05
4.402931583753077896e-05
7.054940457412357010e-05
8.053476151463738475e-05
1.344818079011508068e-04
9.952449073301647786e+02
1.243276333136870790e+03
1.517490364340314500e+03
2.220918915268948240e+03
2.631463655105495491e+03
3.454456255659515591e+03
3.595685871184301234e-05
4.042953053048082266e-05
4.455107214576842521e-05
1.016809854860314998e-04
1.147112977649323602e-04
1.362680181938219547e-04
1.067405266272836570e+03
1.144152595174479075e+03
1.598849186600325766e+03
2.464896325637711925e+03
2.837530603593519572e+03
3.456347968733618927e+03
1.392189170720994744e-05
4.567414165943778468e-05
4.594014057094534338e-05
5.440063225527686831e-05
7.277322326955678970e-05
1.352665229845561765e-04
1.014805326176097878e+03
1.019772093442618143e+03
1.065023683566289492e+03
2.225300763128005201e+03
2.841056580724757623e+03
3.433812578065767411e+03
3.481978221518412494e-05
3.516230369022037771e-05
5.121249294063370930e-05
6.906992018796590351e-05
1.112917875262017374e-04
1.271308093570914491e-04
5.302338555184577444e+02
1.005776430697050614e+03
2.194984170010139678e+03
2.675634139721886186e+03
2.917410348300481473e+03
3.673646224280164461e+03
2.321242826010606240e-05
3.594381642169915776e-05
4.836509485258856086e-05
5.667728886021060553e-05
9.161425215159915497e-05
1.270713515923406131e-04
1.059158402421011033e+03
1.414382521669053858e+03
1.489692905073584370e+03
2.409144303741550175e+03
2.877202338151547792e+03
3.478710990444918480e+03
1.162179451021816947e-05
1.978232409162978566e-05
2.393312886474189172e-05
3.333233198269910155e-05
4.720344327432024652e-05
1.074598946378291123e-04
1.040392769864027059e+03
1.268492297349425371e+03
1.322837585233350865e+03
2.332924489404947053e+03
2.797209115347253373e+03
3.465699346887198317e+03
4.392034055527213994e-05
5.284220012394208959e-05
8.188904271836004657e-05
9.685234961680187229e-05
9.980085894003074129e-05
1.207472642043948269e-04
9.520753097173713968e+02
1.321292333350787658e+03
1.592547344938798915e+03
1.811485199844612680e+03
2.466791021689936315e+03
3.396130747396904553e+03
