1.493420019806050625e+14
1.131933281536456875e+14
1.995462789727812500e+13
2.246301244791187188e+14
1.527057715906514688e+14
5.469615684405838281e+13
2.094269617035880625e+14
8.738588207996559375e+13
1.916015651282234766e+13
2.199203100080003438e+14
5.233416379068149219e+13
2.041647175219901562e+13
8.867071238474850000e+13
6.003899838028087500e+13
7.017497369202219531e+13
1.055369505972200625e+14
1.560598937948650781e+13
2.305895492016843359e+13
2.288986110004307422e+13
1.918798213929896484e+13
1.068562427235486562e+14
5.216182116939492188e+13
2.178421744896784375e+13
2.171695046354383984e+13
1.566753303402836133e+13
6.909519677905295312e+13
7.072564185086868750e+13
1.142578375789716992e+13
2.122084019471692578e+13
1.639323887174658984e+13
1.095007884626805156e+14
2.249961741538867969e+13
2.246723270194287109e+13
2.104849261232393359e+13
1.746877579443485938e+13
5.220681574285285156e+13
1.953719445923031250e+13
1.742978375032865234e+13
1.708624803827194531e+13
1.914487681183539844e+13
9.958988882665339062e+13
1.647709591071810352e+13
1.121494976753857812e+13
1.500870792614771680e+13
1.648822267242708008e+13
9.473111929281229688e+13
4.969592536547367969e+13
3.248530219363240723e+12
1.697628079162452344e+13
1.590790997951954297e+13
6.893255655563909375e+13
6.901503961110200000e+13
2.627769928918698047e+13
1.653155194210053711e+13
1.468686671583340039e+13
9.692492540389468750e+13
1.589124462014605859e+13
1.555011901883378125e+13
1.585344697073374805e+13
1.615977109290021680e+13
5.023248709376707031e+13
9.015815828334470703e+12
1.308421160391196484e+13
1.548554281864154102e+13
1.645333109128430859e+13
8.807078110277439062e+13
1.640848043211487500e+13
6.378214482500195312e+12
2.724780240673494141e+12
8.732256449862203125e+12
8.543422793508853125e+13
4.112937579787519531e+13
1.136903657865553516e+13
7.370549956808083008e+12
8.736574387405910156e+12
5.847641879627071094e+13
5.847641962212681250e+13
2.237133465755762109e+13
6.998781183166499023e+12
8.370712477860336914e+12
8.877714682608039062e+13
4.433735687526480469e+12
7.045091859702348633e+12
8.124557058054543945e+12
8.722647095499746094e+12
4.351021056750348438e+13
7.730559939967183594e+12
3.441785170020740723e+12
5.321533464837251953e+12
8.721280408656838867e+12
1.039768349239878125e+14
7.341109932841488281e+12
1.730207562169270117e+13
1.864404856275028906e+13
1.935115067603087109e+13
1.053916693982156875e+14
5.436440864129221875e+13
1.464324032472425781e+13
2.020011874049419922e+13
1.849519952068819531e+13
6.988677197805047656e+13
7.045971559785125000e+13
2.209331589515997266e+13
2.020390772679468750e+13
1.778408053771878125e+13
1.088868902215192656e+14
1.995158585918402344e+13
1.998708584311531641e+13
1.863663998867699219e+13
1.847960922802213672e+13
5.572329408492121875e+13
1.741941423674806250e+13
1.793745971649912891e+13
1.915249258552772656e+13
1.923127193345001172e+13
8.990489452213590625e+13
2.638843718441544531e+13
2.818525361358980859e+13
2.823483810025937891e+13
2.625295596306026953e+13
8.965966622956328125e+13
3.344386534176223047e+13
2.892700496069863672e+13
2.897447942723446484e+13
2.459310317759908984e+13
4.290034003625466406e+13
4.350998341549335156e+13
2.106001907144900000e+13
2.903036509817614062e+13
2.321617829382021094e+13
8.618552736158601562e+13
3.033355259240230469e+13
2.902628210767114453e+13
2.770570799531123047e+13
2.441382974297515625e+13
3.179067681087788672e+13
2.759077675955129688e+13
2.752160003548575391e+13
2.749866244418839453e+13
2.630614258772978125e+13
5.430057958313791875e+14
2.203198917415403750e+14
2.019730760012883125e+14
2.081067783696014375e+14
5.100941218236910625e+14
4.319189306254734375e+14
2.130150207251415312e+14
1.822559346268183438e+14
6.759811758893322500e+14
6.260960738580887500e+14
2.528436990420347500e+14
1.633248021303644375e+14
5.184858028010755000e+14
1.951950996169101562e+14
2.460789877801145625e+14
1.637313372071981875e+14
2.648424086062993750e+14
1.663771398299232500e+14
1.800705179033470000e+14
1.553865128197012500e+14
7.851539978489790000e+14
4.478639770979582500e+14
3.808630697625250000e+14
3.597025148029485000e+14
8.731083193155235000e+14
5.838484809983137500e+14
4.028086296633146875e+14
3.652845084280870000e+14
9.678461259033856250e+14
6.936353621598655000e+14
4.227290414441495000e+14
3.473354656030798750e+14
9.276190382547932500e+14
3.616322049910221875e+14
3.768115197574958125e+14
3.477495465931479375e+14
3.896576165189167500e+14
3.815814612028448125e+14
3.665698967497777500e+14
3.459673268182012500e+14
