2.694076398381803350e-01 -1.046240952762190202e-01 9.688175151126564646e-03 -1.347629126899998683e-02 2.743111886361678832e-03 -1.137756044561316626e-02 -1.318240455825511470e-01 5.008330584308555433e-02 -1.427633988263171949e-01 -1.336847395770686397e-01 5.330998342814378260e-02 1.289736590927162974e-01
-1.069931255788856422e-01 1.061605451719856569e-01 6.679944052697257828e-02 -1.555376786721028581e-02 3.450258213491905201e-02 -5.126610155102135323e-03 4.373341818707501827e-02 -3.355798514799641918e-02 5.238473966226694228e-02 7.936679015529916892e-02 -6.722307709878441728e-02 -1.061692491216482542e-01
8.479031457226464744e-03 6.053529380068454341e-02 5.802964151594983688e-01 1.866715308310696762e-03 -6.752265202802144352e-03 -1.015373331691904989e-02 -1.777057236069012613e-01 4.583230785731087775e-02 -2.846365666029526120e-01 1.563396510446802556e-01 -1.148965374301195719e-01 -2.334310924706466950e-01
-1.347629126899998683e-02 -1.555376786721028581e-02 1.866715308310696762e-03 1.952748243518483834e-03 -6.480016565648983066e-04 -9.323669421913852791e-05 4.790744464738041011e-03 8.798092828568408741e-03 1.407399714375739920e-03 1.238773101081372527e-03 7.203091634699683443e-03 -1.977789379690254694e-03
2.743111886361678832e-03 3.450258213491905201e-02 -6.752265202802144352e-03 4.213659552435081862e-03 -3.457303878251849483e-02 5.927377962841879309e-03 -5.029029931595007698e-04 1.904254634947645866e-03 -9.223712775736815238e-05 -2.360749424049889047e-03 -1.142857379240648594e-03 1.237142594656129996e-03
-1.137756044561316626e-02 -5.126610155102135323e-03 -1.015373331691904989e-02 6.824593657172835573e-05 5.988715746711918350e-03 1.060076729033334990e-02 3.636890076773731297e-03 1.249012387223964390e-02 2.364848561814324353e-03 -3.189998465068167015e-03 -1.189393020877445480e-02 7.894982013659280345e-03
-1.318240455825511470e-01 4.373341818707501827e-02 -1.777057236069012613e-01 4.790744464738041011e-03 -5.029029931595007698e-04 3.636890076773731297e-03 9.868180982855953576e-02 -6.523448762947249568e-02 1.608029830796904314e-01 8.695710244153073351e-03 8.070894383056222490e-04 1.881963074302858349e-02
5.008330584308555433e-02 -3.355798514799641918e-02 4.583230785731087775e-02 8.798092828568408741e-03 1.904254634947645866e-03 1.249012387223964390e-02 -4.150032678236140193e-02 3.657278411488484871e-02 -4.925967470795378916e-02 -3.675787697064813661e-03 1.027461615627945453e-03 -1.080038272455285421e-02
-1.427633988263171949e-01 5.238473966226694228e-02 -2.846365666029526120e-01 1.407399714375739920e-03 -9.223712775736815238e-05 2.364848561814324353e-03 1.596341826608228542e-01 -4.980941467308695053e-02 3.175153796106654491e-01 -1.857483050986493203e-02 2.494371305270352834e-03 -2.991973260128103287e-02
-1.336847395770686397e-01 7.936679015529916892e-02 1.563396510446802556e-01 1.238773101081372527e-03 -2.360749424049889047e-03 -3.189998465068167015e-03 8.695710244153073351e-03 -3.675787697064813661e-03 -1.857483050986493203e-02 9.720055183142292665e-02 -9.602759184965856121e-02 -1.444312355491878808e-01
5.330998342814378260e-02 -6.722307709878441728e-02 -1.148965374301195719e-01 7.203091634699683443e-03 -1.142857379240648594e-03 -1.189393020877445480e-02 8.070894383056222490e-04 1.027461615627945453e-03 2.494371305270352834e-03 -7.730361939071415944e-02 8.494739626185469905e-02 1.103067313221939710e-01
1.289736590927162974e-01 -1.061692491216482542e-01 -2.334310924706466950e-01 -1.977789379690254694e-03 1.237142594656129996e-03 7.894982013659280345e-03 1.881963074302858349e-02 -1.080038272455285421e-02 -2.991973260128103287e-02 -1.436595265188113923e-01 1.100703639644581983e-01 2.730494652713332249e-01
