0.000000000000000000e+00
2.894871766585565762e-02
1.161489813007388766e-02
9.945791656292866934e-02
5.468010781313692274e-03
8.722624958421991079e-03
4.935615682988438863e-02
7.760823456536924611e-03
4.722920047743261844e-03
2.082722595330592855e-02
1.009759150352724719e-02
5.020865532894958419e-03
9.364303957140651669e-02
1.021141201022604701e-02
3.247915978229455602e-02
6.216375304847464311e-02
1.402805515258911430e-02
6.076346175509440839e-02
4.752852952819005238e-03
1.003658654996188344e-02
1.367194533805802907e-02
5.546631920231511435e-03
5.779716898187577979e-03
1.345511744632444523e-02
5.779965084529144724e-03
2.499742346918513557e-03
-3.723786425858710471e-03
-1.958546641887703825e-03
8.855346167086356954e-03
9.104280562284161604e-02
3.825158022559168019e-03
9.955004161280959010e-03
0.000000000000000000e+00
9.086806337479151618e-03
6.300397208795412499e-03
7.299836170678345674e-04
9.540223865166634967e-03
1.017930052843087248e-02
-4.082937389285942048e-03
-2.681576630262153850e-03
1.056294531169036646e-03
