1.279692363228096888e-02
1.841862458593560958e-04
4.521592126099557016e-05
4.983753283561213193e-02
1.245248197470213807e-02
2.231542258830036384e-03
2.590897413277159882e-03
2.706585354922285552e-02
1.429837041553083719e-04
1.488529395036239204e-02
2.716650860825664364e-03
1.917711466958331109e-04
9.751100356859132914e-03
1.356139986347388096e-02
3.690584245524812079e-03
-2.325334837290752871e-03
2.656605592421464393e-02
1.205655613731574814e-03
7.495923860261062511e-04
2.284811852516055561e-04
-2.502323527535529023e-03
1.564927002860224401e-04
1.803911394406091664e-04
1.256403638177991909e-02
7.111421840370280240e-04
2.466703052791840880e-04
6.980697603760077370e-05
-1.085916121399040508e-04
3.070159994127408525e-05
8.116408738186805388e-03
2.037069886530902801e-03
3.995703651978507212e-06
0.000000000000000000e+00
5.531999451909001657e-03
1.216744300094108110e-04
7.483884028426738286e-05
6.224021793763690456e-05
2.366417530499302202e-04
2.987757014427542667e-03
-6.056544358457778836e-05
2.037897942260243403e-04
8.485119054591009832e-03
5.976063291564563066e-04
3.708334604516948935e-02
7.439920184983221489e-03
2.859870320249294998e-04
4.668180156102493851e-03
5.105657648662627508e-03
1.880485381061092285e-03
7.862408517945300782e-03
4.263354949453808558e-03
2.011383248714245214e-03
2.388155598156371795e-02
1.069830528536227122e-04
2.975178427528420416e-03
5.283412374082511413e-04
6.041493685138532924e-03
5.198554692342442253e-03
1.745572612699786141e-02
-1.789587685738543675e-03
8.547399748975314723e-03
1.036359510274008182e-02
-4.860350235155704631e-04
2.322602553448131508e-03
3.125491215781206478e-03
1.817391909058478985e-02
3.142698702938000882e-02
-6.661242571664879007e-03
1.696414979245332300e-02
1.950642556653876467e-02
7.676583137751436187e-04
2.953492762825238142e-03
0.000000000000000000e+00
1.882094992832180833e-02
5.307865136158588653e-05
6.778148369024350473e-05
2.562346273495904486e-04
3.815339003866557305e-02
1.358943560776995109e-02
-4.432131556364326749e-03
7.286053878453616940e-03
4.925183752751504870e-03
1.329983225717719765e-04
1.498636680223860811e-02
1.849212452070384330e-02
2.057383920136968223e-03
5.880718757241069385e-03
2.407861983522977976e-04
1.188626301513610439e-03
1.695786917113506487e-02
2.439682105838114623e-04
5.842532675762365226e-04
1.842169170796799718e-02
8.294037978341399844e-03
6.731240475324599438e-03
1.358006961007451928e-03
2.361279471865596058e-02
4.551039741005169330e-03
1.645360056525605255e-02
2.742218056716779211e-04
2.834183666941265597e-02
2.277440485955379082e-02
-7.479052760795745552e-04
1.690460609249468810e-02
2.558397608745011011e-03
3.574904619334518246e-05
1.633590301081394233e-02
4.867289817150825099e-04
1.580906690447599408e-04
3.759890700654781176e-02
8.108777423637469678e-04
2.131639521842476734e-04
0.000000000000000000e+00
5.423706193693108435e-05
1.600329389921162414e-04
-4.801654261383125791e-04
7.175095286538990709e-03
3.737003560163887524e-03
3.112727223823815413e-03
1.277585664315002666e-03
3.214535657493026739e-03
4.896438992500636717e-03
4.754436121219877357e-04
1.301879327685932265e-02
9.026962334367600801e-03
2.709200139375359927e-03
8.196979644796702213e-03
5.391339015867302031e-04
8.205812731705175445e-03
4.587778942111819911e-04
2.582846046729891844e-03
3.168152008576215727e-03
1.073733374416829811e-02
2.227535342017813048e-03
5.235790834313921484e-03
1.020985153576898022e-02
1.462926464867081097e-02
3.442456341004122497e-03
6.007092294793710610e-03
1.407164675257958409e-04
1.263360720309103426e-03
3.457835321650885429e-03
3.382429801817317784e-04
-7.238353591518868063e-03
2.818033988391495989e-04
-4.719257144391586500e-03
8.408411931643234097e-03
-5.734795797259232587e-03
1.075656096595952322e-04
2.610354913983462324e-02
1.012712673929616570e-03
0.000000000000000000e+00
0.000000000000000000e+00
2.773280582573362310e-02
1.956360279921261821e-03
5.237974249516034737e-05
-9.286443050123456566e-05
2.346364545123084402e-04
4.555379266112158159e-04
1.708557066478396186e-05
3.529035751890134166e-03
1.313224725797793938e-05
1.225311290858825230e-04
2.168827315578010853e-02
1.072592604283014394e-04
1.742337650312257222e-02
1.945103292405536742e-03
4.281232080016364461e-02
3.604731842453926839e-03
4.335007072410035529e-03
3.453063348544434773e-03
7.090889236391739910e-03
8.103066715184681140e-04
2.401088562387594996e-04
4.470689858647943458e-03
-2.034956078321610226e-02
-2.978236892590350581e-03
-5.701499180160866974e-04
3.711604068403318133e-04
1.371628620611723911e-04
5.682904908827169027e-04
3.169075613963615989e-03
-9.546340574354550412e-04
7.488878500556165555e-04
-4.388662580099141563e-04
3.527618374118560943e-03
1.424606912414064404e-02
2.553568826374060310e-03
6.330118075631455989e-03
6.147053858667280053e-04
4.546379744586233622e-05
8.417016311494052378e-04
0.000000000000000000e+00
1.233288655512478245e-02
4.795563784040594439e-05
0.000000000000000000e+00
-4.702931465837881762e-03
-6.912781680769549460e-04
2.766780655370718999e-03
-1.884040407400910987e-03
4.885125103777365480e-05
