0.000000000000000000e+00
2.450754079987981643e-02
1.786271383202828883e-02
2.503274855284229883e-01
1.809343362096755767e-02
8.170783332231430773e-03
3.980608090508110097e-02
1.487496303611016320e-02
6.753599869654277298e-03
1.348471840935133378e-02
1.224864402042331532e-02
7.073326160948949053e-03
4.768457803003503526e-02
5.941811555215662476e-03
3.118934882624024851e-02
5.692198162275652340e-02
2.699787135056870221e-02
1.568512626044799019e-01
-3.568879815015442783e-03
1.078231937644780203e-02
1.530282541696469795e-02
2.115936275067712650e-03
8.007155051772170060e-03
2.464104265555754764e-02
8.808855921238071054e-03
-7.603150268227931545e-03
4.020923732245792245e-04
3.602156422228852597e-03
-1.789438175947677401e-02
1.990664237380468105e-01
7.448489994325339057e-03
8.246789610401268622e-03
0.000000000000000000e+00
4.284315023291384791e-03
1.145361077341736956e-02
1.510052774509285057e-03
1.192705217144847049e-02
1.233770394766647502e-02
-1.054256664446273552e-03
3.129745212594725427e-03
1.027719573538828481e-03
