0.000000000000000000e+00
4.698858605507789249e-02
2.289655228801453987e-02
2.189693580725535493e-01
1.382073293157239265e-02
1.375022313610048050e-02
6.482594163265556486e-02
1.298152075154141230e-02
5.854470114742449556e-03
1.511381160353552494e-02
2.163391983927446041e-02
8.857591273758425379e-03
7.364184119091345126e-02
9.950973704137755158e-03
4.056927198741600710e-02
6.912183802957476420e-02
2.876031261734200706e-02
1.319545400700682658e-01
8.795285960829147057e-03
6.032796358486791459e-03
9.419405458430073902e-03
8.914323980216069809e-03
8.323006560648866722e-03
1.175890240676832031e-02
7.674328588979569335e-03
6.608201173772009981e-03
1.256503310262648866e-02
4.325489789830457184e-03
5.975383085086657248e-03
1.832554584180758617e-01
1.095101099995920979e-02
9.281996101828707615e-03
0.000000000000000000e+00
1.264912826290400839e-02
1.098305466599610973e-02
4.771533799244147105e-03
8.961805338119084585e-03
2.612964175227801625e-02
9.921288811593745229e-04
4.944983315920422652e-03
6.220349371674652877e-03
