2.969612338924744466e-02
5.711278490933328032e-03
1.029766335720028268e-03
2.334977129370325102e-02
1.686615706623669983e-02
3.025724447080750060e-03
1.792073296543879877e-03
2.191171307432715574e-03
-1.711086093031018716e-05
4.606183964499173909e-03
9.041654843249872370e-03
4.951233474526158147e-04
1.130687089142949978e-02
5.054315404091476406e-04
-2.178142136634105442e-04
6.991002816472764898e-03
1.381514983823500450e-02
6.133700613265384398e-03
1.366888842868054822e-02
5.555824644422131982e-04
2.463673935963067371e-02
1.079170215931023885e-02
1.804907467728263581e-03
2.830782242774771904e-02
7.181912695918945665e-04
4.125240699992538396e-04
3.723293376524550061e-04
6.812909837172753669e-05
1.076702008032226460e-04
9.448509441013615284e-03
5.434184035675008627e-04
1.441683679908045690e-04
0.000000000000000000e+00
3.725293274215468655e-03
8.075426172258278086e-04
2.010634311221615124e-04
-8.540955734183489642e-04
3.516161942520364559e-03
-7.786677638756141608e-04
-7.240701961375013663e-04
1.409901849872234082e-03
4.853551431324783401e-03
1.297295516236459355e-03
5.823723452677631758e-03
1.340958974233179626e-02
2.103481807495022164e-03
-2.510869680910632340e-04
2.343430782094135627e-03
7.184567665684907798e-04
1.508358674217583897e-03
2.564697887781353171e-05
2.824356180779845067e-04
5.590531946034626651e-03
2.916718413036312185e-04
1.542914110861922337e-03
9.964911096089369008e-03
2.302831950558112059e-02
3.722620317029456775e-03
3.250824240076473359e-02
1.023113241418164594e-04
3.506993844902887587e-03
1.655006927169688086e-02
1.320364968330078968e-03
1.614625952807651268e-02
-1.054264750429615815e-04
9.793308014931886157e-03
1.568909880969889328e-02
9.772055745204122346e-04
1.400926981643120170e-02
3.167494622169424873e-02
2.577644878681410213e-03
-2.411900431963672322e-04
0.000000000000000000e+00
1.026044292764279444e-03
2.066433397425922626e-06
-5.262469619489173751e-05
-1.652304073165300615e-05
1.546224534693630553e-02
3.395889295753436524e-03
7.527756545749664024e-04
2.323014178874682843e-03
6.165837160643450332e-03
2.384140321863389110e-03
1.057511701507121184e-02
1.005701617585360967e-02
9.321718002750056364e-04
1.622551390855853180e-03
1.621948748545476437e-02
3.255845639108093971e-03
1.286073295384358543e-02
1.576195541121102207e-03
9.013675709528268514e-05
1.329738774668578517e-02
3.820368527045118687e-03
7.765279860831568069e-04
9.996646215274178349e-03
2.137424917099031013e-02
6.563586230086267473e-03
1.850969075659197535e-02
3.031815741853486831e-03
2.908714802096893856e-02
1.865063280324412084e-02
5.659303724661709188e-03
3.602573593068867513e-02
2.881399893293797314e-04
2.548715035346601088e-03
8.549137466961131276e-03
6.781954049231616862e-05
-6.113500632870157712e-05
1.053655246973851829e-02
1.324299305434547148e-03
2.330514212768405001e-03
0.000000000000000000e+00
2.346366061289091977e-04
1.093568741637381556e-03
1.271320297531408573e-04
1.171543547662727168e-03
4.934880097587098337e-04
6.941613858453192336e-04
-4.199485266844623309e-04
-1.680823369894982988e-04
5.314446548974268401e-03
6.631758223919259404e-04
8.466515104634024513e-03
1.491863283192040954e-03
1.089462425535299948e-03
3.654738436614420657e-03
3.019550135566022027e-04
1.963737850779064507e-03
-2.803516689091008467e-03
7.264199535399406930e-03
9.336955362577652011e-04
1.612511131766925648e-02
4.524974585125241195e-04
-5.497354666856191664e-04
1.734443703837798903e-02
1.134431760545572682e-02
6.120311141266254577e-03
1.025211732361073873e-02
-1.421006534288634244e-05
1.492749830251279431e-03
1.006123085846429531e-02
3.029646617344431829e-05
3.861519299616607889e-04
2.739600971424227538e-05
-6.512840992414077558e-04
3.625929160327889811e-03
3.397046535720260607e-04
1.156164407325451469e-03
3.128245660853224558e-02
7.469789909221720599e-03
0.000000000000000000e+00
0.000000000000000000e+00
5.367030073350620781e-03
4.560903020066575837e-03
3.134474178422793408e-03
2.621377690137490380e-03
6.557178978525553216e-04
-1.968359625054520170e-04
1.336579281590040847e-03
3.177639113868776285e-04
2.527159886797451376e-05
5.802311366152049753e-03
5.350212202141837320e-02
4.666619948896707191e-03
7.036333384834662051e-03
3.133375007027587155e-03
1.187113437583786624e-02
2.501781539824166067e-03
-1.933525265246741900e-04
1.351112264386874172e-03
4.748965191874539651e-03
2.226736208696267292e-03
-3.398216609454037494e-03
5.252268686551138897e-03
2.142252109978196994e-03
3.030724116701407050e-03
3.584262233906324816e-03
2.573709549856680566e-03
5.234481826742695167e-03
6.056191387102353475e-03
1.195214313080725753e-02
5.290181272487888726e-03
7.403808609075871773e-03
8.254690620364731746e-06
1.203062791790373946e-02
2.595745514537798650e-03
1.371988112805788782e-03
2.710613511702669384e-02
8.272263707427507601e-04
1.970433397440814801e-03
3.249676125296822350e-03
0.000000000000000000e+00
7.128788301770357452e-03
4.123104814083659175e-05
0.000000000000000000e+00
-1.486703957708882928e-03
6.929107714927259208e-03
7.272581385649716122e-04
-2.230787904271558307e-05
1.889784089456059135e-04
