0.000000000000000000e+00
1.283557268808807432e-02
1.876164506608405183e-02
1.485368942161414407e-01
1.616667579854865269e-02
2.906790365168302956e-02
1.096601269447746579e-01
3.831733060391205592e-02
1.295817589105118656e-02
1.730128695947943246e-02
6.584791646706822203e-03
3.973350268324452560e-03
8.941747034146384221e-02
9.073451361938570867e-03
6.707628230715838302e-02
7.571525756150336572e-02
2.886838269067785664e-02
1.448848424553153824e-01
1.445062595484688205e-02
1.801022873227640236e-02
1.734723884046742576e-02
1.682221368366052655e-02
1.599953450735055668e-02
1.836615993073889910e-02
1.430944676298898967e-02
1.406118384711430068e-03
2.968395152008786175e-02
3.978313022070101637e-03
1.311940522859155606e-02
3.030960402534406128e-01
1.235771773108258406e-02
1.735965785089936889e-02
0.000000000000000000e+00
2.013518511255771998e-02
1.937375576006767144e-02
2.159518918806561678e-03
8.675341454777774075e-03
5.551117104529569579e-02
2.415800884700932891e-02
1.116054034775645042e-03
3.770273213027210135e-02
