1.857370128550650534e-02
1.399403023030099114e-03
3.491960729403794533e-04
5.044619044867940799e-02
5.322424762560951528e-04
9.365182462380531756e-04
3.762730265410370919e-03
1.092531634892914862e-02
1.367571917862224094e-03
2.365418341933008591e-03
-8.313171031155696950e-05
1.032253274104559049e-03
7.629895215423299244e-03
8.012716198762396755e-03
6.535987059373379090e-04
1.149405758902994831e-02
1.116328235429879003e-02
6.136634242836236548e-03
1.204323296461964378e-02
5.053298300265285196e-03
3.723262384589683116e-02
1.428036844004448511e-02
5.246444785943552708e-03
2.745316344070815318e-02
2.164665934731509721e-03
5.300417199867476061e-04
1.150079740529793253e-04
-2.754965859498451964e-04
-6.625799064196395412e-05
1.324987546112381745e-02
3.885620341589198553e-03
-1.647625451469088623e-04
0.000000000000000000e+00
5.828048662918157603e-04
1.635134838189193076e-03
-1.351585691335754902e-03
2.123488479604699903e-03
9.349658389933661047e-05
1.504565463546573547e-03
5.504991811345893993e-04
-1.714703704778589857e-04
4.527008016538492047e-04
1.179009301488405815e-03
2.633067983819599792e-02
2.554582724452688063e-03
2.500407152206821863e-03
6.544689232117254472e-03
4.223518106811719082e-03
1.521813710351745640e-03
1.472839603364025285e-03
9.759200606717015163e-04
1.625984836045657423e-03
1.764696485037007406e-02
-1.295628407980350082e-03
3.897186597517106723e-04
1.266482810307186478e-02
1.197355091625735765e-02
4.076778952477533129e-03
2.733093890053154770e-02
3.065701237356129429e-04
1.089787853886292667e-03
2.466704574693662569e-02
3.567898472667274581e-03
9.258043404683021123e-04
1.833139979811367580e-03
2.030622326605405550e-02
2.262796430559400190e-02
1.746582499794098898e-03
1.307989245237874999e-02
3.222256077193138418e-02
2.285091595394050847e-03
1.037341822415630823e-03
0.000000000000000000e+00
4.902084135092795586e-03
6.206472166398432130e-04
5.238312648371638700e-05
-5.905411969702919475e-04
-1.524787324827695878e-03
8.812084368473360740e-03
8.687896469835736145e-04
2.581138458871431052e-03
1.628842350569215070e-03
3.134551382168708098e-04
2.783575421503092784e-03
8.752591288599101751e-03
1.224760408849038694e-03
1.936259309886323486e-03
7.045037972634930583e-03
1.458948276759993454e-03
4.383079171907648501e-03
2.274421971696686650e-03
5.507597802299073241e-04
2.860917306099775015e-02
-1.379588291343984262e-03
6.686115677242014492e-03
3.192429225583838515e-02
1.288087553064181170e-02
7.058822374359382222e-03
1.830564889600472950e-02
5.039670992481207895e-03
3.740245698975450117e-02
8.409079071381464834e-03
3.076217796220322761e-03
5.177935250420059171e-02
5.556134302883375614e-04
1.944550614159242527e-03
3.696776666714559137e-03
4.093220279447843535e-05
2.263162133723232560e-03
3.231298162852821142e-03
1.150988343153695271e-03
-3.736314183942971551e-04
0.000000000000000000e+00
1.793214887451092653e-03
4.169454131169714368e-03
-3.185496247336179623e-05
1.062049831973093175e-02
1.138709640255182974e-03
1.541077462775275421e-03
-3.456531022250075580e-05
1.532431661068200945e-03
6.492098104039811454e-03
2.197813740615480252e-03
2.324135766927305086e-02
-5.719833811099454433e-04
9.114667862395305032e-04
4.961240377796698230e-04
2.549142547917826354e-04
1.116905032755181448e-03
3.427612770938918627e-03
9.866935294840691051e-06
1.065676079196720138e-03
2.457768751338227503e-02
6.449382912070430497e-03
-1.429495056873627146e-03
2.412144142555034190e-02
2.997219652990445321e-02
1.384773050195901422e-03
1.444029217359324609e-02
1.235563213119276575e-05
4.557876122756118081e-04
1.012729333797568465e-02
4.041091961188255418e-04
6.721151128452699727e-03
4.557305531957360072e-05
3.963564132213681993e-03
6.657491135551437018e-03
7.376866766356589451e-04
6.065580366951521139e-04
5.094882931310099582e-03
8.373241934427270820e-04
0.000000000000000000e+00
0.000000000000000000e+00
2.429419695332055845e-02
1.078541065422844360e-03
4.067890582241476960e-05
3.897369073983991596e-03
4.479893314098592821e-04
3.172776048397318686e-03
3.315319538105636061e-04
-2.832865547683309244e-03
6.139337489939444403e-04
4.426375698712477766e-05
1.961341988246039988e-02
6.795304227835696764e-05
4.327440926059715129e-03
3.576444356845542936e-03
2.558180536699724335e-03
7.180200406796307657e-04
8.142624612387202795e-03
8.601668830984898328e-04
1.027517258669035857e-02
-2.377689021645146338e-04
-1.624857428658018320e-03
3.087909357601311203e-03
-9.139515082524862994e-04
-1.178069476914374867e-03
7.664186877156161639e-04
7.754746496331699560e-03
6.964555510193341445e-03
4.815823749010002784e-03
1.223756397427286195e-02
3.700020602862104900e-03
1.010494971176250853e-02
-1.790314280908737179e-05
1.638908934356756797e-03
1.106232446976120228e-02
-1.834323955726876174e-04
-1.157399329351142369e-04
-8.349017591924893459e-04
2.129076583155553506e-03
8.221431427099782805e-04
0.000000000000000000e+00
1.551374467755905345e-02
6.066428772740403008e-05
0.000000000000000000e+00
3.146410023612563169e-04
6.301334282848032988e-04
5.551469690747194100e-04
-1.962772736342636493e-04
5.865684075302709079e-04
