9.783477016796094522e-03
1.202290629871494111e-03
5.331018671791791090e-05
3.118697705508872639e-02
4.854758854931947101e-03
1.970647682188138728e-03
6.075317559193423554e-03
2.306092063652490434e-02
5.295002674276331751e-05
9.758261371299307985e-03
1.359659012356573271e-05
1.099636102172896256e-04
1.859087101052148139e-02
1.082275612195131645e-02
5.424271359899594108e-03
2.461690566156304882e-03
2.348772928148025463e-02
2.128160976705125232e-03
6.492622371178114263e-03
2.789681077532694693e-03
1.671851087921284729e-02
3.449856704885142285e-03
1.158966065023340651e-03
8.017085281883185380e-03
5.483389855468848861e-05
1.596884530360072679e-05
3.346346361635961887e-04
3.157040609736612717e-05
3.944310019660483282e-05
7.787517383808369512e-03
2.053411661477951456e-04
2.591969449318461518e-04
0.000000000000000000e+00
8.172438162978619067e-03
3.318447462203592433e-04
6.242261708363135672e-06
4.779895463978611541e-04
8.710726375020941617e-03
7.398204784741113475e-03
3.979833288326739549e-04
3.930890322427578812e-03
-6.136696229285403025e-04
3.620599900326733692e-03
2.155842297836482388e-02
1.189786668663335087e-02
7.253268992015652998e-04
7.501472951772784198e-03
1.161036296344102395e-02
2.727787465990879311e-03
3.376649416023913466e-03
1.256593269903401788e-03
3.948036361780538073e-04
2.037018308936763486e-02
1.945977751537508651e-03
3.057403448578707044e-04
1.442932767843732762e-02
1.648954219113640124e-02
4.865031028600275489e-03
4.434588501441560741e-03
-9.095769132890415071e-06
1.311460596231213936e-02
2.221822275878931538e-02
-4.136684684036643907e-04
1.924762290262386696e-02
-4.414884433036577512e-04
1.503154246361145495e-02
2.372874288529924075e-02
-3.471495769972958011e-03
1.939973414132537335e-02
6.250192924138524286e-02
1.466284890010468309e-03
5.492378841717885513e-03
0.000000000000000000e+00
3.401901038723894027e-03
1.371714216755607610e-03
-2.307600289738864882e-04
4.768281122933778256e-04
1.236456151796825297e-02
1.276857441018471474e-03
7.156250169367457681e-05
-4.093197708464605365e-03
3.985651983125837244e-04
4.209489145261757987e-04
3.779587961539580430e-04
6.055564060630317866e-03
6.434899792019166181e-04
4.102238822404546612e-03
1.081950609530342097e-02
2.840965743673354977e-04
3.167157284006287109e-03
3.208132409856142420e-05
9.178058081845315308e-05
2.148874513576434428e-02
3.171589122679637548e-04
-1.276839178750758651e-03
6.381523061309212971e-03
3.304582936583296687e-02
3.839820576869645667e-03
1.156631476099330078e-02
1.379310881158346503e-03
1.135161402830645906e-02
1.914396160460601556e-02
5.110456523842677118e-04
1.553721536817419951e-02
-1.844920346339392117e-04
2.067333687931623642e-04
2.022112048351905767e-03
3.689259590858492006e-05
9.239335692376619141e-03
2.878206991023990642e-03
4.194091923563902924e-04
-8.264057078940881555e-05
0.000000000000000000e+00
-2.312028279981633461e-04
2.136248162648961019e-03
1.683324133601985960e-04
2.906644872608869063e-04
5.067644794265461182e-03
-1.313772949881109096e-04
1.895800234786785665e-04
-2.716301244513052993e-04
2.210345306891348062e-04
1.312663280697183099e-03
1.268940111026605616e-02
-2.558256385971180544e-04
2.409778422761821217e-03
3.617464295118451734e-03
2.207259004683015304e-03
2.530257262926068778e-04
9.442994060435620611e-04
-5.476878482111683386e-04
-1.001321099864727114e-04
8.378446255887513766e-03
-2.698386617431492102e-04
-1.183994209615139327e-03
1.733955655444328198e-02
1.998214129154211524e-02
4.808078335555506476e-03
9.701922994961391031e-03
1.387149282205957235e-05
-5.836450321424472730e-04
3.060276172381470872e-02
2.204788992081245177e-04
3.458787617659016874e-03
-4.334293848664646392e-04
5.423995490634459307e-03
3.372529170124605354e-03
7.750327601285800228e-05
2.125318724154426700e-02
2.679807886024261274e-02
1.420911045767322078e-04
0.000000000000000000e+00
0.000000000000000000e+00
1.068393904237204504e-02
6.439755564619027879e-04
-5.587808834001487814e-05
-1.098520761622090447e-05
2.308221632209376541e-04
1.692306287786789762e-04
7.994909330428049690e-05
6.719352390267285986e-03
1.387598811459437708e-03
7.237960363741061809e-06
4.160457197747115948e-02
-6.096068727297288209e-04
9.910061619667277083e-03
4.309503633112332643e-03
2.630638786890028558e-02
2.698359039882817535e-03
7.840495521087638593e-04
8.092758437605596100e-06
3.165726067227433039e-03
-6.068692970604268279e-04
2.326883753249875311e-03
-1.092884882661015967e-04
-3.647193171119796355e-04
8.116651699517467289e-03
2.309531930950944022e-03
1.376033681493495260e-02
1.798560098327572909e-03
4.350390667032104017e-03
6.426396664153203805e-03
1.756804045195869881e-03
2.027466806382468081e-03
4.361110073264266146e-04
7.292923865711046453e-04
-4.237161584250167048e-03
4.102946206187067096e-03
1.121252515317893578e-02
2.502818850082189290e-04
2.555473297706445596e-04
3.459225316703173903e-03
0.000000000000000000e+00
1.814198898450317468e-02
6.477323168361249204e-05
0.000000000000000000e+00
5.267211379414356645e-03
2.631841872140494587e-04
2.893856356258162174e-04
-9.672849614840531860e-05
7.540347120866374830e-04
