6.187070756705518801e-03
4.495505928502637307e-04
1.155984872976819288e-04
1.414496368043773912e-02
1.281499830526312139e-02
2.743560129604201859e-03
3.830678227853234665e-03
8.717192098892663499e-03
2.613655679974439486e-04
4.310332304939260527e-03
1.286528478641413232e-04
-2.298197172538133865e-05
1.664973700482136679e-02
6.952620959256083704e-04
3.146939563914645088e-03
1.137062612402546958e-03
-1.459280497021360999e-03
-3.198779199576207242e-03
2.819823557384763292e-03
7.635559297171153233e-04
1.629662858821552887e-02
7.568323683798302550e-04
3.364015451300391302e-03
1.127050394686847541e-02
3.198094140538310006e-03
5.551807232852867596e-04
7.028681581219645440e-05
6.850614584081501359e-04
3.751545440224084003e-05
6.288581746283927569e-03
7.467798784157782428e-03
7.098466880855654746e-05
0.000000000000000000e+00
4.455071219910955449e-04
-4.605880630649113682e-04
1.124209377899217585e-05
2.030007214132112554e-03
1.302480480230035599e-04
1.189839423753301199e-02
1.965139291041066326e-04
1.633790001108674061e-04
-1.434578116479660328e-04
-3.104059124512392742e-04
1.552196811473773898e-02
8.605856918731117494e-03
-1.093713162236165131e-04
1.001129570108281845e-02
1.780794739974315586e-03
3.122921018134716458e-04
-2.658333159786422945e-03
3.821217174745002854e-05
-1.812412797450590893e-05
1.369425369370461283e-02
3.532033772401181170e-03
1.510402839693557146e-02
7.019812269369104553e-03
1.587550167337152887e-02
4.348401258487803213e-03
1.559982807433749237e-02
-1.462228839691300528e-03
9.171965304333618008e-03
3.808930796768293658e-02
2.658229486377431511e-04
7.802519958209049381e-03
-2.154281983155037494e-03
6.868664924857419184e-04
2.950479450433732623e-02
1.096534478937168545e-04
8.674680348400161736e-03
4.615642630364361065e-02
-1.320896423651688823e-03
3.178483895938851171e-05
0.000000000000000000e+00
1.646790848019002648e-02
1.437758979882793530e-03
1.240012449854736333e-03
2.516145135522969813e-04
1.650707374051637102e-02
7.958837207781366621e-03
3.413055931347071747e-04
2.626525141031284521e-03
1.733591299628282510e-03
-3.191845328737471068e-04
5.207609201570832271e-03
1.725483177602589804e-02
9.279471924960850824e-04
8.978540741848857866e-04
3.263086058525802697e-04
-1.151133545244172496e-04
1.240381649916306658e-02
2.393112838675160001e-04
3.422861917940315526e-05
2.001333318174395096e-02
1.245312450080058274e-02
3.535343891691307850e-03
4.032240742076213282e-03
3.941610591603363772e-02
1.727272127128992932e-02
1.195424433056068575e-02
1.843691479233770239e-03
9.863239825256742491e-03
1.981513697590227621e-02
2.864249841909849263e-03
1.025157452437125069e-02
6.116326215129689291e-03
-2.346151040555429391e-04
5.288317605607373122e-03
4.275888882319334389e-04
3.694486084369803949e-05
2.507369323790224411e-03
2.058902585037195921e-04
1.633893153303829840e-04
0.000000000000000000e+00
1.996728029737641354e-04
1.171845946237537407e-04
6.560020179392293295e-03
2.025244895325635942e-03
1.064903055927563999e-02
5.563608042040479656e-04
2.054381494585107604e-04
1.119472113013745586e-02
3.522449007956470423e-04
3.437016481458850746e-04
2.064386601171031010e-03
7.793920043841206895e-03
1.850062269541889216e-03
7.562406207906099270e-03
3.810463536124989933e-03
1.529182555922018729e-03
-7.113908279922236165e-04
1.911308009399833305e-04
3.868057225726954647e-04
1.898061980269658694e-02
9.659129683993643647e-03
2.198637091458473692e-04
1.886792796625743219e-03
2.137442774884483129e-02
2.616507578971124202e-03
2.077063602706770862e-03
-5.022442766070926193e-06
6.340145067710374789e-04
4.530631110337453825e-03
-3.505667549413985840e-04
7.574051627562661607e-03
-7.367628362311195783e-04
1.480244851022027939e-03
9.875985256892845857e-03
2.863249828892004340e-05
7.474629787615320181e-03
8.268467641103264491e-04
1.301248414557143462e-03
0.000000000000000000e+00
0.000000000000000000e+00
3.526399211374981607e-02
5.075688119593172896e-04
4.511161281064583251e-04
1.045526303623682042e-04
5.579637490643977462e-05
2.422368869188007477e-04
2.726593742087205625e-04
9.407011243344569058e-05
-1.207294049701583078e-04
2.160554353945206120e-04
3.358425718454652320e-02
3.158449717591456656e-04
4.088561477413424870e-03
7.613374731421466155e-04
2.749242407278585038e-04
2.891480090123632675e-05
3.814247519977135778e-03
5.955154664567707985e-03
6.366754392259051272e-03
-4.354676302806733713e-03
3.303638273810512692e-03
-9.201532387099753136e-05
9.349373303423402087e-03
-1.833450863760099827e-03
6.746274156810505790e-04
3.883362879472448004e-03
3.665810477449034984e-03
2.413888659767726881e-03
9.553833233127388344e-03
2.071079168373916347e-03
4.341840873884006630e-04
3.467655306019038901e-05
-2.705308218989029619e-03
1.513631245019923278e-02
1.670920677312196781e-03
2.501926686743427769e-04
1.388526326794018882e-04
9.286735357313169459e-03
1.000069851833377621e-03
0.000000000000000000e+00
3.708706116759312443e-02
5.367776599174016276e-03
0.000000000000000000e+00
7.568613935943435895e-04
9.661601097297338502e-04
3.179734854181030248e-05
2.017229270413626653e-04
-5.700692997159473524e-04
