0.000000000000000000e+00
1.240588012399372955e-02
2.437178360703227964e-02
8.085455079659277511e-02
1.123573829580518969e-02
1.154095100883966579e-02
1.030838420224321345e-01
1.937147870848365122e-02
7.053883475134492889e-03
2.425735696011683054e-02
7.142291534226200868e-03
4.712140968614083117e-03
6.462407627371499763e-02
7.839622177140959103e-03
5.780901129388590909e-02
7.099031400233526967e-02
3.150083674877388745e-02
3.762643992966555051e-02
1.234910273724936988e-02
1.045426201332259365e-02
1.288091443502927848e-02
1.072898242075420380e-02
8.494109534241116310e-03
1.060917678575166827e-02
9.542107193208174479e-03
7.824783602056703188e-03
8.446162059315979326e-03
-1.703843246578862171e-03
1.060617164360893108e-02
1.905480760159617426e-01
1.904030243443194034e-02
1.177695768978853988e-02
0.000000000000000000e+00
1.954437664122175844e-02
8.828958822288098321e-03
1.455034594649825272e-03
9.939948471370934138e-03
3.055960697838195142e-02
9.944961379561282136e-03
-2.475924450193445030e-03
7.690875951480050793e-03
