5.351775372392363352e+03
1.357385903178490253e+03
1.075294343481215037e+03
1.207999729861975311e+03
2.619261260491415214e+03
8.414246911275829461e+02
7.057862920363905914e+02
6.056759443198435520e+02
5.602198510800333224e+02
1.813366983542177195e+03
5.121144960801241268e+02
5.647964421830565698e+02
1.619102064132784108e+03
6.386622446345113531e+02
5.124520963176566966e+02
2.951571419588875074e+02
2.826667086441551078e+02
2.126222300878861233e+02
6.635432934018260767e+02
9.805704439685508760e+02
9.870334163024892860e+02
9.286075566257602532e+02
8.893210583460553380e+02
7.469776973035667424e+02
1.494819358065482993e+04
4.608844762435892335e+03
3.067767946745565041e+03
5.695689186989888185e+03
3.701658945928889352e+03
1.167309559028908097e+03
3.640037918844366686e+03
2.923030025341717646e+03
9.395387693230611603e+02
3.615078851543808923e+03
1.039711497377354362e+03
9.728534339258221735e+02
3.503320851287176083e+03
3.381225207273063916e+03
2.711654161421035042e+03
1.436062595383514235e+03
1.281430027168663855e+03
9.640288344189036707e+02
3.468871597041624227e+03
3.349847568690392109e+03
1.354225469116912791e+03
1.216096484790473141e+03
1.062838030577826885e+03
6.500075864849834488e+02
3.475359871055595249e+03
3.358545015996003713e+03
1.351682312372980959e+03
1.111940296224143367e+03
1.015239467289197478e+03
7.719954719567185748e+02
3.446143489302498438e+03
3.361434924533336016e+03
1.508918634641192057e+03
1.284053338900842846e+03
1.131452892162778880e+03
9.514100395170798947e+02
5.569085544180506986e+03
4.413303500150032619e+02
1.743442662146063867e+03
7.426450463964434903e+02
5.610166038501039338e+02
1.930440453630125376e+03
1.250308873610997580e+03
1.976557882712139076e+02
3.895346789518806645e+02
4.973242348832009725e+02
6.789856206622837931e+01
2.341806687377618346e+02
2.875261957645842017e+02
3.327865999484330928e+02
3.935458079127247402e+03
7.356041649131398117e+02
1.854421399358537315e+02
6.105062040887161174e+02
6.455949668705153499e+02
6.042293184087451436e+02
3.716757647343669078e+02
1.051409973704000322e+03
9.937095150828611168e+02
7.497294317431493482e+02
1.961282558152439015e+04
7.227115674139808107e+03
2.524129216012413508e+03
5.825743556768193230e+03
3.690472264177856232e+03
9.392940225737128230e+02
3.598420163906163907e+03
3.160021659356886175e+03
8.008982747374612927e+02
4.227209739622751840e+03
2.177642273532703712e+03
1.089947357386461590e+03
3.600161924686610291e+03
1.100993975816320244e+03
8.560319668132333391e+02
3.486030558617458155e+03
3.380273726564438221e+03
1.577193402627440491e+03
1.363878709306714427e+03
1.351387159983764377e+03
1.051721054026561660e+03
3.471593346532077248e+03
3.362705458896632990e+03
1.259317027145435077e+03
1.065448749465627088e+03
1.011932859586972768e+03
9.351732883030656467e+02
3.471486502556006599e+03
3.360997904541494336e+03
1.237796707118964832e+03
1.076632748695858936e+03
9.000862563726382177e+02
8.810319748823580994e+02
1.644354173361296489e+04
3.839346397979816629e+03
9.125921790555322559e+02
4.244561237611098477e+03
3.902043056714323939e+03
5.006142069790230948e+02
5.779240658868666287e+02
5.827307561437551158e+02
5.677561129818864174e+02
1.465062689321269772e+03
4.518835151920563362e+02
5.617570177308592747e+02
4.679991310109112419e+02
3.477582157695419028e+03
2.121747955780313077e+03
2.219467363041417514e+02
2.706518818405078264e+02
2.494475363776969516e+03
4.757856194555811840e+02
4.115680464413726440e+02
5.625601715163810468e+02
3.166416325009828142e+03
2.208266699215749668e+03
6.197306663624825660e+02
8.074327494712936186e+02
1.522823900166073690e+04
5.790722223471640973e+03
5.366322550899183625e+03
8.636795186835699496e+03
3.356129277238621398e+03
2.309517797686099129e+03
3.602996854340999562e+03
1.623641349728397017e+03
1.283933657309973114e+03
3.945078236429907065e+03
1.565644488666357802e+03
9.277742443049816075e+02
1.427939742507873780e+04
1.005706116544502584e+04
5.705268962942828693e+03
5.008357654459669902e+03
4.509597931346088444e+03
9.023091999196200277e+02
3.492112528303862291e+03
3.363318859923214859e+03
2.723262844564486386e+03
1.439174474664333275e+03
1.257116332907471133e+03
9.694708958771734615e+02
3.479257837924509204e+03
3.367620808033628691e+03
1.279479783036720391e+03
1.050230599469236950e+03
1.014604869054365054e+03
9.859511664007560512e+02
4.132147046767780921e+03
7.325053268377387212e+02
6.144921357467505914e+02
5.818106083447509036e+02
2.895987945842142381e+03
2.535638125447143466e+03
8.065948429976750731e+02
3.850484836385458607e+02
3.048774212197462248e+02
5.172703391053437372e+02
5.426035580899389288e+02
3.063916535316768659e+03
5.403006581942530602e+02
2.873264842537688537e+02
1.330245096688912838e+02
6.632207415018569918e+02
6.515645883393212898e+02
6.257994344628442605e+02
1.703852169076547625e+03
5.127240577550860507e+02
9.988448054896554140e+02
8.487521669410241429e+02
8.140841713428635558e+02
1.882191211169312737e+04
4.148508174911830793e+03
1.388939753402410361e+03
3.621288870409765877e+03
1.664980458632021055e+03
1.294377350990783043e+03
3.785011680759264436e+03
1.543756144489158260e+03
1.154967795842041824e+03
3.619994224915560153e+03
1.143880026410709206e+03
5.555935114591819683e+02
3.499047114935715854e+03
1.094485006943119060e+03
8.686918947961607955e+02
6.747399679866731276e+03
3.509581177176876736e+03
3.431575508892035032e+03
1.777389185351464221e+03
1.210717482217593670e+03
8.598600011948776682e+02
3.502220038503750857e+03
3.374526155435466080e+03
2.719545454711249931e+03
1.423078827281851773e+03
1.267135586249550443e+03
9.795103883435214129e+02
3.473915198123034315e+03
3.367274943041392817e+03
1.300976701627856528e+03
1.114271083408782488e+03
9.883401708077494732e+02
5.560383137712941561e+02
3.475779728470665304e+03
3.369042442525967544e+03
1.276530365236259286e+03
9.738327587329575863e+02
9.287605595230027120e+02
9.252604335712672992e+02
6.581901697279514337e+03
9.130295251902779228e+02
6.192455491624317574e+02
7.646700808616380982e+02
5.663975815751310847e+02
3.459663064499747634e+03
1.290931827784934057e+03
4.662467680834360522e+02
5.591791243578916237e+02
4.701144554018382564e+02
3.123276195139875199e+03
1.057288255990703419e+03
8.177591598137438211e+01
2.682523268660604117e+03
2.469191933214711980e+02
6.469898576157539765e+02
6.072878190335864019e+02
3.894448370695154608e+03
1.012499160659690460e+03
8.428898311106892152e+02
7.741511706502873267e+02
2.007974074572527388e+04
4.642341797617548764e+03
3.618722714567712501e+03
6.771946695482815812e+03
3.566675610823624993e+03
1.095525165253558953e+03
3.615916594461616114e+03
9.886096149064775318e+02
9.215485315750295285e+02
3.673493475683820634e+03
1.032580729652616355e+03
9.184348786946667360e+02
1.246995313870322752e+04
7.132675171409012364e+03
4.092691005816154757e+03
3.763431113580147667e+03
2.465112295647480096e+03
2.055394728147515707e+03
7.629272454323907368e+03
3.594062139675018443e+03
3.476259388957165811e+03
1.530383722935838023e+03
1.154159253486111993e+03
1.046665488184539299e+03
3.499262493589992573e+03
3.182629893872493085e+03
2.972610767628340000e+03
1.936373501564527942e+03
1.427522566851160263e+03
9.359812605031327166e+02
3.428977209727263016e+03
3.182613857453113724e+03
2.608018531594403612e+03
1.750947579405111810e+03
1.051491547527523380e+03
8.973982068890985602e+02
3.455323292895719078e+03
3.263166073287503423e+03
2.323766189145642329e+03
1.736587282974124946e+03
8.999902355341944258e+02
8.288979906314845039e+02
3.467337347092277469e+03
3.348535072599993782e+03
1.314250020520515363e+03
1.195659519016352760e+03
1.051158569445480225e+03
2.183247777921074544e+02
3.473476453521732310e+03
3.368905923319844533e+03
1.246641437168292896e+03
1.002809653973956642e+03
9.597657461308751863e+02
9.052218917044662021e+02
