4.304830821231158539e-02
6.756574166580455731e-01
3.228227502251508896e-01
0.000000000000000000e+00
6.192602306934532654e-03
-7.165233244726495164e-03
-1.227723817868546063e-07
2.757805028739494183e-03
2.010664850759151176e-03
2.978971737492842886e-02
-5.731237913628913112e-03
2.620014679268667292e-03
-1.106763097701597351e-02
-1.010460263867065701e-02
9.005211744445906774e-03
-6.241638911466118600e-04
-1.831728728364012682e-03
-4.521525556839497452e-03
4.695056957721040897e-03
-7.607842690018217988e-03
-3.012053563723116143e-03
1.576477008262463023e-02
1.335614675513474570e-02
-2.894405706199713359e-03
2.393761104306883335e-03
9.455422717921432851e-02
-4.598700553245915930e-03
5.643613626826897260e-03
-2.046560270537215950e-04
-5.283573099358836872e-03
2.452630094131213914e-04
7.769188401942332288e-04
3.694561134712646133e-01
3.915275451848258532e-04
4.272638139037502475e-03
0.000000000000000000e+00
3.508459088387934788e-03
8.245200005814272079e-03
-1.108829479403257955e-03
7.881385893839827975e-03
5.385252830192828639e-03
7.791628924917678133e-03
4.787365950851362947e-03
9.378539387142245101e-04
