1.189320845581085390e-01
1.373263987410341669e-01
6.619647816473831492e-01
5.868241017090457951e-02
2.950124871071446893e-03
-6.193338580567327775e-04
0.000000000000000000e+00
5.647039445943380712e-03
1.539517066475452325e-03
4.171611762182614483e-06
1.368865410275995286e-04
6.731238734957105223e-04
2.492524462455699471e-04
-4.450249569608451749e-04
3.143862764763809010e-03
2.577226809697889093e-04
-8.548948212847574100e-05
3.235728042044675574e-04
1.743631288721947436e-03
7.775485206495551076e-03
2.499136001147890876e-02
-6.164052797855923633e-04
8.001017252556862791e-06
-3.751363932457859045e-04
1.173539761200788762e-04
1.710450219120455623e-05
-5.350463933822731941e-05
9.099917735550855152e-04
8.792386344097809616e-04
1.517822605962633985e-02
-3.056602682544706903e-04
6.024144042417615801e-03
1.577618587367530731e-02
2.309657407073487882e-03
2.433072918112492435e-05
0.000000000000000000e+00
1.282593616979058992e-04
9.482020292205388433e-04
-2.412122722712517554e-05
6.318331648692258710e-03
-4.452791717062342877e-03
1.251967419398406943e-03
3.013537971150152426e-04
3.295579956690134968e-03
7.118651654693591846e-02
2.016100524173928491e-03
-3.964509029670390018e-03
1.441532657307694406e-05
3.168016920109743124e-04
9.194124825419066130e-03
2.994962726947140389e-04
9.081209977217063588e-04
8.870229370601275670e-03
-1.871449502982939497e-05
4.207043276055825488e-03
7.205872058897295996e-04
-3.294492441511624048e-05
2.401943100611036888e-04
-1.904925166174472207e-03
1.978662478038457559e-02
1.746438594591682297e-02
1.628819818165254049e-02
-1.399723912708742794e-05
8.730391029230233899e-05
1.521502534623708682e-03
2.228705283426002327e-04
2.600086129637506000e-05
-2.233518885709662063e-04
3.011684091702567455e-04
5.752182865781755314e-04
2.478748317335432907e-03
-1.854557610161104318e-04
-1.921244196939035078e-03
1.017750764416430059e-01
1.648662632800331970e-02
0.000000000000000000e+00
0.000000000000000000e+00
3.913176002474356291e-02
1.321826928565380090e-03
-1.740835684785979696e-03
3.139974477320513647e-03
1.595304001274951578e-03
-9.973433966638856930e-04
9.821285700455225851e-04
-4.134007990399824091e-03
0.000000000000000000e+00
1.293245974020695963e-04
1.298455760248969581e-04
1.379584582121099781e-05
1.255102114990358508e-03
1.264628872957954293e-02
3.797481325094794060e-05
1.822715785860403370e-03
2.377777065053470959e-02
2.832324870281880845e-04
1.844437332853561973e-03
-3.879242683374731996e-03
-1.241760990831397571e-03
-7.634009406065030753e-04
7.117403523641430575e-04
7.994992693752366996e-04
2.713150274333460681e-04
7.100495698620553080e-05
-1.218706641567009761e-03
2.498953942834762112e-06
-1.314683956888185092e-03
-7.438633025010244360e-04
1.423055420767704751e-04
3.686470447515392216e-04
9.481637837316369898e-07
2.044470373066016936e-03
-2.064684051213294571e-04
1.078014543796801394e-02
1.222662561962388093e-04
-4.165838612722572274e-04
-3.258046221961574565e-04
1.595569683029651688e-04
0.000000000000000000e+00
6.804630245410248426e-03
7.334116108739537456e-04
0.000000000000000000e+00
-2.038672191218641669e-03
1.022795846882695896e-04
2.341134569340515628e-03
4.092724167948258332e-04
-1.586975415262277924e-04
