9.868672417444125655e-02
3.763718780726476587e-01
1.072687479440688485e-01
0.000000000000000000e+00
3.254878857161835198e-02
6.462355518619385640e-03
1.847128716647716870e-09
5.344611140004514906e-03
4.809102791017564466e-02
2.825652246221438055e-02
5.201492777928947223e-03
6.898352566170721373e-03
3.633105694997620927e-02
6.908317753107947289e-03
3.638919337962195130e-03
2.571150747947633535e-04
2.066739582439499831e-02
1.921951239160188049e-02
6.622810953105439866e-03
4.249658436514332401e-03
4.297442564531084482e-03
-5.131764600358571481e-03
4.417874460066344849e-02
1.235382329625463573e-03
4.135716689855314151e-04
2.678756439113479451e-02
4.262050522912604576e-03
4.269783627983566275e-03
5.860280209602579046e-03
4.408108024880111851e-03
4.563379422669059694e-03
3.155442285488770700e-03
3.496902540527975778e-01
9.245516025026722512e-03
8.470541750901058181e-03
0.000000000000000000e+00
1.989555607316693259e-02
6.158316993935349440e-03
1.426655896060258309e-03
1.373490747915628862e-02
1.409487780747986641e-02
3.129829760048796067e-02
2.273303424221717606e-03
1.841402852645383434e-02
