1.366637005434879482e-01
2.119013159231588617e-01
4.467662460775659872e-01
6.030649287723518354e-02
2.660134494877712112e-05
-4.647460641274599598e-05
0.000000000000000000e+00
2.536170494504948626e-03
-1.295906535768942547e-03
-1.133722938077378611e-06
1.330853148231218430e-03
-5.441060894244565121e-05
1.454039138263733302e-06
-3.065125187514376346e-04
3.868250103561029216e-05
-5.759374593223694173e-04
-6.441739502955974757e-04
3.823598007833206407e-03
-1.306596119551565625e-03
-5.979413596716135967e-03
8.669161202813906175e-03
-1.910570621566150707e-04
-6.174392682903865302e-03
4.153171103947283713e-03
-3.195953048971392988e-03
5.553445991453761185e-06
2.703093461355458339e-03
-2.381727305131790373e-04
1.899887454453034509e-03
1.766616108252126033e-02
1.510757999013826792e-04
1.099038473484921161e-02
2.165124607823644409e-02
6.274976817980030749e-03
2.091431369447538467e-03
0.000000000000000000e+00
3.236033888983599113e-03
1.946958291225057459e-03
1.641539466511835678e-05
-1.730440341702162632e-03
2.194117799330036131e-02
6.291275702750209406e-03
1.098080900295543035e-04
6.158693647720555871e-05
7.591791868064672044e-02
2.733627768338179730e-03
2.421991492540520427e-06
-1.642860467421236507e-06
5.531076687251664653e-03
8.212706111506299159e-03
-6.646401309451377076e-06
5.202212023358577026e-06
-4.486256580619977542e-03
-4.696484420059950951e-06
2.246347964929810634e-03
1.224481608604177608e-03
8.158818788344864568e-05
1.064517966978373282e-04
1.169010154744117534e-03
1.215287016940661989e-03
-2.971007379821862231e-03
1.140093180601626024e-02
-3.841437068306714921e-05
-1.423597469403977375e-06
-5.103012866088607602e-03
9.425405282819173010e-04
-4.158906768982895266e-05
5.661806494437756493e-03
1.149835933393506026e-03
4.022117131121024161e-03
1.862993221700581792e-03
-1.477122637220477453e-06
1.938799386826698876e-02
1.557057714035517404e-01
1.698339124781427997e-02
0.000000000000000000e+00
0.000000000000000000e+00
6.024472306944686495e-02
7.046484285395744791e-04
1.164588443686772256e-03
3.913837466688348645e-04
3.307897591007617484e-04
1.804829924214261094e-03
-1.284646690863810894e-04
4.567285499384624720e-03
0.000000000000000000e+00
2.774600014039840692e-04
-2.565573339144385564e-03
3.118699662148690426e-06
-1.332776403833683433e-03
4.957944513809723654e-03
-3.869621933697923300e-07
-5.967660047874087138e-03
6.146069456253178132e-04
6.021697007052572931e-06
-3.952272999149612494e-04
-2.466912236693648546e-03
2.433337728537932065e-04
-2.395025740573323864e-03
-3.661475586143951057e-03
2.172066279809333476e-05
-1.014612320632231725e-03
1.682825910437927728e-03
-1.559434111426938373e-03
6.995712817546332566e-04
-2.223548528656612081e-03
-2.893072705901038040e-04
2.394629220258570504e-04
1.540617463291334643e-04
1.125933439991292717e-03
7.200390095769278881e-03
6.197903204243826111e-03
4.974071102668852634e-02
3.725207947425316930e-03
8.023650317888912685e-04
-1.848169193445873670e-03
4.729581517793650033e-03
0.000000000000000000e+00
1.474477065174604161e-02
1.240493020824073921e-04
0.000000000000000000e+00
-5.999681503323536259e-03
6.400714487103153875e-03
4.946674135232531633e-03
-6.766246707089104131e-05
-3.031852202344179742e-04
