8.292810006624048991e-02
7.494754317069728389e-01
1.655990403393527710e-01
0.000000000000000000e+00
6.631348122725187755e-02
1.964606722688112123e-02
0.000000000000000000e+00
1.161319162428315829e-02
8.965806345285913569e-04
5.163872562841542377e-03
7.516090119650331754e-03
1.403970803215792750e-03
7.036417542887566387e-04
1.122630590872164547e-02
3.023871920273750024e-03
6.865939656929350050e-04
9.092460232361054134e-03
9.635072081164430813e-03
6.615218886313430600e-03
6.840819187107312870e-03
3.950761546859856560e-03
-3.771531865309244672e-04
9.270154286518597977e-03
-6.117410725662520083e-04
8.134248390790022260e-04
8.186343894702539925e-02
-1.293271218449021322e-04
5.176352656308742979e-04
-3.946426050951012780e-03
-3.761610246166842853e-03
1.630585436765308316e-03
-4.249885852870212942e-03
2.890151139065814112e-01
3.988604494322026649e-03
2.442843561261979698e-03
0.000000000000000000e+00
6.022922178638934372e-03
4.057413506082700218e-03
6.383797501087418169e-03
3.127991939007916233e-03
2.214207117829812554e-02
1.084195178705849028e-02
1.233551054952034941e-03
2.420449242578885229e-03
