6.466446437550130155e-02
3.821706355433066582e-01
2.727075104657765078e-02
0.000000000000000000e+00
8.995161075994682898e-02
1.453602473303648550e-02
6.089029502831522429e-10
7.535031612065079369e-03
-6.403307699404263463e-04
7.962825630247482439e-03
2.642869700938928808e-03
-7.329469443744699754e-03
2.534100281964583260e-03
1.111225951134346170e-03
-8.311723979817726982e-03
-6.381974158671418346e-03
3.214580508448146735e-03
9.370597710525804466e-03
-3.510599550036845162e-03
2.155049372509876271e-03
1.880031210259014516e-03
-2.611697524286427270e-03
6.954371885136897968e-02
1.374853448584834091e-03
4.019225428249321714e-04
4.109078015823399571e-02
-4.696662072419862527e-03
-9.097197173220076746e-03
3.796358534769206459e-03
3.317659744278000922e-03
-1.255956981768421030e-03
1.102548501434341601e-03
1.341962869337283704e-01
8.563777134694916743e-04
1.315869155736574571e-03
0.000000000000000000e+00
3.250498173009056836e-03
3.761535327328887398e-03
2.154724904570159884e-03
5.276310912588977678e-03
-2.310818976956289031e-02
-1.352801352383737471e-02
1.031271315718370338e-03
-2.458762352863663042e-02
