1.288010146984358284e-01
1.803974332210293019e-01
5.754573174444391759e-01
3.704972400232418861e-02
3.880675639668444178e-03
-1.558140554442255413e-04
6.287491046326939327e-10
5.752237403013152903e-04
-2.277248811688566566e-03
1.025755157583555824e-05
1.385133854605813343e-04
5.219845886481462539e-04
4.645013958586297336e-05
1.826290437738557369e-03
-2.352199040011582285e-03
2.429282830820038040e-04
2.069006695079818759e-03
8.175407203800203208e-05
1.206650931679191128e-03
3.847566864898288586e-03
3.761464819234213407e-03
-8.936758741884265334e-05
5.965922980476119777e-05
-3.058093812831493528e-03
-1.200717546152467018e-03
1.395627034273331547e-03
-1.883182775866802184e-03
-1.024561975219680704e-04
3.663069236109632088e-04
1.761324766111892898e-02
6.235804845754670464e-03
1.963827558247471447e-02
6.767918612110509352e-03
4.283266900614409421e-03
-8.898186340549803783e-05
0.000000000000000000e+00
-5.866937184183962806e-04
-2.839503617430431601e-03
-2.891429784093254456e-04
2.120450388039104173e-03
2.108045107430199516e-02
1.232554551473086344e-04
8.711669557071033410e-05
3.369891801118685029e-04
4.248685325472061070e-02
2.208921519072067421e-03
1.145894539486702656e-03
-4.060190208354797276e-06
4.006450777535401213e-05
8.931873074735767817e-03
1.539478113003293425e-06
5.518046545583447319e-04
8.323083725220911102e-04
4.961083716947811907e-07
1.314625776792036982e-03
2.145611718409545787e-03
-1.405024576588028351e-03
-3.747444195328686117e-04
-1.504313376886582667e-03
5.089795607964586917e-03
1.287264729183079572e-03
5.079204000922388391e-03
1.707348458120039271e-04
1.766269374751475989e-06
1.434350983990281001e-03
-5.541671651863196851e-03
9.431603600156934341e-04
2.385387632048985364e-05
1.517127787703128261e-03
2.756269488573082158e-03
4.485525056218012639e-03
2.272868601340061016e-03
3.614830453388166286e-03
9.210455652141776028e-02
-3.033043448913996711e-03
0.000000000000000000e+00
0.000000000000000000e+00
4.448068992483614204e-02
5.166561174669389266e-03
6.957414275563956075e-04
-7.992337291710487396e-06
4.952566985089138993e-03
1.674644371127816610e-04
-4.429795124568277285e-07
5.001257404981215068e-04
0.000000000000000000e+00
-1.471115643145430195e-04
8.264969969086093105e-03
1.291228076193270068e-04
-2.442466666314506082e-03
1.700698399183075971e-03
7.499485139959461300e-04
5.662728195242975877e-05
8.449879681670406303e-03
9.798024244709621720e-04
-1.164768197127112159e-04
2.431184175702154077e-03
2.356297686974724931e-05
-1.029316543464113077e-03
6.084615748375155064e-04
-3.058213693076387244e-03
-1.716500447590485435e-03
-1.032762555108039182e-03
-1.425469686934569945e-03
-8.886063721686543026e-04
-7.269751563382238725e-04
-3.558547471479981805e-03
-9.639863619955872697e-04
-1.564407684835085856e-03
1.137486660060268133e-04
2.873991405699771740e-03
2.475219242601707894e-04
3.081413791934401250e-02
-1.631279580212770806e-04
1.821644289995775524e-03
-4.454404527746295473e-04
-2.437141015591374677e-05
0.000000000000000000e+00
8.571354117446739612e-03
-9.182822168366892846e-05
0.000000000000000000e+00
-1.234388528327734534e-03
3.635036899566701420e-03
-6.637570167960922486e-04
1.152996777504059904e-04
-1.042678717719569602e-04
