1.427323601768055172e-01
1.746780291907245597e-01
6.326493359703274644e-01
5.387650746073792407e-02
4.347940255382787625e-03
2.553156581167607530e-03
0.000000000000000000e+00
-1.247837184146161115e-03
3.039523503149821424e-03
5.420378730303099246e-07
-3.294368172158149925e-04
3.214327913477384451e-04
6.423570259113849493e-07
6.238685532341895228e-05
-6.605229319032179802e-04
1.425247098630307355e-04
1.089841017801118682e-03
1.087559538474895194e-03
2.491632022333023586e-03
1.503134793513876202e-02
1.393722429081144069e-02
1.134315419481612936e-04
-2.175513094594849653e-04
6.586089543586156605e-04
-3.108185763498620192e-04
-2.574670355122377291e-04
1.758717188170392598e-03
-1.092258542154148998e-04
1.846925821071354699e-03
6.004665760976238796e-03
1.241095865006158717e-03
4.161201148439882570e-03
2.951633481754743771e-02
7.483941037089958739e-03
4.084540821805390017e-04
0.000000000000000000e+00
3.689110753160177781e-04
2.729464048772486072e-03
1.447918181393700052e-03
1.700922342398410734e-03
2.895755000814145049e-03
5.150579345377858873e-03
4.400255141652135277e-04
-7.748152121109723282e-04
4.557809359724013937e-02
1.421364968730201746e-02
4.324406807025268050e-03
4.423789457789576563e-07
7.374848965064166042e-05
1.014588753136582040e-02
8.160053282050642998e-06
5.294779614529361860e-05
1.123984971998324804e-02
-6.305827879860003730e-08
1.183859747267401816e-03
3.085124639915504119e-04
-1.403367174479234645e-03
-6.607085638281829038e-04
1.250207715115673524e-04
5.651843300239785435e-03
1.332404236793301687e-02
2.469833000008790636e-02
1.598398674931278543e-05
1.947582019266776640e-05
-8.861309518378343011e-04
9.190461555090105583e-06
1.005180242659905152e-05
-3.341969489570958290e-04
-4.270014373360275675e-04
3.211176511632067056e-03
3.003886543846704966e-03
7.696146327602996226e-04
1.179999359749327875e-02
1.259421965772507535e-01
1.101766206826688618e-02
0.000000000000000000e+00
0.000000000000000000e+00
1.521390379785555851e-02
3.751718952516240168e-03
1.600224323097883651e-03
1.605056814623158801e-04
1.366919885438215012e-03
2.598794396033632294e-03
1.049616810071570547e-03
1.118944462365082824e-03
0.000000000000000000e+00
-2.163927804669526058e-04
1.602976617036840556e-03
2.495530483444715179e-07
3.128481178187092265e-04
8.463884319228117542e-03
8.793049654835331447e-06
1.688139530257903951e-03
5.540408083271591150e-02
8.955556139992696879e-06
-5.530915489374936195e-06
1.979067164092573883e-03
-5.689319109699283485e-03
1.389837346072416216e-04
1.283848079238166298e-04
-3.893798912512661751e-04
7.383705406718880319e-04
8.152052961572768151e-04
-2.431902381075268130e-04
1.125400949484515458e-03
2.093765275510017614e-03
3.938285466295635921e-04
7.306556984375100604e-04
-6.809345656279589768e-04
-5.367248677202507206e-04
-3.973594623518280082e-04
6.837300644191006025e-04
2.592952211628502326e-02
-1.565052976697600771e-03
-3.370657074197517373e-04
-8.268483163374659153e-05
-1.416124136006816970e-04
0.000000000000000000e+00
2.925181101178742256e-03
4.669287580397826092e-04
0.000000000000000000e+00
4.676668543444728707e-04
1.473678342179596311e-04
2.526822407175499554e-04
2.160346291602592225e-04
3.775820990256010374e-04
