9.680182172696900900e-02
9.365761239885429801e-02
7.381623319001292538e-01
8.419340020468253638e-02
1.573722024890509413e-02
2.895371576861527178e-03
-8.289870271719715936e-11
2.163986542336752451e-03
2.170405082706901908e-03
2.258043207392645883e-06
-1.300227219755748908e-03
2.111104044168972665e-03
9.194477346152751807e-08
1.706664890616475252e-05
-1.202344041387111992e-03
1.244330942333959867e-03
7.946484543112457266e-05
1.330619139359760447e-04
-2.771636053397933709e-03
4.855558316665279338e-03
2.650518296641875705e-03
1.089385702042489036e-03
1.263290299029791843e-04
1.449886131483920379e-03
2.776093456645867480e-04
-2.375618894660202986e-04
-1.555639412500845755e-04
6.189398455016388535e-04
5.845109465966487859e-03
1.016035676904389166e-02
1.608814199682543798e-04
3.675767940377649805e-03
1.584012360995937577e-02
1.644524489533279654e-03
3.482874373214631895e-04
0.000000000000000000e+00
2.191557148629108380e-03
9.132971846377365040e-04
2.311123598030266364e-03
4.138519814602567050e-03
1.630785520883781901e-03
7.113113662389528545e-03
7.309302172459434263e-04
4.667479663754973279e-03
7.167219543367918388e-02
8.348596221740370651e-03
3.218500470194082027e-03
1.856660394117248813e-05
1.508339988849042614e-03
4.879544937823284724e-03
2.089679135845419814e-04
1.546073470345040368e-06
4.025814294166996272e-03
1.746021820414611667e-06
3.634164945127175365e-04
-1.930877761439149965e-04
-3.845830326804026717e-03
9.688186877004900666e-04
2.560270164324844003e-03
6.287715407227612453e-04
-2.895462113812226693e-03
2.992646538097180377e-03
9.076389095620621692e-05
-1.219593720268215761e-05
-1.205378444450751598e-03
3.049386520684279397e-04
-8.335673719717107556e-07
7.734022375442458491e-03
-1.535171500223767894e-03
4.567903449157680561e-03
4.239443004398216891e-03
3.789012203633331682e-04
1.526594709826672655e-02
1.056106523746075249e-01
3.808178859217307716e-03
0.000000000000000000e+00
0.000000000000000000e+00
6.223708522232510726e-02
5.700148096016465979e-03
-3.001414167892975989e-04
1.464209909355732900e-05
3.901531002905652573e-04
-1.843649789399659403e-04
-4.088424611546015658e-04
1.119831675799861335e-03
0.000000000000000000e+00
-7.872738565251798386e-05
2.142050641806251751e-03
6.882853038107465713e-07
4.660878251734557271e-04
2.305170389862756103e-02
1.805204980239357274e-06
7.317931253901047714e-04
1.803281346641487023e-02
-1.427684325279917180e-06
2.239229832692269002e-03
1.442931804489896086e-03
2.097399345481957666e-04
1.324546500802788575e-03
3.895807959822509712e-04
2.477360947962322529e-04
7.458129903776366653e-04
2.407917613500195340e-04
2.147562373774921166e-03
1.198045543937024477e-04
2.262839168320011571e-03
1.422931185072410631e-03
2.227988118407076056e-04
2.528608059641390682e-03
-2.786342482616887970e-05
6.684392157950965613e-03
4.185655135765608756e-03
6.248436818183026979e-03
4.218945012488902260e-03
4.246874410073431466e-04
2.388444971638466717e-03
7.271483166735263209e-03
0.000000000000000000e+00
5.443781933506016378e-03
8.248609353570894576e-05
0.000000000000000000e+00
1.801598452149244436e-03
-5.043657445060745339e-05
1.155598191415529996e-03
5.510505443295610033e-03
-4.319746759603078638e-04
