1.376231827823922726e-01
6.727049121665911180e-01
1.420368555343946293e-01
0.000000000000000000e+00
1.707996550164719018e-01
2.995158277616665268e-02
3.846302779978808689e-09
5.491700059183520465e-03
-2.364315598216185869e-03
-1.060869682898014227e-02
-2.828480832430339473e-03
6.571138690720494278e-04
-1.487139681325065459e-02
2.469783259923692947e-03
4.985010459203290632e-03
-4.538274979153452565e-04
2.576594527237648698e-04
5.072932200713320579e-03
3.576184551904722491e-03
9.991501716540380704e-03
3.993865657142784721e-03
-3.429465093541383871e-03
3.214425055885030552e-02
-1.193403690563310526e-03
-4.679142725462363318e-04
-3.118544054922482364e-03
-1.252965492170606552e-03
-1.992035891532325034e-03
9.000985035481990151e-03
7.385707267276386823e-03
1.858886130689925919e-04
2.160147342706190531e-03
2.877597174192165208e-01
3.711337918547341803e-03
8.608093946140001453e-04
0.000000000000000000e+00
6.855363744610035691e-03
4.432410280426609360e-03
6.917427358894393669e-03
9.343536181406946264e-03
-1.616782611928247598e-02
2.353235450757251799e-03
-5.888995723297558950e-04
-5.740463927152542577e-03
