5.420127718678057136e+03
1.769873022122999146e+03
1.471274675007740598e+03
1.994466781480599366e+03
2.622383356857090348e+03
8.990900893031196119e+02
6.159009203474115566e+02
5.700851818520530969e+02
5.474107785027459840e+02
2.057739030339297187e+03
5.799232156712130291e+02
5.382401453420528696e+02
1.484210464054815475e+03
7.343043959651197383e+02
5.896564456673075938e+02
3.023976076243782813e+02
2.888762395851258589e+02
6.856994887829540630e+02
6.193098136252395989e+02
1.011021298783923726e+03
9.746699126296635995e+02
9.186031595901971514e+02
8.764766327405458242e+02
7.661933882550525823e+02
1.399456347983220076e+04
4.404798023145573097e+03
3.811789523054234905e+03
5.168937499509465852e+03
3.642397226277213576e+03
1.140866746596957682e+03
4.086826553185096600e+03
3.848838111593686790e+03
1.016859615566113348e+03
3.668986138843625213e+03
9.533599990270897706e+02
9.517396658510496081e+02
3.628605746521248875e+03
3.559040599975568966e+03
2.824092496479585407e+03
1.547086960593799176e+03
1.450377376749994028e+03
9.698745931709910337e+02
3.449898970190235104e+03
3.321049092714219114e+03
2.382044869633921735e+03
1.401953938317700704e+03
1.276164417618392008e+03
7.295935421223424555e+02
3.445602905168158486e+03
3.327242657398980100e+03
1.381709136960230808e+03
1.186866525124209602e+03
1.059362040760127684e+03
8.208058240390240599e+02
4.381856826000352157e+03
4.061527511882611179e+03
1.863748640265004269e+03
1.307783714573357202e+03
7.721385188750190309e+02
7.514950335301955420e+02
5.447838797208107280e+03
2.404368595647255461e+03
1.459292273260323782e+03
7.537497493279795435e+02
5.267449724514009404e+02
2.123163525583182036e+03
1.386046879329216154e+03
1.371870485622906415e+02
1.386912978407882235e+02
5.341144143810620335e+02
1.369299322107500529e+02
1.947002540327947600e+02
3.091664555629591860e+02
2.992455025756582359e+02
3.908143952900398290e+03
3.207998541740827250e+02
3.070132125267954848e+02
4.491903110518949234e+02
5.963388724054012755e+02
5.730249542463993748e+02
1.990514998815446916e+03
1.027583055497535042e+03
9.811624831367870456e+02
7.615595746256415168e+02
1.522716383509835578e+04
4.336692615150920574e+03
3.617308984380592847e+03
5.244374911756950496e+03
3.900323233353376054e+03
1.109311848713145537e+03
3.568335224104024746e+03
3.393693314117832870e+03
1.237342596120006192e+03
3.601978395689341141e+03
1.286540495496698895e+03
1.173364516568219415e+03
3.613245085107165323e+03
1.112614819496817063e+03
6.727603348153312481e+02
3.494228201449556764e+03
3.339375519731461736e+03
2.144263154748613033e+03
1.570919693273141775e+03
1.268622674874929999e+03
9.779415605636467035e+02
3.616210200340852225e+03
3.376587527748626599e+03
1.859733880188491867e+03
1.712742967596401513e+03
1.323561268245070323e+03
6.383942951342252172e+02
3.467122462996812828e+03
3.372685671652672681e+03
1.251934424460336913e+03
9.480868610270875934e+02
8.927126125310225007e+02
8.636617332337842754e+02
1.238267295582993393e+04
4.011529776668910472e+03
3.173896208079669350e+02
3.533367337554103415e+03
3.508343150177059215e+03
3.443129383671173400e+02
4.644141824304134616e+02
5.563538343484915458e+02
5.437635706224257319e+02
1.398761353254790265e+03
2.652657134247152726e+02
5.471036315675777360e+02
5.217404968507991043e+02
3.312355152045079194e+03
2.166363520017181145e+03
2.446449006136872129e+02
3.363129787129869896e+02
2.739578195351547492e+03
2.556114931989006607e+02
4.330012027000290686e+02
5.410803160692984193e+02
3.685494801693179397e+03
2.509146984151844208e+03
8.960247615449787872e+02
7.696010956492068544e+02
1.417727563245568672e+04
6.116336721682354437e+03
2.895853922192249684e+03
8.614751899164233691e+03
3.382979404476765922e+03
2.279317190641171237e+03
3.744834239102206084e+03
2.087220171755292995e+03
3.064569327629754412e+02
3.641658571495021079e+03
1.648601873980265509e+03
1.116427843311710376e+03
1.165898907833059093e+04
8.709018128858204363e+03
4.734218664037060989e+03
3.856571530599573180e+03
3.597637780673651832e+03
2.762010553743182754e+03
3.519464850127691079e+03
3.463265195122089153e+03
2.757807974080543772e+03
1.515509137425089421e+03
1.446629531993709179e+03
8.611269094810327260e+02
3.481666356275733506e+03
3.334648460316564524e+03
1.274766782447975174e+03
9.772486449784339584e+02
9.547227989688238949e+02
8.892760074208301830e+02
3.597933830967639096e+03
7.036144127048139580e+02
6.117140429345189432e+02
5.615853586946644782e+02
2.909675840584741309e+03
2.532976928884553672e+03
9.268338761191862432e+02
5.492593239453649403e+02
1.687877435090937297e+02
4.224819530778074750e+02
5.332437356583761812e+02
2.976862700737526211e+03
5.283713723214273159e+02
3.179849774863548646e+02
2.021469566700021687e+02
5.470437124291875080e+02
4.393903932715763858e+02
5.232087914857086162e+02
1.861430317957735724e+03
6.372118149165424938e+02
9.260155726696058309e+02
8.598356334027181447e+02
8.273059868255807032e+02
1.412728467582356643e+04
3.670702862438474767e+03
3.489432405284249398e+03
3.839710080073517020e+03
2.270151611274357492e+03
1.464464887090792445e+03
3.557018123675333754e+03
1.724547470301942212e+03
9.726935597179606248e+02
3.658944339350515293e+03
1.231897716678384541e+03
6.882806070861432772e+02
3.500798910467264250e+03
1.220921242673921824e+03
2.577043809376359036e+02
6.305237879553322273e+03
3.533724640373439343e+03
3.352339661151951532e+03
1.288429066498858674e+03
1.130889496687945439e+03
9.084140021741346800e+02
3.626962184200240245e+03
3.569580385071606543e+03
2.802181986095883076e+03
1.692238725859585657e+03
1.471864060713562367e+03
8.414459804819119881e+02
3.460277687418939422e+03
3.327581167151647151e+03
1.374138534482152863e+03
1.162431197539414370e+03
1.083179566019324739e+03
9.257859021058209237e+02
3.481170112900230833e+03
3.367896826503041211e+03
1.287716181792259249e+03
1.121480453869222174e+03
9.978800623855970571e+02
5.953418546808225074e+02
5.326160491936864673e+03
1.552499008693040196e+03
5.690988250837706346e+02
7.349050927409408587e+02
5.440112127748383273e+02
3.385161327335438727e+03
1.418232082261024743e+03
3.769790178174156949e+02
5.487290317337428860e+02
5.181309940957429490e+02
3.288610424636242897e+03
1.027978312655368882e+03
5.857570579393771482e+01
2.722929335373863978e+03
5.138209590169346939e+02
6.193851536482347910e+02
5.910002924368118329e+02
3.862265653594745800e+03
1.005419399465674019e+03
8.494227789614087669e+02
7.765629106448349148e+02
1.467048189526235910e+04
4.054897981212290688e+03
3.672559903896730702e+03
5.626904458577078913e+03
3.622743285605391520e+03
8.917080027230216501e+02
3.703367526035703122e+03
1.037197464250302346e+03
4.410191226932259951e+02
3.645601073234329760e+03
9.223458158091170844e+02
3.081344006292247286e+02
9.546390188151881375e+03
7.095070413398086203e+03
4.016153498115279945e+03
3.698365633230861022e+03
3.254373127699595443e+03
1.108688891837285155e+03
6.870055456603598032e+03
3.586211279696351085e+03
3.535113656266446924e+03
1.703429750970079112e+03
1.574960868878584051e+03
1.279250846432478738e+03
3.651322627745056252e+03
3.537852541422412287e+03
3.115105486299114546e+03
1.494658008058914675e+03
1.372283327157847680e+03
1.262044315667475530e+03
3.434686545326014311e+03
3.289356414987339122e+03
2.689335478958073054e+03
1.567699792410768168e+03
1.363722019814927762e+03
9.985556197116923158e+02
3.502668030174394517e+03
3.364617488532975585e+03
2.128749916062079592e+03
1.509916299009286831e+03
1.137646252172323557e+03
9.702579293938017599e+02
3.447218831814584973e+03
3.308897157537327530e+03
1.628063951806642535e+03
1.401861266049373171e+03
1.245132745925931431e+03
7.895108641084274268e+02
3.469713725786903069e+03
3.361076189685901682e+03
1.266256077030489678e+03
9.747241877657879741e+02
9.595718697005004287e+02
9.253062035876747586e+02
