5.757174783180590566e+03
1.815519306346856183e+03
1.641462916161101248e+03
7.775001506941930529e+02
1.954796711383307638e+03
8.062335551643453755e+02
6.753528144955827202e+02
6.236897537453144196e+02
5.651470655483119572e+02
1.941721560144341311e+03
2.178229762688874587e+02
5.617050029834271072e+02
2.021675188760474612e+03
7.791369732801832697e+02
7.809701573182230732e+02
2.941095961016849287e+02
2.875860000261584446e+02
1.768878157531487432e+02
6.712942944454380267e+02
9.535224000354443206e+02
9.968411105743510916e+02
9.073067201673269437e+02
8.668665267901735660e+02
7.238258014469402042e+02
1.705999507990534767e+04
4.818679663203765813e+03
3.171724901036985102e+03
5.468195145352942745e+03
3.686482292368243179e+03
1.487330578470703585e+03
3.884947291553127798e+03
3.736890324046602927e+03
9.637946386993266970e+02
3.615726241809118619e+03
1.042091615478540461e+03
9.705766379638079115e+02
3.532978685787721588e+03
3.403817570924829397e+03
3.059104146275719359e+03
1.444052724457913882e+03
1.255196316541762599e+03
1.007399146254207039e+03
3.485237497422185243e+03
3.387079828564502805e+03
1.351861772953414402e+03
1.118186570727796152e+03
1.060388446803824991e+03
1.040376529698960667e+03
3.494687479828854066e+03
3.392568050601592404e+03
1.421967278804615717e+03
1.140342848706117366e+03
9.137245642882650145e+02
6.854666725945708095e+02
3.477119332027806195e+03
3.366455163682759121e+03
1.244055318876253295e+03
1.016035068011253998e+03
9.846642329303695078e+02
9.091259858564420711e+02
5.804866504143472412e+03
7.581821202483669140e+02
1.189140372810669078e+03
7.477767461308667407e+02
5.541150428887747239e+02
1.868646829279614849e+03
1.377350361316212229e+03
5.821241480069791123e+02
5.922849930957390825e+02
6.575780703496272963e+02
2.534690717016671613e+02
2.528677726339986407e+02
2.985091225769342600e+02
3.460916841263484685e+02
4.081190299284563480e+03
3.207523449583193269e+02
6.391243955702287849e+02
6.870854850627673613e+02
6.572966588866335087e+02
5.895948005460783179e+02
6.804880026001920896e+02
9.973711538468901381e+02
9.830435325805153752e+02
7.616730152815147221e+02
2.170737794547889280e+04
3.253236261174667561e+03
3.017158815232114193e+03
5.288297290763028286e+03
3.315820228015998964e+03
9.610345853516316765e+02
3.593596682982282800e+03
3.238647120052439732e+03
8.916892605041888373e+02
3.624865408215357547e+03
1.260041197123058055e+03
5.965325584092192912e+02
3.618931522395441789e+03
1.095882923550071155e+03
8.715703114559660207e+02
3.469565722997374905e+03
3.395211436156524542e+03
1.361738553086086313e+03
1.259115605139964373e+03
1.044950926924489295e+03
3.876668798095090551e+02
3.472303155319006692e+03
3.368818675121003707e+03
1.245216483938402462e+03
1.001036846082777629e+03
9.941635513495017449e+02
9.157514219171872583e+02
3.473154830772559762e+03
3.368137755921426560e+03
1.229285691514681048e+03
1.016263118490679517e+03
9.196987053812315480e+02
8.364113328511108421e+02
6.006523885413023891e+03
3.550807800246339866e+03
7.695615317242344418e+02
4.516908558934241228e+03
3.935635140257445073e+03
1.761976904736622203e+02
4.281347713229675378e+02
5.814918107362379942e+02
5.818197837882637486e+02
1.888733644546538926e+03
4.404415210712829207e+02
5.630433279858146989e+02
4.688843016220785671e+02
3.192259754288053500e+03
2.859021473905748280e+03
2.757469368361042257e+02
2.821990067482481663e+02
2.016367363538351356e+03
3.156477920124579555e+02
5.184454019742979654e+02
5.900633144194515580e+02
4.118991513063438106e+03
2.582418182303982576e+03
7.021666794272846346e+02
7.483256390474494992e+02
1.256192439655752423e+04
8.623690431349095888e+03
3.810750291471832497e+03
1.241752358582245870e+04
3.660040791183218062e+03
2.650881145013564492e+03
3.619051282551194163e+03
1.516914965010146716e+03
1.241418859976496833e+03
3.623935598706152177e+03
1.534880435056548777e+03
1.223122331235659431e+03
7.980866788040683787e+03
7.184848490326648971e+03
3.668938129326314993e+03
3.365603362988125809e+03
3.016450892755926816e+03
1.261644321582742350e+03
3.476142341442312954e+03
3.385434189618515120e+03
2.852327770988559678e+03
1.611993461774146681e+03
1.438277159199801417e+03
5.109951660621433689e+02
3.473195699206170502e+03
3.368708895142387519e+03
1.247952348306671865e+03
1.007439459437202686e+03
9.646865726880266720e+02
9.147336818202037421e+02
4.593010683592024179e+03
6.895896364742700371e+02
6.245023960505676541e+02
5.704956797636881447e+02
2.745099850627410888e+03
2.326026681589032250e+03
1.451711502572141512e+02
3.402404288578901514e+02
1.195129039956771493e+02
4.977839546452768786e+02
5.395191849510860038e+02
2.612187132264552474e+03
4.915036753834041861e+02
2.868419290807763105e+02
5.704958003351871412e+02
6.760304267061119390e+02
6.757260176969826944e+02
6.615976122643386361e+02
1.192649083521001785e+03
2.022959935605460942e+02
9.899910397767616814e+02
8.221162434121218894e+02
7.668440327964360677e+02
2.033040300057506101e+04
3.608336562632787263e+03
3.271212518343835200e+03
3.624784735747254672e+03
1.437499867016212420e+03
7.915489938573196014e+02
3.668514290363487362e+03
1.194813292680005134e+03
5.290180184603711950e+02
3.635938630642562657e+03
1.049867948902678108e+03
9.579954816971035143e+02
3.616037583836479371e+03
8.640751789369627431e+02
8.590773617478030246e+02
5.540796341565078365e+03
3.534998981553130307e+03
3.043977565369248623e+03
1.767211881293041642e+03
1.661492781969639736e+03
8.390374719326603099e+02
3.503586685633365960e+03
3.392136573384550047e+03
2.800057002970592293e+03
1.278660994076602492e+03
1.146180879087975200e+03
8.848601699896385071e+02
3.473205135384391269e+03
3.366276631197794813e+03
1.288698741051117167e+03
1.102731740703715104e+03
1.002323429352483799e+03
7.529145846516612437e+02
3.474024911236533626e+03
3.369982651774535043e+03
1.262497690635713980e+03
1.042610281754520429e+03
9.850365304217482390e+02
9.440847696257019379e+02
7.007337424250788899e+03
9.931531332341126017e+02
6.500607536001324434e+02
7.665739803575772839e+02
6.554945308259063950e+02
3.207450790497177422e+03
1.273380203755279126e+03
5.524714722208135527e+02
5.564101389872677146e+02
4.930268897159964467e+02
2.854437578046549788e+03
1.134732718666352866e+03
1.025776478654208290e+02
2.702144044249345825e+03
5.624331661067466257e+02
6.329151593992022526e+02
6.343791399661193964e+02
2.490312026758566390e+03
1.052165143193196855e+03
8.405169026808821400e+02
7.611741098743069642e+02
1.922164000005938942e+04
2.485864068819164004e+03
2.301494507984423763e+03
4.223579016125956514e+03
3.008249385368549611e+03
1.364562598408593658e+03
3.614412249276877901e+03
1.001753438724095076e+03
9.826094389292823053e+02
3.614911090463577693e+03
1.070704257378370357e+03
9.341394682206630478e+02
1.346686583116082511e+04
5.559647084698186518e+03
3.955664757244499469e+03
3.060051672068577773e+03
2.972605393006567738e+03
2.349943268282077042e+03
8.768217732162616812e+03
3.513499600685653604e+03
3.456601559742460267e+03
2.047379859522899096e+03
1.875990057535541155e+03
1.190957740953698249e+03
3.503568502524538417e+03
3.219850539470919102e+03
2.988233325998912733e+03
1.819426961815593359e+03
1.118801610543322113e+03
5.475478760130936280e+02
3.124166571670825761e+03
3.036766512797907581e+03
2.464719529371352564e+03
1.898027960203594148e+03
1.079010196958317238e+03
9.990796882311129821e+02
3.162660933011905854e+03
3.063045371875678029e+03
2.715498411021118955e+03
1.966226525555194939e+03
1.038909250377089165e+03
9.457575634285494743e+02
3.478090092024665864e+03
3.369178864981775860e+03
1.300332931304177237e+03
1.221249150991609667e+03
1.020592485183361759e+03
6.518754157913255085e+02
3.473278901440725349e+03
3.368082687702471048e+03
1.246106591119268387e+03
1.011827057808569180e+03
9.768673262878833157e+02
8.905487172467820756e+02
