6.438134659807332773e-03
8.967998216205400400e-03
5.922809694151690008e-02
4.253892320271806908e-03
2.429633382774074805e-04
3.735354500041594044e-04
8.903494780259266024e-12
3.477670647475655102e-04
1.436783495077713921e-03
3.170511853632370183e-04
5.639514258543825277e-05
7.276527228620398573e-05
3.320932051896260256e-04
2.207520921325896467e-04
3.957779244704296676e-05
1.030370766329216300e-04
6.593411243169859876e-04
3.935107575221297323e-04
8.831552422563624554e-05
5.233946300130042735e-04
1.847693654951192155e-04
1.596833738496911766e-04
3.226317432896502421e-04
1.790053377433986897e-04
6.644797911181551898e-04
7.452138342966967458e-06
5.046769403224250723e-05
5.046913159752377246e-05
1.953308358081677003e-04
1.273899764499888303e-03
6.000004451142153987e-04
9.336525049950205029e-04
9.239161303479946977e-03
6.200002702057263104e-05
2.053378950141388545e-04
0.000000000000000000e+00
3.550252434364121112e-04
1.792235919632126622e-03
2.432099001040578660e-04
8.210688588751865677e-04
2.934873033174304618e-04
3.720373372198563979e-04
7.663383420835640381e-04
2.894536469091545084e-04
3.992914643638887165e-03
2.815061083411185181e-04
4.780618946779479944e-04
1.796129970045889202e-06
3.087123246821510598e-04
1.168429849770459203e-02
1.748949062870312236e-05
1.000381398026075670e-05
3.807357296253631581e-04
3.748441363943610065e-05
1.380385911846932412e-03
6.441058015163533563e-04
4.497397534172238977e-04
5.972377301661358578e-06
1.941589290944361452e-04
4.841287323130311353e-04
2.720085668415194066e-06
8.376796927887195402e-04
3.488490523371573200e-04
2.192422137572070499e-06
4.881569615397076713e-04
2.660414452117867176e-04
1.008324538381298462e-06
5.068032931884078026e-04
4.066629615168534186e-05
5.023013531092672228e-04
3.737789945726631706e-04
2.492969238099828093e-04
3.039524552988867850e-03
1.363031553632156057e-01
2.177240931191569157e-03
0.000000000000000000e+00
0.000000000000000000e+00
1.499633921806550578e-03
1.594416797293956309e-03
4.336006420899699205e-04
5.708407889606338876e-04
2.377453547151325191e-04
6.696280669840989517e-04
2.556793203004316070e-04
6.905448793332630286e-01
0.000000000000000000e+00
6.114979280012031378e-06
9.121546843403415374e-04
1.463093192051344398e-05
9.057457213643984543e-06
3.025163405680934901e-04
7.134446334808001225e-06
2.745123356720883005e-04
2.305067491065053084e-02
8.486188062970105413e-06
4.517312451496593366e-04
2.193417975460683605e-03
2.489750832380899985e-04
1.915455946815576289e-04
4.421984247553772843e-05
2.331644845282736017e-04
3.596413933346209041e-04
2.350895789607667033e-05
2.707766706287504732e-04
4.465433644857992189e-04
8.744276365595604833e-04
6.288909682008274587e-04
5.478237915890025711e-06
6.501985023301576653e-04
2.231532263771478990e-04
1.383226564078012097e-04
3.382749598075548937e-04
3.413149899576565995e-04
4.572176993296549999e-04
1.378500488242688201e-03
2.520774492950711106e-04
1.349296611534943065e-04
0.000000000000000000e+00
2.722987379828523732e-04
4.394235794166759181e-04
0.000000000000000000e+00
3.060847572058881388e-04
6.239749510934093510e-06
9.670894654170778259e-06
2.724354285123627967e-05
1.350770613197823388e-05
