2.680903760047515334e+03
1.730901871700395532e+03
7.532007608190110659e+02
1.005291507394368011e+02
1.015670423668605849e+03
5.384733455240051399e+02
1.273665202848490736e+02
2.206563402636397200e+02
2.199699068972682880e+02
1.098084870030597585e+03
3.615746810258613664e+02
2.262357084250342041e+02
2.770955084981812320e+02
4.057692346545462669e+02
2.333814472566111249e+02
1.624174382040751254e+02
1.671739070593258134e+02
2.194906507569189387e+02
1.303887661334201482e+02
2.436810354460268968e+02
3.522253310353087272e+02
3.528207831344157626e+02
3.551377699161587316e+02
4.537743219690431715e+02
4.163034530315009761e+03
2.808321123576207810e+03
1.755955231725834210e+03
2.932631576747339295e+03
1.453734549227593789e+03
1.188436362354338144e+03
9.028840018901593112e+02
7.309702522249820049e+02
5.142223245135637626e+02
1.451929519623909982e+03
1.248370908939213678e+03
6.481718664983989129e+02
2.861916660659665013e+03
2.168008785211308805e+03
1.272269512102174076e+03
1.160709038245028978e+03
1.068351136232410227e+03
8.452734303144183059e+02
1.592370577804438881e+03
1.207373715586133130e+03
9.239739655458319021e+02
5.415050054120653158e+02
4.018302491185175995e+02
2.948643412181826307e+02
2.419180108322767865e+03
1.418576562970403074e+03
1.031601512185699676e+03
7.329449287046662675e+02
5.974265231864873158e+02
3.677511367267975970e+02
2.389589368796667259e+03
1.520745266360540882e+03
1.089498591534151501e+03
4.417112518694312939e+02
4.026933042028494469e+02
3.227118651131679030e+02
2.699903486296941992e+03
8.070362650081461879e+02
1.925019317069178157e+02
2.309064080132504273e+02
2.253140180763842864e+02
1.637732115185627890e+02
5.640485154900895850e+02
4.169869572430185940e+02
8.275104564371667948e+01
2.678647709063114917e+02
1.290390310612786777e+02
8.051474124658111009e+01
1.510131858222295307e+02
1.632547261432805499e+02
1.832544260250856496e+03
3.159174542216297823e+02
3.472681719263546256e+02
3.473932720990505914e+02
2.037718328168090807e+02
2.341983123738688448e+02
2.388861967683213607e+03
1.267136097817487013e+02
3.445734861319120341e+02
4.916071073120442065e+02
8.741366518018096031e+03
4.279947803699345059e+03
1.598368092156687226e+03
2.989779667350530872e+03
1.716763940689507990e+03
1.087015398159945562e+03
9.079981910281832143e+02
7.929258456728825877e+02
2.797348430977321527e+02
1.355517590489933809e+03
7.731760844241728137e+02
6.008240155192647762e+02
1.846518390281318034e+03
1.291870125831332416e+03
1.860322853329405746e+02
2.601066525329716114e+03
1.602557350344825863e+03
1.121904634456841450e+03
9.055467614227196691e+02
8.347478659245667814e+02
5.822808646432400792e+02
2.386048118179131507e+03
1.481445157169799586e+03
8.874327703292460683e+02
7.812561228271144955e+02
4.147223113375201251e+02
3.380005038853793735e+02
2.410648553939492103e+03
1.483149643769531394e+03
1.061516508691589024e+03
4.637255633476211187e+02
3.777522887573243793e+02
2.795688385084672518e+02
7.790370238513220102e+03
2.413873574974972598e+03
4.528624225322754882e+00
1.575506486807845022e+03
1.422048024085809175e+03
2.113698755529727578e+02
2.465183322294072923e+02
2.184682267817997570e+02
2.124645836039903202e+02
7.829282748775224263e+02
1.341876465895832098e+02
2.119812737300265724e+02
2.377562662249992798e+02
2.498678748717628423e+03
7.787688201206425447e+02
1.248648433502727784e+02
1.317702489771498335e+02
3.093373383984084626e+02
6.033975463395601935e+01
2.481074438020327193e+02
2.310170716657224261e+02
1.911799829461478453e+02
2.761975544190081109e+03
1.632084118121200618e+03
4.811164041652136802e+02
2.448921028698881855e+03
1.899272067581912552e+03
5.274927744229547670e+02
4.323413110050944852e+03
1.313044360472559902e+03
8.521500307413477913e+02
1.402052631798509765e+03
3.819343831559774571e+02
2.743087765586794262e+02
1.215694472628038284e+03
6.131135198216147728e+02
9.512959679098084109e+01
1.176811444166074034e+04
4.416101668616985080e+03
1.455810120359394205e+03
1.117065903102109360e+03
5.984143848174084042e+02
2.196334380661369323e+02
2.881593166159480916e+03
2.292660622191167022e+03
1.412193730015022766e+03
1.305989057316514163e+03
9.905568086053624484e+02
9.827040460063790306e+02
2.453716473094385037e+03
1.483980492580898272e+03
1.007555610343339481e+03
7.466462781647446718e+02
4.195087029472754239e+02
3.694679788648845147e+02
1.497796666915512105e+03
1.595471867922537115e+02
2.282941614274165545e+02
2.161306446337490570e+02
4.398403569735557994e+02
9.132477726919211136e+02
5.737679884601882350e+02
3.817684621862231893e+02
3.681243487352776356e+02
1.220748542699273287e+02
2.354509276945281613e+02
1.342425260742810678e+03
3.971021782442854686e+01
1.476356332814709447e+02
7.047698357731468377e+01
1.332265482899005065e+02
1.031471724665674259e+02
2.079370249955775876e+02
2.112365240544243534e+03
1.894151401780769902e+03
3.866977705598449688e+02
4.620499546982665038e+02
4.518796429969352744e+02
9.902837870140185260e+03
4.190176530675672439e+03
2.852791020312512501e+03
1.265279782758899728e+03
4.119547178337670061e+02
1.956501812831621692e+02
9.047241530847409194e+02
8.001504502199998115e+02
3.769576113238917969e+02
1.553567756980710556e+03
7.942663773169647357e+02
1.969757644320321788e+02
2.317816454240560233e+03
1.387107685904763684e+03
5.936241583777936057e+02
2.131077930153741363e+03
1.729273936091453606e+03
1.447385066268526998e+03
1.055413028511764878e+03
5.901212199574977149e+02
4.010344151306603635e+02
2.842501067401813089e+03
2.150923263332299484e+03
1.238539163054386108e+03
1.159755870112788671e+03
1.091283814903591292e+03
9.515783128388166006e+02
2.454155546787956609e+03
1.508169911081891314e+03
1.060458447788379317e+03
5.253051633168187209e+02
2.542061383271840214e+02
9.728574343335432673e+01
2.375710351212792375e+03
1.460882449400499809e+03
1.070548824786934347e+03
4.660074451369968074e+02
3.747506372557311920e+02
1.242871001156933630e+02
2.718686129689509016e+03
8.100433976731651455e+02
1.947294957610840811e+02
2.222318382395298499e+02
2.231475125652272595e+02
1.221896803359917158e+03
7.791724517113252659e+02
3.864798775911750113e+02
2.113308870053355690e+02
2.372002329576767465e+02
1.078337204928525352e+02
4.796503855507252183e+02
9.634839951598083019e+01
2.021055440802055330e+02
2.656519741497656355e+02
2.927347909891924473e+02
2.418664347668942582e+02
9.131116696773400463e+02
2.701019690302163667e+02
4.583299061794059526e+02
4.761972665439147363e+02
7.653798943740190225e+03
2.726160602277825546e+03
8.869374791848887298e+02
2.299373686496981463e+03
1.583064659531168445e+03
1.046088874545396266e+03
1.338398772514123038e+03
1.149312484863080954e+03
6.635345576806779491e+02
1.502160150537372147e+03
1.417210393898099937e+03
1.915596279548542498e+02
7.638381195890150593e+03
3.330816869125310404e+03
3.080830973609638477e+03
1.195411007149404213e+03
9.802036095275475418e+02
1.280862723736950386e+02
1.957757964956214664e+03
1.745311225351277471e+03
1.317278145436614750e+03
9.942720052313738961e+02
8.199065905758832287e+02
3.537569946164875887e+02
1.396876218100095230e+03
1.202306635474865516e+03
9.029804604026371635e+02
6.889749473410548717e+02
4.833076733241157967e+02
3.914675516820497023e+02
2.255633878347533482e+03
1.944710953165202227e+03
1.187897841567550586e+03
1.079134062319596751e+03
8.804746213689147680e+02
6.478162032034022104e+02
2.649753537550891906e+03
2.112872416655750840e+03
1.219270353121157086e+03
9.126959997172356225e+02
8.408368819989653957e+02
7.746011625192049905e+02
1.856602744616988275e+03
1.385445422805727503e+03
8.994152155666184854e+02
4.829747730924260054e+02
3.496421003796932609e+02
3.308300697449346899e+02
2.408697132399433031e+03
1.548236747685897853e+03
9.416961654741495522e+02
6.216824934031953944e+02
5.220378095618617635e+02
4.292611818278278406e+02
