-9.379138896851293983e-02
-9.175501520299998715e-02
-1.300203573769299903e-02
-6.718322356548664387e-03
-4.681948830009191598e-03
1.020067328615095859e+00
-2.717090594701945805e-03
-2.299391390679824450e-03
-1.339245476579816602e-03
-9.215462790444284898e-04
3.714529051003968851e-02
5.096347654356334633e-01
-1.784531676573714032e-02
-6.142847113097480707e-04
-6.097344390564560278e-04
-2.605858244544463631e-04
6.252160645837004371e-02
6.252615673218803183e-02
-3.927471398573645356e-01
-3.884647248353988447e-01
-2.369675415429917109e-02
-1.001678971612579572e-02
3.099814158773761541e-02
1.923778604560110850e+00
-1.338084525982136119e-01
-1.270908897466213050e-01
-2.889916174646607605e-02
3.824894172375997714e-03
1.054245704665790484e-02
1.073896093014264919e+00
1.438569780843585236e-02
2.066359021682639963e-02
2.132892436552189311e-02
2.279106294186242221e-02
2.973428946437694717e-02
1.249750593836420898e-01
-2.781734746067041075e-01
-2.546377296762284415e-01
2.285574609603335805e-02
4.639149028686129217e-02
5.502970050392619328e-02
1.579662914749443425e+00
-4.974996546856111368e-03
-4.585579208939663531e-03
9.572198275343508922e-03
4.097964735370407396e-02
5.656783383706150137e-02
2.695178381190214134e-01
-1.783840452014087349e-02
3.587050998685066550e-04
6.576258177947956474e-04
6.958844638157261897e-04
5.799445097619805589e-02
5.829337191713059030e-02
-4.551700346205817538e-01
-4.537050987433740024e-01
-1.559204432878526503e-01
3.780992199167382273e-02
3.927485786347473251e-02
2.036566254394656994e+00
-4.311920776996089333e-03
-1.008422082916658920e-03
9.991503555238038375e-04
6.310445204951020681e-02
6.511202448934796938e-02
1.248434564968644578e-01
-1.699808519019118877e-02
-9.579837780043128082e-04
-2.558545822828051097e-04
5.866457171461864073e-04
5.955437361220000669e-02
6.025650281446555401e-02
-7.323060866672932712e-02
-7.293390953576991964e-03
2.022229327769148322e-02
2.934812448931017892e-02
5.686380871525274772e-02
3.321372449940522831e-01
-3.290788515065171116e-02
-2.284699754184150305e-03
1.459638709794794376e-02
5.096663391722303788e-02
6.677906503189889875e-02
1.514090771504328636e-01
-7.912783743647655230e-03
8.336702016603145596e-03
1.841645028028148640e-02
3.466593604005632073e-02
4.804730606337613563e-02
1.563522134053293156e-01
