-7.769994783957409612e-02
-7.769994780000004375e-02
-1.197737668406174323e-16
-4.170484532344774507e-17
6.915261162722965882e-17
9.216660358395736274e-01
-1.067348773992163833e-17
-2.399433477896234084e-18
9.861759465166666126e-17
1.454478178222348358e-02
1.454478180000001210e-02
4.634452502177763833e-01
-2.155736000315154610e-02
-3.439228259029369562e-17
2.817529782423095815e-17
5.539434610664862052e-17
5.799815219999997912e-02
5.799815220315159697e-02
-3.144193020357006207e-01
-3.144193018508350534e-01
-2.997767713607099735e-16
-1.874568484911060750e-16
-4.764806083497552224e-18
1.870883685286532483e+00
-7.769994783957409612e-02
-7.769994780000004375e-02
-1.197737668406174323e-16
-4.170484532344774507e-17
6.915261162722965882e-17
9.216660358395736274e-01
-3.214461740332788531e-02
-2.593884945202465592e-17
2.139140753980400483e-17
5.903517240866358931e-17
5.189646379999998671e-02
5.189646380332792186e-02
-9.252101697901611299e-01
-9.252101696000002429e-01
-7.531755550384247788e-16
-5.567522237752329176e-16
2.453712676376310337e-16
3.877062923790160376e+00
-1.383930281442062312e-18
1.971953483321346877e-18
2.681435682901108832e-17
5.259351499112716044e-02
5.259351499999995183e-02
2.766785690088726657e-01
-2.155736000315154610e-02
-3.439228259029369562e-17
2.817529782423095815e-17
5.539434610664862052e-17
5.799815219999997912e-02
5.799815220315159697e-02
-3.144193020357006207e-01
-3.144193018508350534e-01
-2.997767713607099735e-16
-1.874568484911060750e-16
-4.764806083497552224e-18
1.870883685286532483e+00
-2.817936368577297892e-18
4.765693025871702134e-18
1.009930716856995920e-17
6.674868979762157983e-02
6.674868980000005225e-02
1.267851866023781970e-01
-2.155736000315154610e-02
-3.439228259029369562e-17
2.817529782423095815e-17
5.539434610664862052e-17
5.799815219999997912e-02
5.799815220315159697e-02
-1.383930281442062312e-18
1.971953483321346877e-18
2.681435682901108832e-17
5.259351499112716044e-02
5.259351499999995183e-02
2.766785690088726657e-01
-2.817936368577297892e-18
4.765693025871702134e-18
1.009930716856995920e-17
6.674868979762157983e-02
6.674868980000005225e-02
1.267851866023781970e-01
-3.214461740332788531e-02
-2.593884945202465592e-17
2.139140753980400483e-17
5.903517240866358931e-17
5.189646379999998671e-02
5.189646380332792186e-02
