2.508225471442970919e-04
-1.313286705464793433e-09
-8.755244702962869448e-10
-2.508225471442970377e-04
1.313286705444755603e-09
8.755244702962872550e-10
-1.313286705464793433e-09
6.876240040188050912e-15
4.584151214476922041e-15
1.313286705426468087e-09
-6.876291025725484778e-15
-4.584160656243112855e-15
-8.755244702962869448e-10
4.584151214476922041e-15
3.056141094520364876e-15
8.755244702986411008e-10
-4.584158767889874535e-15
-3.056118434281505423e-15
-2.508225471442970377e-04
1.313286705426468087e-09
8.755244702986411008e-10
2.508225471442970919e-04
-1.313286705446506124e-09
-8.755244702986407906e-10
1.313286705444755603e-09
-6.876291025725484778e-15
-4.584158767889874535e-15
-1.313286705446506124e-09
6.876264588780148290e-15
4.584160656243112855e-15
8.755244702962872550e-10
-4.584160656243112855e-15
-3.056118434281505423e-15
-8.755244702986407906e-10
4.584160656243112855e-15
3.056142982873603196e-15
1.261221674678070876e-04
-6.603636290920432585e-10
-4.402611499129091437e-10
-1.261221674678071419e-04
6.603636290718342021e-10
4.402611499129089886e-10
-6.603636290920432585e-10
3.457600272100352384e-15
2.305171572990242399e-15
6.603636290512021463e-10
-3.457607353424996086e-15
-2.305172517166861560e-15
-4.402611499129091437e-10
2.305171572990242399e-15
1.536840767831322962e-15
4.402611499131398237e-10
-2.305172517166861560e-15
-1.536841712007942122e-15
-1.261221674678071419e-04
6.603636290512021463e-10
4.402611499131398237e-10
1.261221674678070876e-04
-6.603636290714109959e-10
-4.402611499131399271e-10
6.603636290718342021e-10
-3.457607353424996086e-15
-2.305172517166861560e-15
-6.603636290714109959e-10
3.457608297601615246e-15
2.305171572990242399e-15
4.402611499129089886e-10
-2.305172517166861560e-15
-1.536841712007942122e-15
-4.402611499131399271e-10
2.305171572990242399e-15
1.536843600361180443e-15
-5.866628187911402950e-06
3.072115602609982312e-11
2.048568685523745068e-11
5.866628187911372457e-06
-3.072115602520684933e-11
-2.048568685523754439e-11
3.072115602609982312e-11
-1.608574822515488983e-16
-1.072754591147192086e-16
-3.072115602870763278e-11
1.608782541371702274e-16
1.072782916445766649e-16
2.048568685523745068e-11
-1.072754591147192086e-16
-7.151854637084473136e-17
-2.048568685651627514e-11
1.072697940550043085e-16
7.151193713451067097e-17
5.866628187911372457e-06
-3.072115602870763278e-11
-2.048568685651627514e-11
-5.866628187911402950e-06
3.072115602960060657e-11
2.048568685651607158e-11
-3.072115602520684933e-11
1.608782541371702274e-16
1.072697940550043085e-16
3.072115602960060657e-11
-1.608631473112638107e-16
-1.072764032913383689e-16
-2.048568685523754439e-11
1.072782916445766649e-16
7.151193713451067097e-17
2.048568685651607158e-11
-1.072764032913383689e-16
-7.153742990322775224e-17
5.091430009426517597e-04
-2.665815336021132344e-09
-1.777210223838547406e-09
-5.091430009426516513e-04
2.665815335993614526e-09
1.777210223838547199e-09
-2.665815336021132344e-09
1.395797870526942745e-14
9.305177825078952224e-15
2.665815335991794315e-09
-1.395778845368066902e-14
-9.305132504601232530e-15
-1.777210223838547406e-09
9.305177825078952224e-15
6.203708699426376855e-15
1.777210223839383272e-09
-9.305151388133615736e-15
-6.203663378948657950e-15
-5.091430009426516513e-04
2.665815335991794315e-09
1.777210223839383272e-09
5.091430009426517597e-04
-2.665815336019313374e-09
-1.777210223839383893e-09
2.665815335993614526e-09
-1.395778845368066902e-14
-9.305151388133615736e-15
-2.665815336019313374e-09
1.395785501813231903e-14
9.305106067655896042e-15
1.777210223838547199e-09
-9.305132504601232530e-15
-6.203663378948657950e-15
-1.777210223839383893e-09
9.305106067655896042e-15
6.203618058470939045e-15
2.508225471442970919e-04
-1.313286705464793433e-09
-8.755244702962869448e-10
-2.508225471442970377e-04
1.313286705444755603e-09
8.755244702962872550e-10
-1.313286705464793433e-09
6.876240040188050912e-15
4.584151214476922041e-15
1.313286705426468087e-09
-6.876291025725484778e-15
-4.584160656243112855e-15
-8.755244702962869448e-10
4.584151214476922041e-15
3.056141094520364876e-15
8.755244702986411008e-10
-4.584158767889874535e-15
-3.056118434281505423e-15
-2.508225471442970377e-04
1.313286705426468087e-09
8.755244702986411008e-10
2.508225471442970919e-04
-1.313286705446506124e-09
-8.755244702986407906e-10
1.313286705444755603e-09
-6.876291025725484778e-15
-4.584158767889874535e-15
-1.313286705446506124e-09
6.876264588780148290e-15
4.584160656243112855e-15
8.755244702962872550e-10
-4.584160656243112855e-15
-3.056118434281505423e-15
-8.755244702986407906e-10
4.584160656243112855e-15
3.056142982873603196e-15
-8.747848461983481327e-06
4.579966449994970649e-11
3.054004900932087262e-11
8.747848461983447445e-06
-4.579966449971448347e-11
-3.054004900932091140e-11
4.579966449994970649e-11
-2.397774291399197388e-16
-1.598887570402997854e-16
-4.579966449949850532e-11
2.397906476125878842e-16
1.598925337467764019e-16
3.054004900932087262e-11
-1.598887570402997854e-16
-1.066107587748367751e-16
-3.054004900965701814e-11
1.598821478039657374e-16
1.066060378917410229e-16
8.747848461983447445e-06
-4.579966449949850532e-11
-3.054004900965701814e-11
-8.747848461983481327e-06
4.579966449973381882e-11
3.054004900965688243e-11
-4.579966449971448347e-11
2.397906476125878842e-16
1.598821478039657374e-16
4.579966449973381882e-11
-2.397736524334431470e-16
-1.598878128636806251e-16
-3.054004900932091140e-11
1.598925337467764019e-16
1.066060378917410229e-16
3.054004900965688243e-11
-1.598878128636806251e-16
-1.066268097773623521e-16
1.055105385431639488e-03
-5.524377580327027797e-09
-3.682903739518645696e-09
-1.055105385431639054e-03
5.524377580220910450e-09
3.682903739518645696e-09
-5.524377580327027797e-09
2.892513020397578548e-14
1.928309282142255229e-14
5.524377580216671977e-09
-2.892503956302034609e-14
-1.928303239411892603e-14
-3.682903739518645696e-09
1.928309282142255229e-14
1.285534989380398289e-14
3.682903739498040627e-09
-1.928307771459664573e-14
-1.285510818458947943e-14
-1.055105385431639054e-03
5.524377580216671977e-09
3.682903739498040627e-09
1.055105385431639488e-03
-5.524377580322791805e-09
-3.682903739498040627e-09
5.524377580220910450e-09
-2.892503956302034609e-14
-1.928307771459664573e-14
-5.524377580322791805e-09
2.892473742650222111e-14
1.928306260777073916e-14
3.682903739518645696e-09
-1.928303239411892603e-14
-1.285510818458947943e-14
-3.682903739498040627e-09
1.928306260777073916e-14
1.285550096206304695e-14
7.529541148364962027e-05
-3.942100339627309979e-10
-2.628290901551100554e-10
-7.529541148364962027e-05
3.942100339672516951e-10
2.628290901551100554e-10
-3.942100339627309979e-10
2.063937987459436905e-15
1.376046781457411977e-15
3.942100339743914528e-10
-2.063928545693245302e-15
-1.376053390693746099e-15
-2.628290901551100554e-10
1.376046781457411977e-15
9.174630300655395199e-16
2.628290901541990193e-10
-1.376048669810650297e-15
-9.174649184187778405e-16
-7.529541148364962027e-05
3.942100339743914528e-10
2.628290901541990193e-10
7.529541148364962027e-05
-3.942100339698708074e-10
-2.628290901541989159e-10
3.942100339672516951e-10
-2.063928545693245302e-15
-1.376048669810650297e-15
-3.942100339698708074e-10
2.063919103927053699e-15
1.376056223223603580e-15
2.628290901551100554e-10
-1.376053390693746099e-15
-9.174649184187778405e-16
-2.628290901541989159e-10
1.376056223223603580e-15
9.174668067720161611e-16
-5.866628187911402950e-06
3.072115602609982312e-11
2.048568685523745068e-11
5.866628187911372457e-06
-3.072115602520684933e-11
-2.048568685523754439e-11
3.072115602609982312e-11
-1.608574822515488983e-16
-1.072754591147192086e-16
-3.072115602870763278e-11
1.608782541371702274e-16
1.072782916445766649e-16
2.048568685523745068e-11
-1.072754591147192086e-16
-7.151854637084473136e-17
-2.048568685651627514e-11
1.072697940550043085e-16
7.151193713451067097e-17
5.866628187911372457e-06
-3.072115602870763278e-11
-2.048568685651627514e-11
-5.866628187911402950e-06
3.072115602960060657e-11
2.048568685651607158e-11
-3.072115602520684933e-11
1.608782541371702274e-16
1.072697940550043085e-16
3.072115602960060657e-11
-1.608631473112638107e-16
-1.072764032913383689e-16
-2.048568685523754439e-11
1.072782916445766649e-16
7.151193713451067097e-17
2.048568685651607158e-11
-1.072764032913383689e-16
-7.153742990322775224e-17
5.091430009426517597e-04
-2.665815336021132344e-09
-1.777210223838547406e-09
-5.091430009426516513e-04
2.665815335993614526e-09
1.777210223838547199e-09
-2.665815336021132344e-09
1.395797870526942745e-14
9.305177825078952224e-15
2.665815335991794315e-09
-1.395778845368066902e-14
-9.305132504601232530e-15
-1.777210223838547406e-09
9.305177825078952224e-15
6.203708699426376855e-15
1.777210223839383272e-09
-9.305151388133615736e-15
-6.203663378948657950e-15
-5.091430009426516513e-04
2.665815335991794315e-09
1.777210223839383272e-09
5.091430009426517597e-04
-2.665815336019313374e-09
-1.777210223839383893e-09
2.665815335993614526e-09
-1.395778845368066902e-14
-9.305151388133615736e-15
-2.665815336019313374e-09
1.395785501813231903e-14
9.305106067655896042e-15
1.777210223838547199e-09
-9.305132504601232530e-15
-6.203663378948657950e-15
-1.777210223839383893e-09
9.305106067655896042e-15
6.203618058470939045e-15
3.450336912415888314e-05
-1.806877454671395321e-10
-1.204584969744137737e-10
-3.450336912415888314e-05
1.806877454660122141e-10
1.204584969744137737e-10
-1.806877454671395321e-10
9.462462543003632339e-16
6.308572731455784797e-16
1.806877454591936092e-10
-9.462632494795081191e-16
-6.308582173221975414e-16
-1.204584969744137737e-10
6.308572731455784797e-16
4.205334336400798502e-16
1.204584969729292947e-10
-6.308591614988167017e-16
-4.205419312296521942e-16
-3.450336912415888314e-05
1.806877454591936092e-10
1.204584969729292947e-10
3.450336912415888314e-05
-1.806877454603208238e-10
-1.204584969729292171e-10
1.806877454660122141e-10
-9.462632494795081191e-16
-6.308591614988167017e-16
-1.806877454603208238e-10
9.462632494795081191e-16
6.308591614988167017e-16
1.204584969744137737e-10
-6.308582173221975414e-16
-4.205419312296521942e-16
-1.204584969729292171e-10
6.308591614988167017e-16
4.205523171724628587e-16
-5.866628187911402950e-06
3.072115602609982312e-11
2.048568685523745068e-11
5.866628187911372457e-06
-3.072115602520684933e-11
-2.048568685523754439e-11
3.072115602609982312e-11
-1.608574822515488983e-16
-1.072754591147192086e-16
-3.072115602870763278e-11
1.608782541371702274e-16
1.072782916445766649e-16
2.048568685523745068e-11
-1.072754591147192086e-16
-7.151854637084473136e-17
-2.048568685651627514e-11
1.072697940550043085e-16
7.151193713451067097e-17
5.866628187911372457e-06
-3.072115602870763278e-11
-2.048568685651627514e-11
-5.866628187911402950e-06
3.072115602960060657e-11
2.048568685651607158e-11
-3.072115602520684933e-11
1.608782541371702274e-16
1.072697940550043085e-16
3.072115602960060657e-11
-1.608631473112638107e-16
-1.072764032913383689e-16
-2.048568685523754439e-11
1.072782916445766649e-16
7.151193713451067097e-17
2.048568685651607158e-11
-1.072764032913383689e-16
-7.153742990322775224e-17
7.529541148364962027e-05
-3.942100339627309979e-10
-2.628290901551100554e-10
-7.529541148364962027e-05
3.942100339672516951e-10
2.628290901551100554e-10
-3.942100339627309979e-10
2.063937987459436905e-15
1.376046781457411977e-15
3.942100339743914528e-10
-2.063928545693245302e-15
-1.376053390693746099e-15
-2.628290901551100554e-10
1.376046781457411977e-15
9.174630300655395199e-16
2.628290901541990193e-10
-1.376048669810650297e-15
-9.174649184187778405e-16
-7.529541148364962027e-05
3.942100339743914528e-10
2.628290901541990193e-10
7.529541148364962027e-05
-3.942100339698708074e-10
-2.628290901541989159e-10
3.942100339672516951e-10
-2.063928545693245302e-15
-1.376048669810650297e-15
-3.942100339698708074e-10
2.063919103927053699e-15
1.376056223223603580e-15
2.628290901551100554e-10
-1.376053390693746099e-15
-9.174649184187778405e-16
-2.628290901541989159e-10
1.376056223223603580e-15
9.174668067720161611e-16
3.450336912415888314e-05
-1.806877454671395321e-10
-1.204584969744137737e-10
-3.450336912415888314e-05
1.806877454660122141e-10
1.204584969744137737e-10
-1.806877454671395321e-10
9.462462543003632339e-16
6.308572731455784797e-16
1.806877454591936092e-10
-9.462632494795081191e-16
-6.308582173221975414e-16
-1.204584969744137737e-10
6.308572731455784797e-16
4.205334336400798502e-16
1.204584969729292947e-10
-6.308591614988167017e-16
-4.205419312296521942e-16
-3.450336912415888314e-05
1.806877454591936092e-10
1.204584969729292947e-10
3.450336912415888314e-05
-1.806877454603208238e-10
-1.204584969729292171e-10
1.806877454660122141e-10
-9.462632494795081191e-16
-6.308591614988167017e-16
-1.806877454603208238e-10
9.462632494795081191e-16
6.308591614988167017e-16
1.204584969744137737e-10
-6.308582173221975414e-16
-4.205419312296521942e-16
-1.204584969729292171e-10
6.308591614988167017e-16
4.205523171724628587e-16
-8.747848461983481327e-06
4.579966449994970649e-11
3.054004900932087262e-11
8.747848461983447445e-06
-4.579966449971448347e-11
-3.054004900932091140e-11
4.579966449994970649e-11
-2.397774291399197388e-16
-1.598887570402997854e-16
-4.579966449949850532e-11
2.397906476125878842e-16
1.598925337467764019e-16
3.054004900932087262e-11
-1.598887570402997854e-16
-1.066107587748367751e-16
-3.054004900965701814e-11
1.598821478039657374e-16
1.066060378917410229e-16
8.747848461983447445e-06
-4.579966449949850532e-11
-3.054004900965701814e-11
-8.747848461983481327e-06
4.579966449973381882e-11
3.054004900965688243e-11
-4.579966449971448347e-11
2.397906476125878842e-16
1.598821478039657374e-16
4.579966449973381882e-11
-2.397736524334431470e-16
-1.598878128636806251e-16
-3.054004900932091140e-11
1.598925337467764019e-16
1.066060378917410229e-16
3.054004900965688243e-11
-1.598878128636806251e-16
-1.066268097773623521e-16
