4.608330179015384664e-01
-2.412884657857881689e-06
-1.608589771880312656e-06
-4.608330179015383554e-01
2.412884657821066249e-06
1.608589771880313080e-06
-2.412884657857881689e-06
1.263362678360913094e-11
8.422401664986978176e-12
2.412884657787466993e-06
-1.263372045867683369e-11
-8.422419012221737944e-12
-1.608589771880312656e-06
8.422401664986978176e-12
5.615008458192960461e-12
1.608589771884637818e-06
-8.422415542774785990e-12
-5.614966824829537018e-12
-4.608330179015383554e-01
2.412884657787466993e-06
1.608589771884637818e-06
4.608330179015384664e-01
-2.412884657824282433e-06
-1.608589771884637183e-06
2.412884657821066249e-06
-1.263372045867683369e-11
-8.422415542774785990e-12
-2.412884657824282433e-06
1.263367188641950634e-11
8.422419012221737944e-12
1.608589771880313080e-06
-8.422419012221737944e-12
-5.614966824829537018e-12
-1.608589771884637183e-06
8.422419012221737944e-12
5.615011927639912415e-12
2.317226250997119485e-01
-1.213277544509689113e-06
-8.088861096783602121e-07
-2.317226250997120596e-01
1.213277544472559212e-06
8.088861096783600003e-07
-1.213277544509689113e-06
6.352604206560918954e-12
4.235261880786156397e-12
1.213277544434652158e-06
-6.352617216986988780e-12
-4.235263615509632373e-12
-8.088861096783602121e-07
4.235261880786156397e-12
2.823617641783959797e-12
8.088861096787840462e-07
-4.235263615509632373e-12
-2.823619376507435774e-12
-2.317226250997120596e-01
1.213277544434652158e-06
8.088861096787840462e-07
2.317226250997119485e-01
-1.213277544471781636e-06
-8.088861096787842580e-07
1.213277544472559212e-06
-6.352617216986988780e-12
-4.235263615509632373e-12
-1.213277544471781636e-06
6.352618951710464756e-12
4.235261880786156397e-12
8.088861096783600003e-07
-4.235263615509632373e-12
-2.823619376507435774e-12
-8.088861096787842580e-07
4.235261880786156397e-12
2.823622845954387728e-12
-1.077868000114883505e-02
5.644358215047936509e-08
3.763808718461775986e-08
1.077868000114877954e-02
-5.644358214883871521e-08
-3.763808718461793191e-08
5.644358215047936509e-08
-2.955413691552166711e-13
-1.970958118935328685e-13
-5.644358215527065990e-08
2.955795330716881608e-13
1.971010160639607989e-13
3.763808718461775986e-08
-1.970958118935328685e-13
-1.314000991348152070e-13
-3.763808718696732337e-08
1.970854035526770076e-13
1.313879560704833693e-13
1.077868000114877954e-02
-5.644358215527065990e-08
-3.763808718696732337e-08
-1.077868000114883505e-02
5.644358215691130978e-08
3.763808718696695280e-08
-5.644358214883871521e-08
2.955795330716881608e-13
1.970854035526770076e-13
5.644358215691130978e-08
-2.955517774960725319e-13
-1.970975466170088453e-13
-3.763808718461793191e-08
1.971010160639607989e-13
1.313879560704833693e-13
3.763808718696695280e-08
-1.970975466170088453e-13
-1.314347936043347431e-13
9.354418426062253156e-01
-4.897867996532521666e-06
-3.265245330699162164e-06
-9.354418426062250935e-01
4.897867996481963117e-06
3.265245330699161740e-06
-4.897867996532521666e-06
2.564481352967939998e-11
1.709628272283936212e-11
4.897867996478619031e-06
-2.564446398289899065e-11
-1.709619945611251524e-11
-3.265245330699162164e-06
1.709628272283936212e-11
1.139799366001170711e-11
3.265245330700697834e-06
-1.709623415058203477e-11
-1.139791039328486022e-11
-9.354418426062250935e-01
4.897867996478619031e-06
3.265245330700697834e-06
9.354418426062253156e-01
-4.897867996529179274e-06
-3.265245330700699105e-06
4.897867996481963117e-06
-2.564446398289899065e-11
-1.709623415058203477e-11
-4.897867996529179274e-06
2.564458628090404702e-11
1.709615088385518789e-11
3.265245330699161740e-06
-1.709619945611251524e-11
-1.139791039328486022e-11
-3.265245330700699105e-06
1.709615088385518789e-11
1.139782712655801333e-11
4.608330179015384664e-01
-2.412884657857881689e-06
-1.608589771880312656e-06
-4.608330179015383554e-01
2.412884657821066249e-06
1.608589771880313080e-06
-2.412884657857881689e-06
1.263362678360913094e-11
8.422401664986978176e-12
2.412884657787466993e-06
-1.263372045867683369e-11
-8.422419012221737944e-12
-1.608589771880312656e-06
8.422401664986978176e-12
5.615008458192960461e-12
1.608589771884637818e-06
-8.422415542774785990e-12
-5.614966824829537018e-12
-4.608330179015383554e-01
2.412884657787466993e-06
1.608589771884637818e-06
4.608330179015384664e-01
-2.412884657824282433e-06
-1.608589771884637183e-06
2.412884657821066249e-06
-1.263372045867683369e-11
-8.422415542774785990e-12
-2.412884657824282433e-06
1.263367188641950634e-11
8.422419012221737944e-12
1.608589771880313080e-06
-8.422419012221737944e-12
-5.614966824829537018e-12
-1.608589771884637183e-06
8.422419012221737944e-12
5.615011927639912415e-12
-1.607230870102755241e-02
8.414713051393897529e-08
5.611083657375346934e-08
1.607230870102748996e-02
-8.414713051350680320e-08
-5.611083657375353551e-08
8.414713051393897529e-08
-4.405399656182140689e-13
-2.937615428688644670e-13
-8.414713051310999473e-08
4.405642517468777442e-13
2.937684817627683742e-13
5.611083657375346934e-08
-2.937615428688644670e-13
-1.958745665664451963e-13
-5.611083657437106224e-08
2.937493998045326293e-13
1.958658929490653122e-13
1.607230870102748996e-02
-8.414713051310999473e-08
-5.611083657437106224e-08
-1.607230870102755241e-02
8.414713051354232564e-08
5.611083657437081077e-08
-8.414713051350680320e-08
4.405642517468777442e-13
2.937493998045326293e-13
8.414713051354232564e-08
-4.405330267243101616e-13
-2.937598081453884902e-13
-5.611083657375353551e-08
2.937684817627683742e-13
1.958658929490653122e-13
5.611083657437081077e-08
-2.937598081453884902e-13
-1.959040568655368020e-13
1.938531461818318702e+00
-1.014986739172657723e-05
-6.766551349735099404e-06
-1.938531461818317814e+00
1.014986739153160888e-05
6.766551349735099404e-06
-1.014986739172657723e-05
5.314376716469837447e-11
3.542857673899391102e-11
1.014986739152382126e-05
-5.314360063124468070e-11
-3.542846571669144851e-11
-6.766551349735099404e-06
3.542857673899391102e-11
2.361896789260242713e-11
6.766551349697242114e-06
-3.542854898341829539e-11
-2.361852380339257707e-11
-1.938531461818317814e+00
1.014986739152382126e-05
6.766551349697242114e-06
1.938531461818318702e+00
-1.014986739171879469e-05
-6.766551349697242114e-06
1.014986739153160888e-05
-5.314360063124468070e-11
-3.542854898341829539e-11
-1.014986739171879469e-05
5.314304551973236812e-11
3.542852122784267976e-11
6.766551349735099404e-06
-3.542846571669144851e-11
-2.361852380339257707e-11
-6.766551349697242114e-06
3.542852122784267976e-11
2.361924544835858342e-11
1.383392844989587700e-01
-7.242769906710270822e-07
-4.828924838994435465e-07
-1.383392844989587700e-01
7.242769906793328756e-07
4.828924838994435465e-07
-7.242769906710270822e-07
3.792046537887117097e-12
2.528192932782502567e-12
7.242769906924506631e-07
-3.792029190652357329e-12
-2.528205075846834404e-12
-4.828924838994435465e-07
2.528192932782502567e-12
1.685642944670995291e-12
4.828924838977697036e-07
-2.528196402229454520e-12
-1.685646414117947245e-12
-1.383392844989587700e-01
7.242769906924506631e-07
4.828924838977697036e-07
1.383392844989587700e-01
-7.242769906841449756e-07
-4.828924838977694918e-07
7.242769906793328756e-07
-3.792029190652357329e-12
-2.528196402229454520e-12
-7.242769906841449756e-07
3.792011843417597561e-12
2.528210280017262335e-12
4.828924838994435465e-07
-2.528205075846834404e-12
-1.685646414117947245e-12
-4.828924838977694918e-07
2.528210280017262335e-12
1.685649883564899199e-12
-1.077868000114883505e-02
5.644358215047936509e-08
3.763808718461775986e-08
1.077868000114877954e-02
-5.644358214883871521e-08
-3.763808718461793191e-08
5.644358215047936509e-08
-2.955413691552166711e-13
-1.970958118935328685e-13
-5.644358215527065990e-08
2.955795330716881608e-13
1.971010160639607989e-13
3.763808718461775986e-08
-1.970958118935328685e-13
-1.314000991348152070e-13
-3.763808718696732337e-08
1.970854035526770076e-13
1.313879560704833693e-13
1.077868000114877954e-02
-5.644358215527065990e-08
-3.763808718696732337e-08
-1.077868000114883505e-02
5.644358215691130978e-08
3.763808718696695280e-08
-5.644358214883871521e-08
2.955795330716881608e-13
1.970854035526770076e-13
5.644358215691130978e-08
-2.955517774960725319e-13
-1.970975466170088453e-13
-3.763808718461793191e-08
1.971010160639607989e-13
1.313879560704833693e-13
3.763808718696695280e-08
-1.970975466170088453e-13
-1.314347936043347431e-13
9.354418426062253156e-01
-4.897867996532521666e-06
-3.265245330699162164e-06
-9.354418426062250935e-01
4.897867996481963117e-06
3.265245330699161740e-06
-4.897867996532521666e-06
2.564481352967939998e-11
1.709628272283936212e-11
4.897867996478619031e-06
-2.564446398289899065e-11
-1.709619945611251524e-11
-3.265245330699162164e-06
1.709628272283936212e-11
1.139799366001170711e-11
3.265245330700697834e-06
-1.709623415058203477e-11
-1.139791039328486022e-11
-9.354418426062250935e-01
4.897867996478619031e-06
3.265245330700697834e-06
9.354418426062253156e-01
-4.897867996529179274e-06
-3.265245330700699105e-06
4.897867996481963117e-06
-2.564446398289899065e-11
-1.709623415058203477e-11
-4.897867996529179274e-06
2.564458628090404702e-11
1.709615088385518789e-11
3.265245330699161740e-06
-1.709619945611251524e-11
-1.139791039328486022e-11
-3.265245330700699105e-06
1.709615088385518789e-11
1.139782712655801333e-11
6.339259329867794057e-02
-3.319752549739632445e-07
-2.213168366425490126e-07
-6.339259329867794057e-02
3.319752549718920372e-07
2.213168366425490126e-07
-3.319752549739632445e-07
1.738525989836148256e-12
1.159065898814759521e-12
3.319752549593643140e-07
-1.738557214858715838e-12
-1.159067633538235498e-12
-2.213168366425490126e-07
1.159065898814759521e-12
7.726406320296419494e-13
2.213168366398215665e-07
-1.159069368261711475e-12
-7.726562445409257407e-13
-6.339259329867794057e-02
3.319752549593643140e-07
2.213168366398215665e-07
6.339259329867794057e-02
-3.319752549614353096e-07
-2.213168366398214342e-07
3.319752549718920372e-07
-1.738557214858715838e-12
-1.159069368261711475e-12
-3.319752549614353096e-07
1.738557214858715838e-12
1.159069368261711475e-12
2.213168366425490126e-07
-1.159067633538235498e-12
-7.726562445409257407e-13
-2.213168366398214342e-07
1.159069368261711475e-12
7.726753264991614856e-13
-1.077868000114883505e-02
5.644358215047936509e-08
3.763808718461775986e-08
1.077868000114877954e-02
-5.644358214883871521e-08
-3.763808718461793191e-08
5.644358215047936509e-08
-2.955413691552166711e-13
-1.970958118935328685e-13
-5.644358215527065990e-08
2.955795330716881608e-13
1.971010160639607989e-13
3.763808718461775986e-08
-1.970958118935328685e-13
-1.314000991348152070e-13
-3.763808718696732337e-08
1.970854035526770076e-13
1.313879560704833693e-13
1.077868000114877954e-02
-5.644358215527065990e-08
-3.763808718696732337e-08
-1.077868000114883505e-02
5.644358215691130978e-08
3.763808718696695280e-08
-5.644358214883871521e-08
2.955795330716881608e-13
1.970854035526770076e-13
5.644358215691130978e-08
-2.955517774960725319e-13
-1.970975466170088453e-13
-3.763808718461793191e-08
1.971010160639607989e-13
1.313879560704833693e-13
3.763808718696695280e-08
-1.970975466170088453e-13
-1.314347936043347431e-13
1.383392844989587700e-01
-7.242769906710270822e-07
-4.828924838994435465e-07
-1.383392844989587700e-01
7.242769906793328756e-07
4.828924838994435465e-07
-7.242769906710270822e-07
3.792046537887117097e-12
2.528192932782502567e-12
7.242769906924506631e-07
-3.792029190652357329e-12
-2.528205075846834404e-12
-4.828924838994435465e-07
2.528192932782502567e-12
1.685642944670995291e-12
4.828924838977697036e-07
-2.528196402229454520e-12
-1.685646414117947245e-12
-1.383392844989587700e-01
7.242769906924506631e-07
4.828924838977697036e-07
1.383392844989587700e-01
-7.242769906841449756e-07
-4.828924838977694918e-07
7.242769906793328756e-07
-3.792029190652357329e-12
-2.528196402229454520e-12
-7.242769906841449756e-07
3.792011843417597561e-12
2.528210280017262335e-12
4.828924838994435465e-07
-2.528205075846834404e-12
-1.685646414117947245e-12
-4.828924838977694918e-07
2.528210280017262335e-12
1.685649883564899199e-12
6.339259329867794057e-02
-3.319752549739632445e-07
-2.213168366425490126e-07
-6.339259329867794057e-02
3.319752549718920372e-07
2.213168366425490126e-07
-3.319752549739632445e-07
1.738525989836148256e-12
1.159065898814759521e-12
3.319752549593643140e-07
-1.738557214858715838e-12
-1.159067633538235498e-12
-2.213168366425490126e-07
1.159065898814759521e-12
7.726406320296419494e-13
2.213168366398215665e-07
-1.159069368261711475e-12
-7.726562445409257407e-13
-6.339259329867794057e-02
3.319752549593643140e-07
2.213168366398215665e-07
6.339259329867794057e-02
-3.319752549614353096e-07
-2.213168366398214342e-07
3.319752549718920372e-07
-1.738557214858715838e-12
-1.159069368261711475e-12
-3.319752549614353096e-07
1.738557214858715838e-12
1.159069368261711475e-12
2.213168366425490126e-07
-1.159067633538235498e-12
-7.726562445409257407e-13
-2.213168366398214342e-07
1.159069368261711475e-12
7.726753264991614856e-13
-1.607230870102755241e-02
8.414713051393897529e-08
5.611083657375346934e-08
1.607230870102748996e-02
-8.414713051350680320e-08
-5.611083657375353551e-08
8.414713051393897529e-08
-4.405399656182140689e-13
-2.937615428688644670e-13
-8.414713051310999473e-08
4.405642517468777442e-13
2.937684817627683742e-13
5.611083657375346934e-08
-2.937615428688644670e-13
-1.958745665664451963e-13
-5.611083657437106224e-08
2.937493998045326293e-13
1.958658929490653122e-13
1.607230870102748996e-02
-8.414713051310999473e-08
-5.611083657437106224e-08
-1.607230870102755241e-02
8.414713051354232564e-08
5.611083657437081077e-08
-8.414713051350680320e-08
4.405642517468777442e-13
2.937493998045326293e-13
8.414713051354232564e-08
-4.405330267243101616e-13
-2.937598081453884902e-13
-5.611083657375353551e-08
2.937684817627683742e-13
1.958658929490653122e-13
5.611083657437081077e-08
-2.937598081453884902e-13
-1.959040568655368020e-13
