5.100336642985102698e-01
-1.904573773218713637e-06
-1.063664239482692162e-06
-5.100336642989145020e-01
1.912473913095189171e-06
8.508951648124856593e-08
-1.979823773218712196e-06
7.685407865665183635e-12
-1.258170849713785035e-08
1.979823773178572576e-06
-7.423735237654938146e-12
-3.303191981517074240e-13
-1.105569572816024344e-06
4.291502862286306367e-12
2.396494506651167245e-12
1.105569572816911822e-06
-4.145579222412161969e-12
-1.844287952723174339e-13
-5.100336642989145020e-01
1.979823773178572576e-06
1.105569572816911822e-06
5.100336642993187342e-01
-1.837223913113057077e-06
-1.269948498146326018e-07
1.912473913095189171e-06
-7.423735237654938146e-12
-4.145579222412161969e-12
-1.912473913113055637e-06
7.171221949597850198e-12
1.258631903794889926e-08
8.508951648124856593e-08
-3.303191981517074240e-13
-1.844287952723174339e-13
-8.508951648130031435e-08
3.190379487626030831e-13
1.418662109172431264e-14
2.548173827129162627e-01
-1.039744398682025513e-06
-5.257936087642014999e-07
-2.548173827126816171e-01
1.097093860793244673e-06
1.090791236904962456e-07
-1.054322732015358922e-06
4.362236635374917953e-12
1.448944310007028276e-10
1.054322732047711134e-06
-4.539293491644776000e-12
-4.513201580539702773e-13
-5.384242754308683715e-07
2.227764334035412843e-12
1.137680878324220934e-12
5.384242754303726455e-07
-2.318137743688312204e-12
-2.304827335930514920e-13
-2.548173827126816171e-01
1.054322732047711134e-06
5.384242754303726455e-07
2.548173827124470270e-01
-1.082515527458860943e-06
-1.217097903570612086e-07
1.097093860793244673e-06
-4.539293491644776000e-12
-2.318137743688312204e-12
-1.097093860792194352e-06
4.723440660966593234e-12
-1.421970350701605403e-10
1.090791236904962456e-07
-4.513201580539702773e-13
-2.304827335930514920e-13
-1.090791236903944031e-07
4.696315965068744383e-13
4.669311812199872236e-14
-8.922658382316253287e-03
3.602037206404462476e-08
4.599029777847500272e-08
8.922658382611664551e-03
-3.217938524187201184e-08
2.304042252407368935e-08
3.191270539737812665e-08
-1.141239880375621851e-13
-1.599077187942133369e-13
-3.191270540728332994e-08
1.150815553963013826e-13
-8.244558661529135324e-14
4.471996444514162300e-08
-1.599077187942133369e-13
-2.241594945110084725e-13
-4.471996444662117119e-08
1.612694500756452874e-13
-1.154438330140319510e-13
8.922658382611664551e-03
-3.191270540728332994e-08
-4.471996444662117119e-08
-8.922658382907055000e-03
3.628705192937252937e-08
-2.431075585817083140e-08
-3.217938524187201184e-08
1.150815553963013826e-13
1.612694500756452874e-13
3.217938526270603126e-08
-1.160113671794249512e-13
8.312938200255797212e-14
2.304042252407368935e-08
-8.244558661529135324e-14
-1.154438330140319510e-13
-2.304042252483746492e-08
8.312938200297156243e-14
-5.950651690689578916e-14
9.618893022612639010e-01
-4.034993547915430756e-06
-2.312991806874254734e-06
-9.618893022626143763e-01
3.672757786889198018e-06
8.651011060422024630e-08
-3.843211547915429549e-06
1.535566118704423388e-11
-6.145814064342523049e-09
3.843211548009185932e-06
-1.467437282798300657e-11
-3.456122801820784088e-13
-2.299153473540922906e-06
9.185935657759374852e-12
5.495899501341475465e-12
2.299153473544158995e-06
-8.778849627699334378e-12
-2.068794317831678848e-13
-9.618893022626143763e-01
3.843211548009185932e-06
2.299153473544158995e-06
9.618893022639661838e-01
-3.864539786880533232e-06
-7.267177727099483969e-08
3.672757786889198018e-06
-1.467437282798300657e-11
-8.778849627699334378e-12
-3.672757786880532871e-06
1.402375437997704921e-11
6.155330300306634792e-09
8.651011060422024630e-08
-3.456122801820784088e-13
-2.068794317831678848e-13
-8.651011060432666805e-08
3.303003063523683377e-13
7.786514534552414086e-15
5.369480464970811662e-01
-2.050768553256554929e-06
-1.175304668652980440e-06
-5.369480464978568790e-01
1.987263127705984369e-06
5.602118632143223710e-08
-2.122940553256554922e-06
8.393383210680838147e-12
-1.441154933659055331e-09
2.122940553374259467e-06
-7.856992834121001579e-12
-2.215091433594851679e-13
-1.225471335319646994e-06
4.845066340943191382e-12
2.796919266494915357e-12
1.225471335321420045e-06
-4.535513151233592187e-12
-1.278398793563482279e-13
-5.369480464978568790e-01
2.122940553374259467e-06
1.225471335321420045e-06
5.369480464986334800e-01
-1.915091127701750482e-06
-1.061878529881732037e-07
1.987263127705984369e-06
-7.856992834121001579e-12
-4.535513151233592187e-12
-1.987263127701750474e-06
7.354936104597697977e-12
1.446207312118943829e-09
5.602118632143223710e-08
-2.215091433594851679e-13
-1.278398793563482279e-13
-5.602118632150685541e-08
2.073121189453063732e-13
5.810971406527601118e-15
6.248752968933365265e-02
-2.407877056307788321e-07
-1.184003292173812952e-07
-6.248752968990249623e-02
2.742564634615869547e-07
2.138590497823217627e-08
-3.579027056307774558e-07
2.049903649603557199e-12
1.217775342260357950e-08
3.579027056409413748e-07
-1.570833740860422267e-12
-1.224930360997709871e-13
-1.897419958840479307e-07
1.086755936905048510e-12
5.761418617342240896e-13
1.897419958857762485e-07
-8.327810425431475338e-13
-6.492086913921734340e-14
-6.248752968990249623e-02
3.579027056409413748e-07
1.897419958857762485e-07
6.248752969047133982e-02
-1.571414634666201037e-07
-9.272757164509269627e-08
2.742564634615869547e-07
-1.570833740860422267e-12
-8.327810425431475338e-13
-2.742564634666187009e-07
1.203721150533354489e-12
-1.217657280730256213e-08
2.138590497823217627e-08
-1.224930360997709871e-13
-6.492086913921734340e-14
-2.138590497842600785e-08
9.385936405938509990e-14
7.310916823364906567e-15
7.898314573556383111e-01
-3.515134167486135481e-06
-1.919401902309230248e-06
-7.898314573559597207e-01
3.585878973254547489e-06
2.603088931526832349e-07
-3.553274167486135424e-06
1.598532417546039142e-11
1.272242652139254335e-08
3.553274167259601968e-06
-1.613201239258899022e-11
-1.171230957627622049e-12
-2.021295902309230327e-06
9.093188059370135206e-12
5.172581553787633210e-12
2.021295902310045596e-06
-9.176870348204241431e-12
-6.660676113532873962e-13
-7.898314573559597207e-01
3.553274167259601968e-06
2.021295902310045596e-06
7.898314573562817964e-01
-3.547738973309876585e-06
-3.622028931527779693e-07
3.585878973254547489e-06
-1.613201239258899022e-11
-9.176870348204241431e-12
-3.585878973309876528e-06
1.628017165522521736e-11
-1.271215153857873292e-08
2.603088931526832349e-07
-1.171230957627622049e-12
-6.660676113532873962e-13
-2.603088931527785261e-07
1.181794754440292474e-12
8.547294930167430042e-14
1.347589190564798811e-01
-5.222837550192002299e-07
-2.820367138496782749e-07
-1.347589190563707739e-01
6.186265431703700178e-07
1.136333180272164503e-07
-6.076497550191996723e-07
2.739978383070607038e-12
-2.271237992505979283e-08
6.076497550388761418e-07
-2.789483921628033158e-12
-5.123839322394965630e-13
-2.853593805163449681e-07
1.286741606825696448e-12
6.042275088559891166e-13
2.853593805161156339e-07
-1.309950550865740236e-12
-2.405791229086273227e-13
-1.347589190563707739e-01
6.076497550388761418e-07
2.853593805161156339e-07
1.347589190562616668e-01
-5.332605431707529049e-07
-1.169559846937901553e-07
6.186265431703700178e-07
-2.789483921628033158e-12
-1.309950550865740236e-12
-6.186265431707524532e-07
2.839874169158207451e-12
2.271418828110178794e-08
1.136333180272164503e-07
-5.123839322394965630e-13
-2.405791229086273227e-13
-1.136333180271232502e-07
5.216144351694093070e-13
9.576761049519138442e-14
-8.919202259569920452e-03
3.579235499824804253e-08
4.472101443157931248e-08
8.919202259816509659e-03
-3.468088314104796981e-08
1.934189280142406189e-08
3.406002166491495951e-08
-1.300695662287409959e-13
-1.613580700101611219e-13
-3.406002166653755700e-08
1.324287901560694536e-13
-7.417008625389272218e-14
4.234034776491262860e-08
-1.613580700103162183e-13
-2.009712309134024977e-13
-4.234034776609799827e-08
1.643372373514751420e-13
-9.182580601049285604e-14
8.919202259816509659e-03
-3.406002166653755700e-08
-4.234034776609799827e-08
-8.919202260063098867e-03
3.641321648023988708e-08
-2.172255946864137344e-08
-3.468088314104796981e-08
1.324287901560694536e-13
1.643372373514751420e-13
3.468088314690669818e-08
-1.348331168937733082e-13
7.551910371556884220e-14
1.934189280142406189e-08
-7.417008625389272218e-14
-9.182580601049285604e-14
-1.934189280197466309e-08
7.551910371598243251e-14
-4.193872091642855439e-14
1.018283127179230751e+00
-4.180951889707096900e-06
-2.491186872959179041e-06
-1.018283127179028913e+00
4.042509199085782268e-06
4.801426411486939421e-07
-3.878197223040436688e-06
1.477024058615938884e-11
-1.161894175953869624e-08
3.878197222929309354e-06
-1.539635086089674587e-11
-1.827866132650228514e-12
-2.378160539625846021e-06
9.058240461254092168e-12
5.554180564610226993e-12
2.378160539625350506e-06
-9.440331884811616059e-12
-1.121166788146611610e-12
-1.018283127179028913e+00
3.878197222929309354e-06
2.378160539625350506e-06
1.018283127178827296e+00
-4.345263865863635036e-06
-3.671163078152784945e-07
4.042509199085782268e-06
-1.539635086089674587e-11
-9.440331884811616059e-12
-4.042509199196974824e-06
1.604871791016648785e-11
1.162990698593521549e-08
4.801426411486939421e-07
-1.827866132650228514e-12
-1.121166788146611610e-12
-4.801426411486111446e-07
1.906985935265156917e-12
2.264425834809869602e-13
6.242172824685064680e-02
-2.961504372476144239e-07
-1.394084415986209594e-07
-6.242172824685329052e-02
2.898926187111315182e-07
7.924878983836830248e-08
-2.969707705809475845e-07
1.412849004456262492e-12
-1.157017580218059053e-09
2.969707705653008742e-07
-1.379174552340600712e-12
-3.770692883019997892e-13
-1.364271082652876512e-07
6.490864486078550133e-13
2.981184693335068766e-13
1.364271082652938716e-07
-6.336406706907679647e-13
-1.731607107664552635e-13
-6.242172824685329052e-02
2.969707705653008742e-07
1.364271082652938716e-07
6.242172824685590649e-02
-2.890722853692453894e-07
-7.626745650503811777e-08
2.898926187111315182e-07
-1.379174552340600712e-12
-6.336406706907679647e-13
-2.898926187025785500e-07
1.346305011917792172e-12
1.158034767557027456e-09
7.924878983836830248e-08
-3.770692883019997892e-13
-1.731607107664552635e-13
-7.924878983837141268e-08
3.681008903605477993e-13
1.005899318814646150e-13
-8.499042594510208479e-03
3.309269754037893918e-08
4.614796281725540986e-08
8.499042594816166862e-03
-3.266746598487537335e-08
2.366896635770459522e-08
3.240603087371237622e-08
-1.234984337017408507e-13
-1.730724098341119639e-13
-3.240603085941727910e-08
1.245253899995191205e-13
-9.073937453145803967e-14
4.552096281725536064e-08
-1.730724098341475068e-13
-2.437911072382120353e-13
-4.552096281889329075e-08
1.744955966825356060e-13
-1.267805218328436159e-13
8.499042594816166862e-03
-3.240603085941727910e-08
-4.552096281889329075e-08
-8.499042595122137389e-03
3.335413263757626884e-08
-2.429596635855755369e-08
-3.266746598487537335e-08
1.245253899995191205e-13
1.744955966825356060e-13
3.266746597090970588e-08
-1.255384685094895758e-13
9.147452553023286999e-14
2.366896635770459522e-08
-9.073937453145803967e-14
-1.267805218328436159e-13
-2.366896635855751770e-08
9.147452553034919227e-14
-6.591256174777259245e-14
1.660686224932304833e-01
-6.222762133604064424e-07
-3.081722004890225864e-07
-1.660686224934353472e-01
6.982055235462820033e-07
5.584044096406292722e-08
-7.550192133604065875e-07
3.432691630944617600e-12
-3.015234815510280630e-08
7.550192133252897662e-07
-3.174353141455199534e-12
-2.538592237444559986e-13
-3.633275338223565045e-07
1.651844897134029970e-12
7.949227065368539142e-13
3.633275338228053261e-07
-1.527550360286517284e-12
-1.222035939237091442e-13
-1.660686224934353472e-01
7.550192133252897662e-07
3.633275338228053261e-07
1.660686224936401834e-01
-5.654625235444332088e-07
-1.109957742974647337e-07
6.982055235462820033e-07
-3.174353141455199534e-12
-1.527550360286517284e-12
-6.982055235444333539e-07
2.935506004941856872e-12
3.015423476129324323e-08
5.584044096406292722e-08
-2.538592237444559986e-13
-1.222035939237091442e-13
-5.584044096413082220e-08
2.347612933310251851e-13
1.880634845011778983e-14
7.570453857333767078e-02
-3.601531239414232865e-07
-1.219055883573847411e-07
-7.570453857341048753e-02
3.361324655991764703e-07
3.948868649305879471e-08
-3.617061239414230622e-07
1.728138465661999135e-12
-4.999866206280417244e-09
3.617061238920101777e-07
-1.605972299589808472e-12
-1.886833656019631249e-13
-1.675312550240512540e-07
8.004603862398059127e-13
3.707829651645861989e-13
1.675312550242124815e-07
-7.438235973540939953e-13
-8.743606128894624439e-14
-7.570453857341048753e-02
3.617061238920101777e-07
1.675312550242124815e-07
7.570453857348329041e-02
-3.345794655806688129e-07
-8.511435315976285503e-08
3.361324655991764703e-07
-1.605972299589808472e-12
-7.438235973540939953e-13
-3.361324655806685886e-07
1.492445056427982308e-12
5.000841998561766683e-09
3.948868649305879471e-08
-1.886833656019631249e-13
-8.743606128894624439e-14
-3.948868649309634209e-08
1.753318951228684959e-13
2.062167141800786453e-14
7.817610670057956179e-02
-3.164384906655587009e-07
-1.613711768085259818e-07
-7.817610670076874380e-02
3.539661860999330209e-07
1.013530559411342135e-08
-3.892864906655611543e-07
1.938463278783331134e-12
1.396969528885562970e-08
3.892864906696657701e-07
-1.762593543341850477e-12
-5.050176797403657737e-14
-1.396221768085259900e-07
6.952888556453728816e-13
2.493487500708799759e-13
1.396221768088641679e-07
-6.321898199408359999e-13
-1.807984090507017685e-14
-7.817610670076874380e-02
3.892864906696657701e-07
1.396221768088641679e-07
7.817610670095812009e-02
-2.811181861013350541e-07
1.161369440586242669e-08
3.539661860999330209e-07
-1.762593543341850477e-12
-6.321898199408359999e-13
-3.539661861013374015e-07
1.602683263879356446e-12
-1.396895409174278978e-08
1.013530559411342135e-08
-5.050176797403657737e-14
-1.807984090507017685e-14
-1.013530559413755021e-08
4.590825719454954065e-14
1.290494549113516928e-15
