5.035326467433333120e-01
-2.877171333299409040e-06
-9.154649999999988871e-07
-5.165346818530003326e-01
1.229964999897118494e-06
1.229965000034296327e-06
-2.952421333299407600e-06
-5.025485586866687560e-02
6.292999999999942597e-09
1.365551999897118582e-06
4.353653307999996031e-02
-8.523899999999985423e-08
-9.573703333333311745e-07
1.887899999999994029e-08
-4.821848211500018994e-02
1.365552000034296415e-06
-8.523899999999982776e-08
4.353653307999996031e-02
-5.165346818530003326e-01
1.365551999897118582e-06
1.365552000034296415e-06
5.035326467433333120e-01
-2.877171333231589653e-06
9.154649999999988871e-07
1.229964999897118494e-06
4.353653307999996031e-02
-8.523899999999982776e-08
-2.952421333231588213e-06
-5.025485586866687560e-02
-6.292999999999830927e-09
1.229965000034296327e-06
-8.523899999999985423e-08
4.353653307999996031e-02
9.573703333333311745e-07
-1.887899999999982448e-08
-4.821848211500018994e-02
2.733900279493335361e-01
-1.491536333316526696e-06
-4.615000000000010024e-07
-2.362447374759998886e-01
6.938039999565649281e-07
6.938040000144793235e-07
-1.506114666649860105e-06
-1.130395864333334039e-03
2.899766666666663694e-08
6.081069999565647133e-07
2.088496039999985002e-04
-7.437999999999910002e-09
-4.741306666666678211e-07
2.885499999999997284e-08
-2.508240982666666476e-03
6.081070000144791088e-07
-7.437999999999930681e-09
2.088496039999985002e-04
-2.362447374759998886e-01
6.081069999565647133e-07
6.081070000144791088e-07
2.733900279493335361e-01
-1.491536333282907535e-06
4.615000000000010024e-07
6.938039999565649281e-07
2.088496039999985002e-04
-7.437999999999930681e-09
-1.506114666616240944e-06
-1.130395864333334039e-03
-2.899766666666658070e-08
6.938040000144793235e-07
-7.437999999999910002e-09
2.088496039999985002e-04
4.741306666666678211e-07
-2.885499999999991659e-08
-2.508240982666666476e-03
-9.052951320333362320e-03
1.951083333308834345e-07
6.697300000000022523e-08
8.792365443999989455e-03
-9.789749999258596724e-08
-9.789750000247139760e-08
1.910006666642169364e-07
3.095366088533344981e-02
4.100913503964797779e-24
-9.738249999258596561e-08
-3.156794557200000295e-02
-1.202052065743089425e-23
6.570266666666685875e-08
4.023128021438953030e-24
3.095821116000010281e-02
-9.738250000247139597e-08
-1.189438203710237392e-23
-3.156794557200000295e-02
8.792365443999989455e-03
-9.738249999258596561e-08
-9.738250000247139597e-08
-9.052951320333362320e-03
1.951083333259840372e-07
-6.697300000000022523e-08
-9.789749999258596724e-08
-3.156794557200000295e-02
-1.189438203710237392e-23
1.910006666593175391e-07
3.095366088533344981e-02
-1.230274051189439407e-23
-9.789750000247139760e-08
-1.202052065743089425e-23
-3.156794557200000295e-02
-6.570266666666685875e-08
-1.206938406431685909e-23
3.095821116000010281e-02
9.773883728416654648e-01
-6.352729999927927398e-06
-2.082394999999998127e-06
-9.463902316769992051e-01
2.701363999791389703e-06
2.701364000069247003e-06
-6.160947999927927038e-06
-1.992407571343342843e-01
3.327733333333319774e-08
3.044046999791389146e-06
1.892239676780002600e-01
-2.295490000002873423e-07
-2.068556666666666299e-06
3.943233333333319561e-08
-2.082219469150000668e-01
3.044047000069246446e-06
-2.295490000002872629e-07
1.845251929180002637e-01
-9.463902316769992051e-01
3.044046999791389146e-06
3.044047000069246446e-06
9.773883728416654648e-01
-6.352729999783831847e-06
2.082394999999998127e-06
2.701363999791389703e-06
1.892239676780002600e-01
-2.295490000002872629e-07
-6.160947999783831487e-06
-1.992407571343342843e-01
-3.327733333333293966e-08
2.701364000069247003e-06
-2.295490000002873423e-07
1.845251929180002637e-01
2.068556666666666299e-06
-3.943233333333294415e-08
-2.082219469150000668e-01
5.224984656886667578e-01
-3.083288666631083964e-06
-9.807726666666654832e-07
-5.513976273049998600e-01
1.306821999886070363e-06
1.306822000037978946e-06
-3.155460666631083956e-06
-5.827421637866702503e-02
2.278899999999994023e-08
1.575512999886070185e-06
6.881667335049990175e-02
-4.686199999999985410e-08
-1.030939333333331825e-06
2.423499999999993875e-08
-6.499177923900043008e-02
1.575513000037978768e-06
-4.686199999999978131e-08
6.881667334949988224e-02
-5.513976273049998600e-01
1.575512999886070185e-06
1.575513000037978768e-06
5.224984656886667578e-01
-3.083288666559959454e-06
9.807726666666654832e-07
1.306821999886070363e-06
6.881667335049990175e-02
-4.686199999999978131e-08
-3.155460666559959447e-06
-5.827421637866702503e-02
-2.278899999999982111e-08
1.306822000037978946e-06
-4.686199999999985410e-08
6.881667334949988224e-02
1.030939333333331825e-06
-2.423499999999981302e-08
-6.499177923900043008e-02
7.281932481066630269e-02
-1.920143333304376162e-07
-8.264333333333453791e-09
-5.215573457000017427e-02
1.032544999911912874e-07
1.032545000029364183e-07
-3.091293333304362664e-07
2.553160690166658350e-02
4.321266666666666861e-08
2.419959999911901346e-07
-4.202682563999996998e-03
-6.201750000000000592e-08
-7.960600000000013724e-08
3.103599999999999415e-08
1.858838037799990378e-02
2.419960000029352523e-07
-6.201749999999996622e-08
-4.202682563999996998e-03
-5.215573457000017427e-02
2.419959999911901346e-07
2.419960000029352523e-07
7.281932481066630269e-02
-1.920143333246465313e-07
8.264333333333458754e-09
1.032544999911912874e-07
-4.202682563999996998e-03
-6.201749999999996622e-08
-3.091293333246451551e-07
2.553160690166658350e-02
-4.321266666666666861e-08
1.032545000029364183e-07
-6.201750000000000592e-08
-4.202682563999996998e-03
7.960600000000013724e-08
-3.103599999999998754e-08
1.858838037799990378e-02
8.173463069936662828e-01
-5.568439999943562365e-06
-1.665259333333328786e-06
-7.623166077125006490e-01
2.715032999832311309e-06
2.715033000055890738e-06
-5.606579999943562309e-06
-1.041231191913336157e-01
3.748559999999993698e-07
2.651738499832311893e-06
1.505146104570001253e-01
-4.862849999999995928e-07
-1.767153333333328229e-06
3.621426666666660907e-07
-1.276588641256665713e-01
2.651738500055891322e-06
-4.862849999999995928e-07
1.505146104570001253e-01
-7.623166077125006490e-01
2.651738499832311893e-06
2.651738500055891322e-06
8.173463069936662828e-01
-5.568439999830714707e-06
1.665259333333328786e-06
2.715032999832311309e-06
1.505146104570001253e-01
-4.862849999999995928e-07
-5.606579999830714650e-06
-1.041231191913336157e-01
-3.748559999999991580e-07
2.715033000055890738e-06
-4.862849999999995928e-07
1.505146104570001253e-01
1.767153333333328229e-06
-3.621426666666658789e-07
-1.276588641256665713e-01
1.324661293090005632e-01
-5.452063333272476674e-07
-1.821599999999994553e-07
-1.370517088049998111e-01
3.489134999791407644e-07
3.489135000069852784e-07
-6.305723333272471098e-07
3.307001605533345379e-02
3.540199999999998177e-08
3.277394999791405246e-07
-2.349781778599999843e-02
-3.525599999996808557e-08
-1.854826666666662280e-07
5.811566666666660029e-08
1.800232555033334098e-02
3.277395000069850387e-07
-3.525599999996809218e-08
-2.297732180299999830e-02
-1.370517088049998111e-01
3.277394999791405246e-07
3.277395000069850387e-07
1.324661293090005632e-01
-5.452063333150750628e-07
1.821599999999994553e-07
3.489134999791407644e-07
-2.349781778599999843e-02
-3.525599999996809218e-08
-6.305723333150745051e-07
3.307001605533345379e-02
-3.540199999999996191e-08
3.489135000069852784e-07
-3.525599999996808557e-08
-2.297732180299999830e-02
1.854826666666662280e-07
-5.811566666666658044e-08
1.800232555033334098e-02
-8.571260166666700223e-03
1.973399999976701223e-07
6.594700000000020003e-08
9.267144351999989649e-03
-9.841249999300392669e-08
-9.841250000233206231e-08
1.956076666643369598e-07
2.947549899200006818e-02
4.038089123168537648e-24
-9.712499999300393584e-08
-2.881787292400001324e-02
-1.213089195030758663e-23
6.356633333333348967e-08
3.892315332510028152e-24
2.917657805200006907e-02
-9.712500000233207146e-08
-1.181554539950826683e-23
-2.881787292400001324e-02
9.267144351999989649e-03
-9.712499999300393584e-08
-9.712500000233207146e-08
-8.571260166666700223e-03
1.973399999930107529e-07
-6.594700000000020003e-08
-9.841249999300392669e-08
-2.881787292400001324e-02
-1.181554539950826683e-23
1.956076666596775904e-07
2.947549899200006818e-02
-1.211426736950561147e-23
-9.841250000233206231e-08
-1.213089195030758663e-23
-2.881787292400001324e-02
-6.356633333333348967e-08
-1.167694599753008299e-23
2.917657805200006907e-02
9.403229055733324238e-01
-6.490901333263079586e-06
-2.136949666666663833e-06
-1.096243348776999360e+00
3.658273499753337856e-06
3.658273500082211951e-06
-6.188146666596419373e-06
-2.072151204406671443e-01
1.744199999999986594e-08
3.335986999753338261e-06
2.464899782660000538e-01
-3.924449999999952135e-08
-2.023923333333331236e-06
2.906999999999987252e-08
-2.086800563336662917e-01
3.335987000082213203e-06
-3.924449999999960076e-08
2.464899782650000759e-01
-1.096243348776999360e+00
3.335986999753338261e-06
3.335987000082213203e-06
9.403229055733324238e-01
-6.490901333122546655e-06
2.136949666666663833e-06
3.658273499753337856e-06
2.464899782660000538e-01
-3.924449999999960076e-08
-6.188146666455886443e-06
-2.072151204406671443e-01
-1.744199999999960455e-08
3.658273500082211951e-06
-3.924449999999952135e-08
2.464899782650000759e-01
2.023923333333331236e-06
-2.906999999999962437e-08
-2.086800563336662917e-01
6.026576786133350933e-02
-1.733063333316674440e-07
-5.360000000000002997e-08
-6.457768863399999948e-02
9.963699999402584430e-08
9.963700000199124949e-08
-1.741266666650005781e-07
3.305558742266666988e-02
7.876666666666633263e-10
1.136799999940258199e-07
-3.205643706799998077e-02
9.990000000000113361e-10
-5.061866666666672844e-08
1.945333333333330338e-09
3.104801498166665299e-02
1.136800000019911986e-07
9.990000000000146448e-10
-3.205643706799998077e-02
-6.457768863399999948e-02
1.136799999940258199e-07
1.136800000019911986e-07
6.026576786133350933e-02
-1.733063333283351634e-07
5.360000000000002997e-08
9.963699999402584430e-08
-3.205643706799998077e-02
9.990000000000146448e-10
-1.741266666616682976e-07
3.305558742266666988e-02
-7.876666666666568122e-10
9.963700000199124949e-08
9.990000000000113361e-10
-3.205643706799998077e-02
5.061866666666672844e-08
-1.945333333333324134e-09
3.104801498166665299e-02
-8.205719744666694834e-03
1.980266666643269708e-07
6.617500000000022033e-08
8.792365443999989455e-03
-9.866999999282696380e-08
-9.867000000239110397e-08
1.973399999976603814e-07
3.000032412133340001e-02
4.052050096678818085e-24
-9.815499999282696217e-08
-3.025617869200000407e-02
-1.211512462281232271e-23
6.554800000000018434e-08
4.013657419525546332e-24
2.929819492000005840e-02
-9.815500000239110234e-08
-1.198898600228741254e-23
-3.025617869200000407e-02
8.792365443999989455e-03
-9.815499999282696217e-08
-9.815500000239110234e-08
-8.205719744666694834e-03
1.980266666596480667e-07
-6.617500000000022033e-08
-9.866999999282696380e-08
-3.025617869200000407e-02
-1.198898600228741254e-23
1.973399999929814773e-07
3.000032412133340001e-02
-1.215615029003645499e-23
-9.867000000239110397e-08
-1.211512462281232271e-23
-3.025617869200000407e-02
-6.554800000000018434e-08
-1.204097225857663900e-23
2.929819492000005840e-02
1.294533181630002361e-01
-6.895516666610997248e-07
-2.057289999999991021e-07
-2.026839268250000825e-01
3.287749999661335359e-07
3.287750000112895505e-07
-8.222946666610998699e-07
3.854305099833343212e-02
5.337333333333330701e-08
4.354839999661335949e-07
-1.832075772200000494e-02
-4.013299999999996636e-08
-2.608843333333330203e-07
8.352733333333321426e-08
1.102736676666663668e-02
4.354840000112895037e-07
-4.013299999999993989e-08
-1.832075772200000494e-02
-2.026839268250000825e-01
4.354839999661335949e-07
4.354840000112895037e-07
1.294533181630002361e-01
-6.895516666499664296e-07
2.057289999999991021e-07
3.287749999661335359e-07
-1.832075772200000494e-02
-4.013299999999993989e-08
-8.222946666499665747e-07
3.854305099833343212e-02
-5.337333333333328054e-08
3.287750000112895505e-07
-4.013299999999996636e-08
-1.832075772200000494e-02
2.608843333333330203e-07
-8.352733333333317455e-08
1.102736676666663668e-02
5.925059599933350796e-02
-2.511696666655306193e-07
-6.124066666666645788e-08
-9.215848114900007659e-02
1.142254999878634929e-07
1.142255000040125334e-07
-2.527226666655303951e-07
4.068772606566668087e-02
1.603699999999999663e-08
1.604419999878637135e-07
-2.609133896799998784e-02
-1.696200000003271329e-08
-1.068663333333329708e-07
2.103766666666665037e-08
2.434096708133329234e-02
1.604420000040127937e-07
-1.696200000003270005e-08
-2.662566683599998374e-02
-9.215848114900007659e-02
1.604419999878637135e-07
1.604420000040127937e-07
5.925059599933350796e-02
-2.511696666632573417e-07
6.124066666666645788e-08
1.142254999878634929e-07
-2.609133896799998784e-02
-1.696200000003270005e-08
-2.527226666632571175e-07
4.068772606566668087e-02
-1.603699999999999001e-08
1.142255000040125334e-07
-1.696200000003271329e-08
-2.662566683599998374e-02
1.068663333333329708e-07
-2.103766666666663714e-08
2.434096708133329234e-02
1.021997597313328565e-01
-3.734953333283897641e-07
-1.243516666666665258e-07
-5.415245367099999485e-02
9.868049999247079835e-08
9.868050000250995196e-08
-4.463433333283922174e-07
2.150131903099990194e-02
9.433700000000000624e-08
1.655544999924708451e-07
-1.316461701150001794e-02
-6.219400000000000753e-08
-1.026026666666665605e-07
8.036800000000002191e-08
5.251833268666676602e-03
1.655545000025099590e-07
-6.219399999999998106e-08
-1.316461701150001794e-02
-5.415245367099999485e-02
1.655544999924708451e-07
1.655545000025099590e-07
1.021997597313328565e-01
-3.734953333185070601e-07
1.243516666666665523e-07
9.868049999247079835e-08
-1.316461701150001794e-02
-6.219399999999998106e-08
-4.463433333185095135e-07
2.150131903099990194e-02
-9.433699999999999301e-08
9.868050000250995196e-08
-6.219400000000000753e-08
-1.316461701150001794e-02
1.026026666666665737e-07
-8.036800000000000867e-08
5.251833268666676602e-03
