4.608330178999999749e-01
-2.616299999999999836e-06
-1.744199999999999962e-06
-4.608330178999999749e-01
2.616299999999999836e-06
1.744199999999999962e-06
-2.616299999999999836e-06
-3.884997390000000106e-02
0.000000000000000000e+00
2.616299999999999836e-06
3.884997390000000106e-02
0.000000000000000000e+00
-1.744199999999999962e-06
0.000000000000000000e+00
-3.884997390000000106e-02
1.744199999999999962e-06
0.000000000000000000e+00
3.884997390000000106e-02
-4.608330178999999749e-01
2.616299999999999836e-06
1.744199999999999962e-06
4.608330178999999749e-01
-2.616299999999999836e-06
-1.744199999999999962e-06
2.616299999999999836e-06
3.884997390000000106e-02
0.000000000000000000e+00
-2.616299999999999836e-06
-3.884997390000000106e-02
0.000000000000000000e+00
1.744199999999999962e-06
0.000000000000000000e+00
3.884997390000000106e-02
-1.744199999999999962e-06
0.000000000000000000e+00
-3.884997390000000106e-02
2.317226250999999959e-01
-1.175199999999999988e-06
-7.834999999999999947e-07
-2.317226250999999959e-01
1.175199999999999988e-06
7.834999999999999947e-07
-1.175199999999999988e-06
7.272390899999999977e-03
0.000000000000000000e+00
1.175199999999999988e-06
-7.272390899999999977e-03
0.000000000000000000e+00
-7.834999999999999947e-07
0.000000000000000000e+00
7.272390899999999977e-03
7.834999999999999947e-07
0.000000000000000000e+00
-7.272390899999999977e-03
-2.317226250999999959e-01
1.175199999999999988e-06
7.834999999999999947e-07
2.317226250999999959e-01
-1.175199999999999988e-06
-7.834999999999999947e-07
1.175199999999999988e-06
-7.272390899999999977e-03
0.000000000000000000e+00
-1.175199999999999988e-06
7.272390899999999977e-03
0.000000000000000000e+00
7.834999999999999947e-07
0.000000000000000000e+00
-7.272390899999999977e-03
-7.834999999999999947e-07
0.000000000000000000e+00
7.272390899999999977e-03
-1.077868000000000055e-02
2.083000000000000057e-07
1.389000000000000063e-07
1.077868000000000055e-02
-2.083000000000000057e-07
-1.389000000000000063e-07
2.083000000000000057e-07
2.899907609999999997e-02
0.000000000000000000e+00
-2.083000000000000057e-07
-2.899907609999999997e-02
0.000000000000000000e+00
1.389000000000000063e-07
0.000000000000000000e+00
2.899907609999999997e-02
-1.389000000000000063e-07
0.000000000000000000e+00
-2.899907609999999997e-02
1.077868000000000055e-02
-2.083000000000000057e-07
-1.389000000000000063e-07
-1.077868000000000055e-02
2.083000000000000057e-07
1.389000000000000063e-07
-2.083000000000000057e-07
-2.899907609999999997e-02
0.000000000000000000e+00
2.083000000000000057e-07
2.899907609999999997e-02
0.000000000000000000e+00
-1.389000000000000063e-07
0.000000000000000000e+00
-2.899907609999999997e-02
1.389000000000000063e-07
0.000000000000000000e+00
2.899907609999999997e-02
9.354418425999999620e-01
-5.720999999999999943e-06
-3.813999999999999821e-06
-9.354418425999999620e-01
5.720999999999999943e-06
3.813999999999999821e-06
-5.720999999999999943e-06
-1.572096508999999975e-01
0.000000000000000000e+00
5.720999999999999943e-06
1.572096508999999975e-01
0.000000000000000000e+00
-3.813999999999999821e-06
0.000000000000000000e+00
-1.572096510000000058e-01
3.813999999999999821e-06
0.000000000000000000e+00
1.572096510000000058e-01
-9.354418425999999620e-01
5.720999999999999943e-06
3.813999999999999821e-06
9.354418425999999620e-01
-5.720999999999999943e-06
-3.813999999999999821e-06
5.720999999999999943e-06
1.572096508999999975e-01
0.000000000000000000e+00
-5.720999999999999943e-06
-1.572096508999999975e-01
0.000000000000000000e+00
3.813999999999999821e-06
0.000000000000000000e+00
1.572096510000000058e-01
-3.813999999999999821e-06
0.000000000000000000e+00
-1.572096510000000058e-01
4.608330178999999749e-01
-2.616299999999999836e-06
-1.744199999999999962e-06
-4.608330178999999749e-01
2.616299999999999836e-06
1.744199999999999962e-06
-2.616299999999999836e-06
-3.884997390000000106e-02
0.000000000000000000e+00
2.616299999999999836e-06
3.884997390000000106e-02
0.000000000000000000e+00
-1.744199999999999962e-06
0.000000000000000000e+00
-3.884997390000000106e-02
1.744199999999999962e-06
0.000000000000000000e+00
3.884997390000000106e-02
-4.608330178999999749e-01
2.616299999999999836e-06
1.744199999999999962e-06
4.608330178999999749e-01
-2.616299999999999836e-06
-1.744199999999999962e-06
2.616299999999999836e-06
3.884997390000000106e-02
0.000000000000000000e+00
-2.616299999999999836e-06
-3.884997390000000106e-02
0.000000000000000000e+00
1.744199999999999962e-06
0.000000000000000000e+00
3.884997390000000106e-02
-1.744199999999999962e-06
0.000000000000000000e+00
-3.884997390000000106e-02
-1.607230869999999937e-02
2.200000000000000112e-07
1.467000000000000100e-07
1.607230869999999937e-02
-2.200000000000000112e-07
-1.467000000000000100e-07
2.200000000000000112e-07
2.594823190000000029e-02
0.000000000000000000e+00
-2.200000000000000112e-07
-2.594823190000000029e-02
0.000000000000000000e+00
1.467000000000000100e-07
0.000000000000000000e+00
2.594823190000000029e-02
-1.467000000000000100e-07
0.000000000000000000e+00
-2.594823190000000029e-02
1.607230869999999937e-02
-2.200000000000000112e-07
-1.467000000000000100e-07
-1.607230869999999937e-02
2.200000000000000112e-07
1.467000000000000100e-07
-2.200000000000000112e-07
-2.594823190000000029e-02
0.000000000000000000e+00
2.200000000000000112e-07
2.594823190000000029e-02
0.000000000000000000e+00
-1.467000000000000100e-07
0.000000000000000000e+00
-2.594823190000000029e-02
1.467000000000000100e-07
0.000000000000000000e+00
2.594823190000000029e-02
1.938531461800000022e+00
-1.257199999999999923e-05
-8.381300000000000544e-06
-1.938531461800000022e+00
1.257199999999999923e-05
8.381300000000000544e-06
-1.257199999999999923e-05
-4.626050848000000104e-01
0.000000000000000000e+00
1.257199999999999923e-05
4.626050848000000104e-01
0.000000000000000000e+00
-8.381300000000000544e-06
0.000000000000000000e+00
-4.626050848000000104e-01
8.381300000000000544e-06
0.000000000000000000e+00
4.626050848000000104e-01
-1.938531461800000022e+00
1.257199999999999923e-05
8.381300000000000544e-06
1.938531461800000022e+00
-1.257199999999999923e-05
-8.381300000000000544e-06
1.257199999999999923e-05
4.626050848000000104e-01
0.000000000000000000e+00
-1.257199999999999923e-05
-4.626050848000000104e-01
0.000000000000000000e+00
8.381300000000000544e-06
0.000000000000000000e+00
4.626050848000000104e-01
-8.381300000000000544e-06
0.000000000000000000e+00
-4.626050848000000104e-01
1.383392844999999927e-01
-5.866000000000000249e-07
-3.911000000000000015e-07
-1.383392844999999927e-01
5.866000000000000249e-07
3.911000000000000015e-07
-5.866000000000000249e-07
2.629675750000000020e-02
0.000000000000000000e+00
5.866000000000000249e-07
-2.629675750000000020e-02
0.000000000000000000e+00
-3.911000000000000015e-07
0.000000000000000000e+00
2.629675750000000020e-02
3.911000000000000015e-07
0.000000000000000000e+00
-2.629675750000000020e-02
-1.383392844999999927e-01
5.866000000000000249e-07
3.911000000000000015e-07
1.383392844999999927e-01
-5.866000000000000249e-07
-3.911000000000000015e-07
5.866000000000000249e-07
-2.629675750000000020e-02
0.000000000000000000e+00
-5.866000000000000249e-07
2.629675750000000020e-02
0.000000000000000000e+00
3.911000000000000015e-07
0.000000000000000000e+00
-2.629675750000000020e-02
-3.911000000000000015e-07
0.000000000000000000e+00
2.629675750000000020e-02
-1.077868000000000055e-02
2.083000000000000057e-07
1.389000000000000063e-07
1.077868000000000055e-02
-2.083000000000000057e-07
-1.389000000000000063e-07
2.083000000000000057e-07
2.899907609999999997e-02
0.000000000000000000e+00
-2.083000000000000057e-07
-2.899907609999999997e-02
0.000000000000000000e+00
1.389000000000000063e-07
0.000000000000000000e+00
2.899907609999999997e-02
-1.389000000000000063e-07
0.000000000000000000e+00
-2.899907609999999997e-02
1.077868000000000055e-02
-2.083000000000000057e-07
-1.389000000000000063e-07
-1.077868000000000055e-02
2.083000000000000057e-07
1.389000000000000063e-07
-2.083000000000000057e-07
-2.899907609999999997e-02
0.000000000000000000e+00
2.083000000000000057e-07
2.899907609999999997e-02
0.000000000000000000e+00
-1.389000000000000063e-07
0.000000000000000000e+00
-2.899907609999999997e-02
1.389000000000000063e-07
0.000000000000000000e+00
2.899907609999999997e-02
9.354418425999999620e-01
-5.720999999999999943e-06
-3.813999999999999821e-06
-9.354418425999999620e-01
5.720999999999999943e-06
3.813999999999999821e-06
-5.720999999999999943e-06
-1.572096508999999975e-01
0.000000000000000000e+00
5.720999999999999943e-06
1.572096508999999975e-01
0.000000000000000000e+00
-3.813999999999999821e-06
0.000000000000000000e+00
-1.572096510000000058e-01
3.813999999999999821e-06
0.000000000000000000e+00
1.572096510000000058e-01
-9.354418425999999620e-01
5.720999999999999943e-06
3.813999999999999821e-06
9.354418425999999620e-01
-5.720999999999999943e-06
-3.813999999999999821e-06
5.720999999999999943e-06
1.572096508999999975e-01
0.000000000000000000e+00
-5.720999999999999943e-06
-1.572096508999999975e-01
0.000000000000000000e+00
3.813999999999999821e-06
0.000000000000000000e+00
1.572096510000000058e-01
-3.813999999999999821e-06
0.000000000000000000e+00
-1.572096510000000058e-01
6.339259329999999415e-02
-1.572000000000000047e-07
-1.047999999999999988e-07
-6.339259329999999415e-02
1.572000000000000047e-07
1.047999999999999988e-07
-1.572000000000000047e-07
3.337434489999999837e-02
0.000000000000000000e+00
1.572000000000000047e-07
-3.337434489999999837e-02
0.000000000000000000e+00
-1.047999999999999988e-07
0.000000000000000000e+00
3.337434489999999837e-02
1.047999999999999988e-07
0.000000000000000000e+00
-3.337434489999999837e-02
-6.339259329999999415e-02
1.572000000000000047e-07
1.047999999999999988e-07
6.339259329999999415e-02
-1.572000000000000047e-07
-1.047999999999999988e-07
1.572000000000000047e-07
-3.337434489999999837e-02
0.000000000000000000e+00
-1.572000000000000047e-07
3.337434489999999837e-02
0.000000000000000000e+00
1.047999999999999988e-07
0.000000000000000000e+00
-3.337434489999999837e-02
-1.047999999999999988e-07
0.000000000000000000e+00
3.337434489999999837e-02
-1.077868000000000055e-02
2.083000000000000057e-07
1.389000000000000063e-07
1.077868000000000055e-02
-2.083000000000000057e-07
-1.389000000000000063e-07
2.083000000000000057e-07
2.899907609999999997e-02
0.000000000000000000e+00
-2.083000000000000057e-07
-2.899907609999999997e-02
0.000000000000000000e+00
1.389000000000000063e-07
0.000000000000000000e+00
2.899907609999999997e-02
-1.389000000000000063e-07
0.000000000000000000e+00
-2.899907609999999997e-02
1.077868000000000055e-02
-2.083000000000000057e-07
-1.389000000000000063e-07
-1.077868000000000055e-02
2.083000000000000057e-07
1.389000000000000063e-07
-2.083000000000000057e-07
-2.899907609999999997e-02
0.000000000000000000e+00
2.083000000000000057e-07
2.899907609999999997e-02
0.000000000000000000e+00
-1.389000000000000063e-07
0.000000000000000000e+00
-2.899907609999999997e-02
1.389000000000000063e-07
0.000000000000000000e+00
2.899907609999999997e-02
1.383392844999999927e-01
-5.866000000000000249e-07
-3.911000000000000015e-07
-1.383392844999999927e-01
5.866000000000000249e-07
3.911000000000000015e-07
-5.866000000000000249e-07
2.629675750000000020e-02
0.000000000000000000e+00
5.866000000000000249e-07
-2.629675750000000020e-02
0.000000000000000000e+00
-3.911000000000000015e-07
0.000000000000000000e+00
2.629675750000000020e-02
3.911000000000000015e-07
0.000000000000000000e+00
-2.629675750000000020e-02
-1.383392844999999927e-01
5.866000000000000249e-07
3.911000000000000015e-07
1.383392844999999927e-01
-5.866000000000000249e-07
-3.911000000000000015e-07
5.866000000000000249e-07
-2.629675750000000020e-02
0.000000000000000000e+00
-5.866000000000000249e-07
2.629675750000000020e-02
0.000000000000000000e+00
3.911000000000000015e-07
0.000000000000000000e+00
-2.629675750000000020e-02
-3.911000000000000015e-07
0.000000000000000000e+00
2.629675750000000020e-02
6.339259329999999415e-02
-1.572000000000000047e-07
-1.047999999999999988e-07
-6.339259329999999415e-02
1.572000000000000047e-07
1.047999999999999988e-07
-1.572000000000000047e-07
3.337434489999999837e-02
0.000000000000000000e+00
1.572000000000000047e-07
-3.337434489999999837e-02
0.000000000000000000e+00
-1.047999999999999988e-07
0.000000000000000000e+00
3.337434489999999837e-02
1.047999999999999988e-07
0.000000000000000000e+00
-3.337434489999999837e-02
-6.339259329999999415e-02
1.572000000000000047e-07
1.047999999999999988e-07
6.339259329999999415e-02
-1.572000000000000047e-07
-1.047999999999999988e-07
1.572000000000000047e-07
-3.337434489999999837e-02
0.000000000000000000e+00
-1.572000000000000047e-07
3.337434489999999837e-02
0.000000000000000000e+00
1.047999999999999988e-07
0.000000000000000000e+00
-3.337434489999999837e-02
-1.047999999999999988e-07
0.000000000000000000e+00
3.337434489999999837e-02
-1.607230869999999937e-02
2.200000000000000112e-07
1.467000000000000100e-07
1.607230869999999937e-02
-2.200000000000000112e-07
-1.467000000000000100e-07
2.200000000000000112e-07
2.594823190000000029e-02
0.000000000000000000e+00
-2.200000000000000112e-07
-2.594823190000000029e-02
0.000000000000000000e+00
1.467000000000000100e-07
0.000000000000000000e+00
2.594823190000000029e-02
-1.467000000000000100e-07
0.000000000000000000e+00
-2.594823190000000029e-02
1.607230869999999937e-02
-2.200000000000000112e-07
-1.467000000000000100e-07
-1.607230869999999937e-02
2.200000000000000112e-07
1.467000000000000100e-07
-2.200000000000000112e-07
-2.594823190000000029e-02
0.000000000000000000e+00
2.200000000000000112e-07
2.594823190000000029e-02
0.000000000000000000e+00
-1.467000000000000100e-07
0.000000000000000000e+00
-2.594823190000000029e-02
1.467000000000000100e-07
0.000000000000000000e+00
2.594823190000000029e-02
