2.776015125635480159e-04
-1.036622868730751578e-09
-5.789319850999759827e-10
-2.776015125637680547e-04
1.040922762899873802e-09
4.631258705439248918e-11
-1.077579996235536100e-09
4.183019666183779604e-15
-6.847981915552380028e-12
1.077579996213688812e-09
-4.040596288244538462e-15
-1.797863855943913525e-16
-6.017402519499935178e-10
2.335782457379556928e-15
1.304365861440924936e-15
6.017402519504765913e-10
-2.256359027156464510e-15
-1.003810456282028495e-16
-2.776015125637680547e-04
1.077579996213688812e-09
6.017402519504765913e-10
2.776015125639880394e-04
-9.999656354048136156e-10
-6.912085390443824534e-11
1.040922762899873802e-09
-4.040596288244538462e-15
-2.256359027156464510e-15
-1.040922762909598137e-09
3.903158162854415522e-15
6.850491344228315162e-12
4.631258705439248918e-11
-1.797863855943913525e-16
-1.003810456282028495e-16
-4.631258705442065209e-11
1.736462185559484382e-16
7.721504968981133283e-18
1.386921997901475806e-04
-5.659128758698488109e-10
-2.861793471808191537e-10
-1.386921997900198615e-04
5.971270849332383831e-10
5.936966879869648000e-11
-5.738475822770329212e-10
2.374281489449787391e-15
7.886325163095167018e-14
5.738475822946415284e-10
-2.470650130484219784e-15
-2.456448805168950367e-16
-2.930539760862957788e-10
1.212529274148859646e-15
6.192178178509148444e-16
2.930539760860259628e-10
-1.261717782616580748e-15
-1.254473183710576843e-16
-1.386921997900198615e-04
5.738475822946415284e-10
2.930539760860259628e-10
1.386921997898921967e-04
-5.891923785254825876e-10
-6.624429770411765809e-11
5.971270849332383831e-10
-2.470650130484219784e-15
-1.261717782616580748e-15
-5.971270849326666979e-10
2.570877892524870479e-15
-7.739511091257147368e-14
5.936966879869648000e-11
-2.456448805168950367e-16
-1.254473183710576843e-16
-5.936966879864105890e-11
2.556114442313352280e-16
2.541416601353762926e-17
-4.856431322872675714e-06
1.960519563318119633e-11
2.503163441988104344e-11
4.856431323033462896e-06
-1.751462039039150653e-11
1.254045877850651410e-11
1.736947168083812127e-11
-6.211549142071808850e-17
-8.703469538410580304e-17
-1.736947168622933230e-11
6.263667691448953873e-17
-4.487354688650252734e-17
2.434021642244696663e-11
-8.703469538410580304e-17
-1.220057009713702799e-16
-2.434021642325225604e-11
8.777585952657573979e-17
-6.283385765311439921e-17
4.856431323033462896e-06
-1.736947168622933230e-11
-2.434021642325225604e-11
-4.856431323194238220e-06
1.975034435407413888e-11
-1.323187677635629117e-11
-1.751462039039150653e-11
6.263667691448953873e-17
8.777585952657573979e-17
1.751462040173106382e-11
-6.314275558235457226e-17
4.524572356242894481e-17
1.254045877850651410e-11
-4.487354688650252734e-17
-6.283385765311439921e-17
-1.254045877892222244e-11
4.524572356265405366e-17
-3.238825249596542150e-17
5.235378444944004334e-04
-2.196169371733669815e-09
-1.258916948194987153e-09
-5.235378444951354140e-04
1.999011414907830886e-09
4.708578910923766685e-11
-2.091786118217087416e-09
8.357791005422653814e-15
-3.345048375468172554e-12
2.091786118268117429e-09
-7.986978856723695469e-15
-1.881101159685979497e-16
-1.251385009553299369e-09
4.999728079542927722e-15
2.991312380464175669e-15
1.251385009555060851e-09
-4.778158984013545716e-15
-1.126004952247276676e-16
-5.235378444951354140e-04
2.091786118268117429e-09
1.251385009555060851e-09
5.235378444958712621e-04
-2.103394668419695875e-09
-3.955385046760797377e-11
1.999011414907830886e-09
-7.986978856723695469e-15
-4.778158984013545716e-15
-1.999011414903114303e-09
7.632859750651328519e-15
3.350227879650866957e-12
4.708578910923766685e-11
-1.881101159685979497e-16
-1.126004952247276676e-16
-4.708578910929558888e-11
1.797761031514102704e-16
4.238050081189738810e-18
2.922504930741047415e-04
-1.116193875329341799e-09
-6.396957232025203530e-10
-2.922504930745269841e-04
1.081629093780898233e-09
3.049125410147825546e-11
-1.155475706641971322e-09
4.568357027991760987e-15
-7.843929085983315434e-13
1.155475706706035633e-09
-4.276410063937261175e-15
-1.205631658212653665e-16
-6.670004748723772179e-10
2.637076410566833739e-15
1.522309355726552133e-15
6.670004748733422275e-10
-2.468592563916347767e-15
-6.958078722916060216e-17
-2.922504930745269841e-04
1.155475706706035633e-09
6.670004748733422275e-10
2.922504930749496603e-04
-1.042347262465964392e-09
-5.779600577137561990e-11
1.081629093780898233e-09
-4.276410063937261175e-15
-2.468592563916347767e-15
-1.081629093778593914e-09
4.003150243529002720e-15
7.871428210074223679e-13
3.049125410147825546e-11
-1.205631658212653665e-16
-6.958078722916060216e-17
-3.049125410151887132e-11
1.128359985239886449e-16
3.162799957791534884e-18
3.401076041123057272e-05
-1.310561164266383741e-10
-6.444302166597809570e-11
-3.401076041154018020e-05
1.492725175150528918e-10
1.163993670430139118e-11
-1.947995581239524514e-10
1.115723124908143402e-15
6.628116938889188126e-12
1.947995581294844544e-10
-8.549745888802566427e-16
-6.667060329550297514e-17
-1.032729185174141396e-10
5.915003518193032479e-16
3.135829327826318269e-16
1.032729185183548378e-10
-4.532667022326617144e-16
-3.533518026653037898e-17
-3.401076041154018020e-05
1.947995581294844544e-10
1.032729185183548378e-10
3.401076041184979446e-05
-8.552907582047751897e-11
-5.046983355584296198e-11
1.492725175150528918e-10
-8.549745888802566427e-16
-4.532667022326617144e-16
-1.492725175177915834e-10
6.551622676757682344e-16
-6.627474352690943658e-12
1.163993670430139118e-11
-6.667060329550297514e-17
-3.533518026653037898e-17
-1.163993670440689063e-11
5.108584639599077521e-17
3.979191395500823752e-18
4.298900691854529860e-04
-1.913219910885810708e-09
-1.044693534163545005e-09
-4.298900691856279220e-04
1.951724947831433821e-09
1.416811232888239445e-10
-1.933978779231757990e-09
8.700504457935674921e-15
6.924572029328073725e-12
1.933978779108460102e-09
-8.780344032851098983e-15
-6.374784806525767375e-16
-1.100152478349227348e-09
4.949247345815475684e-15
2.815336640895428443e-15
1.100152478349671131e-09
-4.994794005930702161e-15
-3.625277885050422213e-16
-4.298900691856279220e-04
1.933978779108460102e-09
1.100152478349671131e-09
4.298900691858031833e-04
-1.930966079515601289e-09
-1.971400674745579090e-10
1.951724947831433821e-09
-8.780344032851098983e-15
-4.994794005930702161e-15
-1.951724947861548158e-09
8.860984269539563081e-15
-6.918979553830203494e-12
1.416811232888239445e-10
-6.374784806525767375e-16
-3.625277885050422213e-16
-1.416811232888757984e-10
6.432281520544529769e-16
4.652128216290672435e-17
7.334668744456211654e-05
-2.842690013023186192e-10
-1.535071581418198277e-10
-7.334668744450272937e-05
3.367065276607769325e-10
6.184842917252533447e-11
-3.307320730175809025e-10
1.491317528183103446e-15
-1.236191150203058768e-11
3.307320730282904099e-10
-1.518262440540440025e-15
-2.788807181945033064e-16
-1.553156216942791954e-10
7.003487050694015837e-16
3.288694102606456237e-16
1.553156216941543945e-10
-7.129808868674016317e-16
-1.309425888632303492e-16
-7.334668744450272937e-05
3.307320730282904099e-10
1.553156216941543945e-10
7.334668744444334219e-05
-2.902434559457227369e-10
-6.365689272493410196e-11
3.367065276607769325e-10
-1.518262440540440025e-15
-7.129808868674016317e-16
-3.367065276609850718e-10
1.545688882973543618e-15
1.236289575543904143e-11
6.184842917252533447e-11
-2.788807181945033064e-16
-1.309425888632303492e-16
-6.184842917247460503e-11
2.839047033829914169e-16
5.212446822432127941e-17
-4.854550221743190755e-06
1.948109033036262355e-11
2.434078790986765657e-11
4.854550221877404820e-06
-1.887613757855765312e-11
1.052742019470851603e-11
1.853821461987607238e-11
-7.079436290395576662e-17
-8.782409365225588653e-17
-1.853821462075922016e-11
7.207844310600138364e-17
-4.036935122580217535e-17
2.304503683726885342e-11
-8.782409365234029465e-17
-1.093847751403839415e-16
-2.304503683791402845e-11
8.944559712941589585e-17
-4.997901986712882188e-17
4.854550221877404820e-06
-1.853821462075922016e-11
-2.304503683791402845e-11
-4.854550222011618037e-06
1.981901329223305664e-11
-1.182317126760701221e-11
-1.887613757855765312e-11
7.207844310600138364e-17
8.944559712941589585e-17
1.887613758174644731e-11
-7.338707190014492164e-17
4.110359548073972883e-17
1.052742019470851603e-11
-4.036935122580217535e-17
-4.997901986712882188e-17
-1.052742019500819775e-11
4.110359548096483768e-17
-2.282643906925945291e-17
5.542319186159647354e-04
-2.275611689542949670e-09
-1.355905094937364532e-09
-5.542319186158547973e-04
2.200259996096002822e-09
2.613324036413484279e-10
-2.110828148209591624e-09
8.039157833404466356e-15
-6.323966499881751302e-12
2.110828148149106937e-09
-8.379937612201464547e-15
-9.948723755034465910e-16
-1.294387035857873604e-09
4.930226040406509066e-15
3.023033642117500549e-15
1.294387035857603736e-09
-5.138191052408243037e-15
-6.102295162292554689e-16
-5.542319186158547973e-04
2.110828148149106937e-09
1.294387035857603736e-09
5.542319186157450761e-04
-2.365043537489881124e-09
-1.998143445618126254e-10
2.200259996096002822e-09
-8.379937612201464547e-15
-5.138191052408243037e-15
-2.200259996156522665e-09
8.735008448305935602e-15
6.329934661684290596e-12
2.613324036413484279e-10
-9.948723755034465910e-16
-6.102295162292554689e-16
-2.613324036413033982e-10
1.037935762132723356e-15
1.232483423806483857e-16
3.397494595183156538e-05
-1.611889862983187434e-10
-7.587733312688564701e-11
-3.397494595183300195e-05
1.577829760431620864e-10
4.313359189382047581e-11
-1.616354779518702738e-10
7.689865358209200455e-16
-6.297424127344756939e-13
1.616354779433540617e-10
-7.506581792899572311e-16
-2.052315603870257102e-16
-7.425465074193416840e-11
3.532852682692391063e-16
1.622601483059653285e-16
7.425465074193755467e-11
-3.448784284611230632e-16
-9.424804398247137782e-17
-3.397494595183300195e-05
1.616354779433540617e-10
7.425465074193755467e-11
3.397494595183442496e-05
-1.573364843849553386e-10
-4.151090950887069033e-11
1.577829760431620864e-10
-7.506581792899572311e-16
-3.448784284611230632e-16
-1.577829760385068690e-10
7.327679207102806491e-16
6.302960482366468159e-13
4.313359189382047581e-11
-2.052315603870257102e-16
-9.424804398247137782e-17
-4.313359189382216895e-11
2.003502339019532214e-16
5.474916499357903429e-17
-4.625865398165535747e-06
1.801171870616076807e-11
2.511744846767341665e-11
4.625865398332063271e-06
-1.778027335017648032e-11
1.288256309659777682e-11
1.763797924808836451e-11
-6.721782187061108202e-17
-9.419998348353747655e-17
-1.763797924030781642e-11
6.777677442914858634e-17
-4.938769611148707084e-17
2.477618442853052730e-11
-9.419998348355681597e-17
-1.326908101486811455e-16
-2.477618442942202120e-11
9.497459670897297253e-17
-6.900419930672429356e-17
4.625865398332063271e-06
-1.763797924030781642e-11
-2.477618442942202120e-11
-4.625865398498596725e-06
1.815401280064763689e-11
-1.322382713620488898e-11
-1.778027335017648032e-11
6.777677442914858634e-17
9.497459670897297253e-17
1.778027334257523333e-11
-6.832817357473288230e-17
4.978782465889027792e-17
1.288256309659777682e-11
-4.938769611148707084e-17
-6.900419930672429356e-17
-1.288256309706200609e-11
4.978782465895359017e-17
-3.587493947734965719e-17
9.038795675746592385e-05
-3.386929729408265745e-10
-1.677322007821818084e-10
-9.038795675757742049e-05
3.800198359126977351e-10
3.039287788024672183e-11
-4.109424344207964204e-10
1.868348024095792680e-15
-1.641134309577708908e-11
4.109424344016830165e-10
-1.727739353618559863e-15
-1.381706922945850413e-16
-1.977521877576276134e-10
8.990674029242201161e-16
4.326611381804520464e-16
1.977521877578719160e-10
-8.314162774250595831e-16
-6.651306548672918557e-17
-9.038795675757742049e-05
4.109424344016830165e-10
1.977521877578719160e-10
9.038795675768891713e-05
-3.077703744317216756e-10
-6.041286485572947206e-11
3.800198359126977351e-10
-1.727739353618559863e-15
-8.314162774250595831e-16
-3.800198359116915216e-10
1.597739451634110086e-15
1.641236993923613239e-11
3.039287788024672183e-11
-1.381706922945850413e-16
-6.651306548672918557e-17
-3.039287788028368000e-11
1.277760561348454601e-16
1.023593370592554434e-17
4.120452410683234958e-05
-1.960244175218026128e-10
-6.635086678935929577e-11
-4.120452410687198394e-05
1.829504352431010905e-10
2.149293246103263086e-11
-1.968696855485789769e-10
9.405925247048860554e-16
-2.721330999568034661e-12
1.968696855216844917e-10
-8.740998304777830491e-16
-1.026967264184935478e-16
-9.118403950906024919e-11
4.356751907209765546e-16
2.018100356258917462e-16
9.118403950914800789e-11
-4.048488759853789923e-16
-4.758976625551628777e-17
-4.120452410687198394e-05
1.968696855216844917e-10
9.118403950914800789e-11
4.120452410691160475e-05
-1.821051672062512176e-10
-4.632610518075401822e-11
1.829504352431010905e-10
-8.740998304777830491e-16
-4.048488759853789923e-16
-1.829504352330276075e-10
8.123091358140529197e-16
2.721862104536611764e-12
2.149293246103263086e-11
-1.026967264184935478e-16
-4.758976625551628777e-17
-2.149293246105306481e-11
9.542977786316256539e-17
1.122397907812805912e-17
4.254975109585838972e-05
-1.722313835164269377e-10
-8.783122743048590916e-11
-4.254975109596136182e-05
1.926569862654823658e-10
5.516451873994258496e-12
-2.118811486256456170e-10
1.055068274717252056e-15
7.603436427224714090e-12
2.118811486278796768e-10
-9.593457607144668580e-16
-2.748714086551100458e-17
-7.599366509026560936e-11
3.784323496787223339e-16
1.357157282367029206e-16
7.599366509044968289e-11
-3.440887583062342976e-16
-9.840509624122172942e-18
-4.254975109596136182e-05
2.118811486278796768e-10
7.599366509044968289e-11
4.254975109606443556e-05
-1.530072211570281048e-10
6.321110466212892043e-12
1.926569862654823658e-10
-9.593457607144668580e-16
-3.440887583062342976e-16
-1.926569862662467324e-10
8.723096716078723985e-16
-7.603033007893725901e-12
5.516451873994258496e-12
-2.748714086551100458e-17
-9.840509624122172942e-18
-5.516451874007391603e-12
2.498698130816805930e-17
7.023913593657519446e-19
