7.915770588617244890e-06
2.545748083773065193e-05
3.298095146833033816e-05
6.869879604224179330e-05
1.251701690970773195e-04
5.171434005740951761e+03
3.001677044361152978e-06
5.131827018960507520e-06
6.172949486748855851e-06
6.219200618318887930e-05
8.850867537081020771e-05
3.655325794224355832e+03
7.984310756712228072e-06
1.812372421428257757e-05
2.578974665301891287e-05
4.525480583721687840e-05
4.775025101229140537e-05
6.840040900343947214e+02
1.516793878048359285e-05
5.693950065526528354e-05
9.859345387920445322e-05
9.929857476359771557e-05
2.044020302038178935e-04
7.101892809759250667e+03
1.064005578843063761e-05
2.627377015620859337e-05
2.776089563489149252e-05
6.295614249102306160e-05
1.331020100259959710e-04
5.306127716882385357e+03
9.093850032622594081e-06
1.200353315655757207e-05
1.283996376053188558e-05
2.135645735414884962e-05
3.613351541135428999e-05
1.810123654900137581e+03
3.051035954866391749e-05
6.691895914617358905e-05
7.388233026544843436e-05
7.743186429380899155e-05
1.770173507416204154e-04
6.435447906843945020e+03
2.803897621808421910e-06
1.710916159981300399e-05
2.513862180901511105e-05
5.193557978468327940e-05
7.226703082270857998e-05
2.658216351306834895e+03
5.696700947536141539e-06
2.026969950138127904e-05
2.293866113757817222e-05
1.259348937607596196e-04
1.295743676544033169e-04
6.838716053537102653e+02
5.718424964439777146e-05
5.956803247097430370e-05
2.044020302038178935e-04
2.105758023289403555e-04
2.111943176987602548e-04
7.307113270616907357e+03
5.039511570313073572e-06
1.347018967624885705e-05
3.613351541135428999e-05
4.895341936782927157e-05
6.133138073968740368e-05
1.809170343714052933e+03
1.102549809276641574e-05
1.545108019373060129e-05
2.400918126937740416e-05
1.562411770303613417e-04
1.641528731432396321e-04
6.675696265277832708e+02
2.529316386431035852e-05
2.633529961631848477e-05
3.142724719974470564e-05
3.744235696587511089e-05
8.079699672582446525e-05
2.950905877560591762e+03
6.503369998271693520e-06
1.086946179882848334e-05
2.144535715457962201e-05
4.192277194709802322e-05
4.895939453146795075e-05
1.992381608443798996e+03
2.832457135342973834e-06
6.396961672078401157e-06
1.298491167817916376e-05
4.840765341427835162e-05
6.258508454853865973e-05
2.024643599062121666e+03
