1.865332121816082729e-05
3.143219875602549281e-05
4.206740680593504370e-05
5.052889170748085264e-05
9.810143763023215747e-05
4.915677241059799599e+03
5.052069883615724767e-06
7.383444205753859805e-06
1.380378124723271312e-05
2.262372234019360045e-05
7.226703082270857998e-05
3.485746385294600714e+03
2.170726103866453462e-05
2.920096929149458012e-05
3.001403545474286164e-05
3.881745333930864273e-05
4.030881320385064717e-05
7.517862098919655409e+02
3.973867421691359281e-05
1.017126184594534949e-04
1.120215773992077821e-04
1.349008913678224073e-04
2.044020302038178935e-04
7.003577871243194750e+03
1.865332121816082729e-05
3.143219875602549281e-05
4.206740680593504370e-05
5.052889170748085264e-05
9.810143763023215747e-05
4.915677241059799599e+03
9.697265335424812041e-06
2.565132207001168075e-05
2.694130364134147610e-05
3.640610052014657191e-05
4.237030228067973091e-05
9.180169467602363511e+02
9.721172450554051029e-05
1.024834436418954516e-04
1.162561973180095942e-04
1.184438398725993824e-04
2.890681232908343199e-04
1.008203016998897874e+04
4.801812660014206539e-06
2.251406118425597331e-05
4.389021484589862815e-05
5.381665311232808238e-05
7.226703082270857998e-05
2.693297502346874353e+03
2.170726103866453462e-05
2.920096929149458012e-05
3.001403545474286164e-05
3.881745333930864273e-05
4.030881320385064717e-05
7.517862098919655409e+02
3.973867421691359281e-05
1.017126184594534949e-04
1.120215773992077821e-04
1.349008913678224073e-04
2.044020302038178935e-04
7.003577871243194750e+03
7.291166018048927946e-06
1.420418417518278820e-05
5.110050755095447338e-05
5.295790631190847129e-05
7.513170253593762368e-05
1.823185360720840436e+03
2.170726103866453462e-05
2.920096929149458012e-05
3.001403545474286164e-05
3.881745333930864273e-05
4.030881320385064717e-05
7.517862098919655409e+02
4.801812660014206539e-06
2.251406118425597331e-05
4.389021484589862815e-05
5.381665311232808238e-05
7.226703082270857998e-05
2.693297502346874353e+03
7.291166018048927946e-06
1.420418417518278820e-05
5.110050755095447338e-05
5.295790631190847129e-05
7.513170253593762368e-05
1.823185360720840436e+03
9.697265335424812041e-06
2.565132207001168075e-05
2.694130364134147610e-05
3.640610052014657191e-05
4.237030228067973091e-05
9.180169467602363511e+02
