5.757174783176460551e+03
1.813882179161149679e+03
1.639691518423200932e+03
7.773434799287308579e+02
1.967109457043767634e+03
8.054147106614776703e+02
6.753033925379568245e+02
6.237317019797092144e+02
5.649750693711681606e+02
1.943679122569773426e+03
2.150743776205858069e+02
5.615127729442901909e+02
2.023852216376515571e+03
7.804416796195087045e+02
7.819827381357720242e+02
2.942355975513086719e+02
2.873933444805530826e+02
1.139958172850017206e+02
6.713273952938752700e+02
9.449344915724902876e+02
1.002945827357279768e+03
9.147133749469285249e+02
8.690018004293808644e+02
7.238258014469354293e+02
1.719462105798286575e+04
4.832663198393199309e+03
3.197721507418719284e+03
5.458059730975199273e+03
3.690342461573957280e+03
1.491143922062473393e+03
3.905089324848101114e+03
3.731875281910403828e+03
9.676438354725055433e+02
3.615884017600461902e+03
1.040857813500538668e+03
9.700299419722864513e+02
3.530190769861419994e+03
3.402582181878583469e+03
3.064979487477615294e+03
1.440209919748275070e+03
1.260773209004067894e+03
1.018426264957355215e+03
3.488070065881280698e+03
3.388800814901663216e+03
1.357396970057581029e+03
1.195002645463697036e+03
1.112248020558974304e+03
6.301460449188195980e+02
3.494549289277404569e+03
3.392398775744949489e+03
1.421493512578531863e+03
1.145420512447706187e+03
9.198985661634495727e+02
6.876178556774140134e+02
3.476371195490156879e+03
3.365686632106881916e+03
1.244178354374870196e+03
1.014442772165519841e+03
9.786973602138892829e+02
9.111405548763774505e+02
5.796489778306396147e+03
7.558987632127619918e+02
1.189180833003333191e+03
7.451577926133128358e+02
5.541776481046657636e+02
1.868705495289360215e+03
1.377556676677048017e+03
5.833262138483642048e+02
5.928701723243810875e+02
6.567358396005952272e+02
2.534690717016490851e+02
2.528677726340239076e+02
2.977460037703044122e+02
3.483642233226127018e+02
4.064025262491402373e+03
3.205229355303093257e+02
6.394664955282975143e+02
6.875362964726726887e+02
6.576328269117320815e+02
5.891502022099617761e+02
6.808639154012864765e+02
9.938353210468978887e+02
9.846392803927496971e+02
7.573382498077445462e+02
2.179564020376577173e+04
8.706385640372725902e+03
3.080847929845214821e+03
5.269832671508759631e+03
3.318706628758974603e+03
1.001281852270696277e+03
3.550536750778465375e+03
3.245662999358742127e+03
9.321752796062992275e+02
3.605438036706875664e+03
1.253364301167735675e+03
2.076748541562132289e+02
3.618495316900422040e+03
1.096078540584338725e+03
8.724794261666430657e+02
3.467807786515501903e+03
3.394071653921645520e+03
1.365765427775624403e+03
1.254362143069525018e+03
1.040037606161572512e+03
3.925501382673754165e+02
3.473079081968988703e+03
3.369648473679570998e+03
1.244923476400268783e+03
9.991644040205552528e+02
9.937974690260351736e+02
9.176625748103060687e+02
3.473104495370671884e+03
3.368143304816693217e+03
1.229625067220172241e+03
1.015271675535342297e+03
9.196054266166917159e+02
8.350011023710662812e+02
6.272108568717495473e+03
3.564980722427787896e+03
7.707884313195894492e+02
4.513740388151474690e+03
3.941401468158475836e+03
1.759198916619587578e+02
4.228197058662432823e+02
5.814082366289291031e+02
5.817298246346972519e+02
1.874684698552744521e+03
4.442387703162210641e+02
5.624478450570722998e+02
4.699767860816814959e+02
3.125932419028675213e+03
2.857719703265479893e+03
2.759940936104806610e+02
2.818218646505934544e+02
2.017591706413456450e+03
3.140751153852530706e+02
5.182327248994357660e+02
5.900300966969927003e+02
4.122997425835512331e+03
2.584274583865904788e+03
5.620897656207753244e+02
7.479871373400183074e+02
1.256195900284882191e+04
8.622704856199461574e+03
3.844972094764185840e+03
1.254824914217081641e+04
3.671748600418113256e+03
2.727915098892699007e+03
3.619682566434086766e+03
1.529733460779039660e+03
1.241159866407226446e+03
3.623662653304542800e+03
1.541896469873612659e+03
1.225701091562769079e+03
8.076748733634910423e+03
6.998399802840316624e+03
3.704996140049862333e+03
3.396676339197717425e+03
3.030146590920476683e+03
1.263630206701789803e+03
3.476501035850889366e+03
3.389688609261324018e+03
2.849962426615721142e+03
1.623103177054681055e+03
1.449694527568948615e+03
4.706663786378188092e+02
3.473297184072245727e+03
3.368980054115723760e+03
1.248453704745109917e+03
1.008533140890629738e+03
9.674000359294929012e+02
9.131833209486006808e+02
4.595432498847711940e+03
6.872265705770061004e+02
6.248455294424188651e+02
5.707310433669748591e+02
2.746027946121837886e+03
2.327559496415582998e+03
1.578291366942994500e+02
3.280267601124202770e+02
1.290731741217636568e+02
4.978705499010158633e+02
5.394386194502970966e+02
2.610603563860013310e+03
5.005317926878309436e+02
2.864008829045250764e+02
5.656215096674809502e+02
6.756149543826038553e+02
6.752991295390867208e+02
6.618220313338856613e+02
1.160115993698730335e+03
1.978632544860216740e+02
9.912862598981555493e+02
8.221162434121218894e+02
7.666921090298756098e+02
2.029750571047198173e+04
3.609884528856739507e+03
3.326772257355117290e+03
3.628809327159307486e+03
1.396746641097690144e+03
7.741278275048199475e+02
3.668908447236017309e+03
1.190329680128966174e+03
5.285936863496099249e+02
3.627317995822876128e+03
1.087396887925329111e+03
9.365067977170040194e+02
3.616046847341331159e+03
8.603694888272668777e+02
8.575718370716581376e+02
5.797725501068826816e+03
3.661563294233105808e+03
3.419389750732168068e+03
2.645014685384136556e+03
1.598088456339054119e+03
8.363836383145204536e+02
3.504353759492001700e+03
3.394242343397707373e+03
2.778019128442052988e+03
1.270317105898236605e+03
1.146983783110806371e+03
8.850930020484413490e+02
3.473085095244395688e+03
3.366246026049057946e+03
1.289432900779275315e+03
1.103519496502038464e+03
1.004275086316206739e+03
7.707875711278268227e+02
3.473618516297920905e+03
3.369832981188211306e+03
1.261678466559580784e+03
1.039576383203818068e+03
9.875189115595593421e+02
9.438569633556737699e+02
7.007337440641459580e+03
9.931531332340824747e+02
6.501069072758041330e+02
7.671017193846009832e+02
6.555596463795734508e+02
3.207992733794719697e+03
1.273250075027434605e+03
5.442187617356022429e+02
5.563273854901264031e+02
4.941346475076081219e+02
2.838686995199755529e+03
1.140183305369320806e+03
1.006298016683309839e+02
2.700393664531579816e+03
5.609193840574735077e+02
6.349614881161435278e+02
6.343791399661394053e+02
2.523012609331853128e+03
1.052074742168527564e+03
8.433412895879309872e+02
7.601753167879210196e+02
1.934539697840758890e+04
2.488554247271714303e+03
2.305084203397606871e+03
4.221878644649827947e+03
3.006467037901398271e+03
1.362278113614812810e+03
3.613957441012723848e+03
9.948129685040847789e+02
9.817627092574732615e+02
3.614959256289811492e+03
1.070358980091707508e+03
9.296408411372243563e+02
9.514529079859010380e+03
4.030616499075350475e+03
3.359474324172794695e+03
3.048404343118254474e+03
2.892423138606082830e+03
2.426326474134727505e+03
8.908186383917549392e+03
3.502431670215867598e+03
3.440947990361280517e+03
1.950807392774469236e+03
1.813701979045785947e+03
1.147073138191512953e+03
3.502480168328381751e+03
3.213787488660403596e+03
2.984039344315207018e+03
1.817701781352594480e+03
1.109551620517532456e+03
5.859696033868266341e+02
3.135709681914884641e+03
3.038748082041501220e+03
2.479910930234801071e+03
1.868652758217495830e+03
1.076285290697057235e+03
1.005397945525312707e+03
3.183412786817325468e+03
3.087076895093640360e+03
2.720383560691442199e+03
1.967614832361173512e+03
1.051460100889049500e+03
9.467370389828884072e+02
3.477089124103068116e+03
3.363138593897670034e+03
1.303333053959395329e+03
1.207916927070957172e+03
1.025133782112592598e+03
8.256880705776620744e+02
3.473495105028361195e+03
3.368053906939366698e+03
1.245793166745525696e+03
1.012453422309604321e+03
9.755018201843256520e+02
8.909194660609152834e+02
