1.129619762746019059e-02
1.051677943449518156e-02
8.823844741100082822e-02
9.055977448026053533e-03
1.190314952655154024e-03
7.251665802007121976e-04
8.017320106377841281e-12
3.056849709674983213e-04
8.634530137501247112e-05
1.430453804137050813e-06
2.617717889703847904e-04
2.282481885339295578e-04
2.548410143702886318e-05
2.689887795706843911e-03
2.212978446348985815e-04
2.146960040179216620e-04
3.051504736454855752e-05
5.315940634081575559e-04
1.694972740639208160e-04
1.932226952706680184e-05
5.196307392240757071e-04
1.365662721501071861e-02
2.468908042559487135e-05
2.506415024183829537e-03
1.682646977824164402e-03
3.695683529017987492e-05
1.012878132257563017e-03
8.733419641851279235e-04
9.962034240793584544e-03
8.152020264571863822e-04
5.453230354369627275e-04
8.640684672001342631e-03
1.893771166302109579e-02
7.896218510375867640e-04
3.358080076271645733e-04
0.000000000000000000e+00
4.426674630602533316e-04
8.441495388858265714e-04
6.268249317052921286e-04
9.430813826951002163e-03
1.113794761635166809e-03
1.348303294784338434e-02
2.177889779286931986e-03
7.352117760882371025e-03
9.104375251547586201e-03
7.978403318380718505e-04
1.052874521418285803e-03
1.704620107057249032e-04
1.502717496522689745e-02
1.166837447759330390e-02
4.088517577713074463e-05
3.878661972709168248e-03
1.420462559765460486e-03
7.878165942909686164e-05
2.509123941444556792e-04
1.357129762117485240e-02
1.186279618066822267e-03
5.545146511185333006e-05
9.959758220055667678e-04
5.503104648071670746e-04
4.792240828153339138e-05
1.292371666348440893e-03
4.183659964527108410e-04
8.885104543769575730e-07
4.822926252958496546e-04
1.899190138843684904e-04
1.576545561188125657e-06
9.847007286942824605e-04
1.091865381862238468e-03
6.060805514992256143e-03
1.711034697730645779e-03
8.604462338766036928e-04
8.340536785317447313e-03
5.882441019230205681e-01
2.191630312736848538e-03
0.000000000000000000e+00
0.000000000000000000e+00
1.308811551141054238e-03
2.257216630653775119e-03
3.007562281296252758e-04
1.415456461810988371e-03
6.183860222421475343e-04
7.942198289821561855e-03
5.524649956731626397e-04
1.229673526898901166e-03
0.000000000000000000e+00
1.472445493958797979e-04
3.864308176208024193e-03
1.553095083788738422e-04
4.461433991614013341e-04
4.721937863487209175e-02
5.046980524422234950e-05
2.903402346103841139e-04
6.805336448536591703e-04
1.923592684739085362e-05
6.380240127615076189e-03
1.772750106734671469e-03
3.220237910129474749e-04
1.251588568760606901e-04
1.185329331791845566e-04
1.321812607899890645e-04
3.313670770951763263e-04
1.586853833051179682e-04
3.620907160036758075e-04
1.163646968881628036e-04
1.043256733759738734e-03
6.219489525693135644e-04
4.731641330909839107e-05
1.044330559698854318e-03
3.514196657783248906e-04
1.075769562994879566e-02
1.350861713286286665e-03
7.788732329989665401e-03
2.533538492504920311e-04
4.088982483568382831e-04
2.533443805667737517e-04
2.850385575016429855e-03
0.000000000000000000e+00
4.339919224876587970e-04
3.892587075597287089e-04
0.000000000000000000e+00
4.537307099554862264e-04
1.278248662683597670e-04
4.974299217789067412e-05
4.459110901663210718e-05
2.389340903636163560e-05
