7.663672126227788484e-02
2.435225800428943432e-01
6.482982905905998461e-02
0.000000000000000000e+00
1.984257786588253247e-02
1.487720250906787896e-02
7.622637064638826174e-09
3.698874529862703625e-02
6.760582345058678555e-02
2.819014450264245054e-03
3.233526904238152259e-03
1.203067790442364018e-02
1.304116258179208827e-03
5.805441465031825274e-03
4.788141124633063517e-03
2.068236608510951383e-02
9.847113067495040159e-03
5.713467894709337719e-03
2.273466432245562635e-02
6.167232143086273655e-03
5.711279137734408609e-03
7.262616845180834557e-03
4.055668918866000769e-03
3.132062835344829894e-03
3.043211100963146790e-03
1.966650883735506124e-03
7.807427870812503300e-03
4.260249072911056339e-03
5.087609446907709505e-03
5.604767112535188715e-03
2.547451560503388984e-03
5.408150968578100994e-03
2.248700437168273392e-01
3.583390365041765578e-03
3.698070155958334704e-03
0.000000000000000000e+00
3.183361668827231448e-03
1.118419493262996604e-02
1.961313164767229666e-02
1.645994559428634249e-02
9.296075389798274385e-03
1.510245692562305238e-02
4.993251586078400854e-03
1.269968353252494062e-02
