1.314937226444597707e-01
1.050244300596190200e-01
9.336133252122719162e-02
0.000000000000000000e+00
4.610677336345719857e-02
4.187834944860008464e-03
1.686129982488881595e-07
2.131181244048770476e-02
3.059443747614615412e-03
1.765157542629294113e-02
4.431114290106943562e-03
1.751796391383858825e-03
1.764596950964778931e-03
9.568422857894645986e-03
2.092294008279940720e-03
2.559094243293715942e-03
2.922365273424855359e-03
2.328026061745728723e-03
3.373303423277533054e-03
2.591140850304405469e-03
2.331952811504181110e-03
3.029356877516549851e-03
1.058442553771462152e-01
2.217170470559948724e-03
1.721045278547604944e-03
2.220570399412178514e-03
2.806088108009815053e-03
1.463248072084045483e-02
2.606054277708091341e-03
5.217733442924308782e-03
1.922977656184991953e-03
3.109911136692232111e-03
2.918545547098119197e-01
3.451037031639429906e-03
2.992350153278196083e-03
0.000000000000000000e+00
1.057477156772033446e-02
1.489388680159373438e-02
1.852162704895453024e-02
6.240181871309600017e-03
6.420806535060341776e-03
5.965430010604090387e-03
9.198042726303146122e-03
2.664846687498492739e-02
