6.740587972986597683e-03
9.436587581015024040e-03
6.070941577514177290e-02
1.075059143648901365e-02
2.361352259279963107e-04
1.525597262769467599e-04
2.846343372237843055e-19
2.587168382663351785e-04
1.827000814149565755e-03
9.292374504025728639e-06
9.880050748759615213e-05
3.528486158735536464e-05
1.911411182722545169e-05
4.908059183402577619e-04
8.555953687645133474e-05
7.194693969040828209e-05
4.028144114094998744e-04
3.584772654796153997e-04
2.250924548959146504e-05
3.407747113947777896e-04
5.303444454915510684e-04
2.587158035600300586e-04
7.310772834975217977e-04
2.170428383283905661e-04
8.342547525518248779e-04
1.054236896960666664e-05
7.229278119121930208e-05
5.506906008966190851e-04
1.745952995708663358e-03
7.170703754581482861e-04
6.761222818879625458e-04
1.097684958494571719e-03
1.473827592933267538e-02
2.294321441197645520e-05
4.825866199721656909e-04
0.000000000000000000e+00
6.602921360660649226e-04
7.125306042060554779e-05
2.906819914565888564e-04
2.742398602771560587e-04
1.117094617882261531e-03
7.908413085044361081e-04
4.844190246922237277e-04
5.540195397279581773e-04
1.028913990749258552e-02
2.525005593874225709e-04
2.541674491457776119e-04
5.025539992882535286e-05
1.405465570584122758e-04
1.465189292317068759e-03
3.106758980705780031e-05
2.532350181640983828e-05
4.707616264798197229e-04
3.451993162441375525e-05
1.284699468441106475e-03
5.621774581388715337e-04
2.906978900842528560e-04
4.607513547726317844e-05
2.723117271107144814e-04
3.865150693340384377e-04
1.090897737417157876e-05
5.012256760062145473e-04
3.194338981900897710e-05
2.626750637135462559e-06
3.448228123290362850e-04
4.604507590160376819e-04
3.219050588012141507e-06
6.259786934460250104e-04
9.269122527675754573e-05
1.337791993008658007e-03
7.642103972904045438e-04
4.763949700741854153e-04
3.951758302470387047e-04
1.476475283578097819e-01
1.150168191248441760e-02
0.000000000000000000e+00
0.000000000000000000e+00
1.120561488676520209e-03
4.785696447889723691e-05
9.325695665657253875e-04
9.288426112120953490e-05
1.053732299475518101e-03
6.228530562037302900e-04
2.530706263926412489e-04
6.763796305007180321e-01
0.000000000000000000e+00
2.663405709811395949e-05
9.728783393789589007e-04
1.098924572229313478e-04
6.566186053952221603e-05
2.292526664906142106e-04
1.810578450700171287e-05
6.013001645701084421e-04
2.231245518334970188e-03
1.110198171512922040e-05
6.965036547611980688e-04
2.059712165575686409e-03
1.403714195113396493e-04
2.893470727264934672e-04
6.246586927887250911e-05
4.403298798719079634e-04
1.852979176941436967e-04
1.020561953042514091e-04
4.393673807075401151e-04
2.303429570888548361e-04
5.257406735856445280e-04
6.841366113243981233e-04
7.622258483044241502e-06
1.028485947761729113e-03
1.407387274320152112e-04
4.541905588863836651e-04
1.410024513836861417e-04
5.033415120945000827e-03
2.388333537461250389e-04
1.191107262566952398e-03
4.175424519040235008e-04
3.516636500003314969e-04
0.000000000000000000e+00
3.510187783127662118e-04
3.525122846913456140e-04
0.000000000000000000e+00
3.417688881180384192e-04
5.132473804333513123e-05
8.501707713788603368e-05
1.192655643355413280e-04
4.157409316080562696e-05
