8.771400521896009425e-03
9.428563871341041902e-03
7.110758903602563963e-02
5.519270596558365806e-03
5.627000762488850978e-04
6.403610404736712796e-04
4.803935735750599387e-10
2.826573818615261925e-04
3.925780866890358269e-05
2.863848594718637887e-06
3.176107593686218196e-05
2.760619977622021765e-05
1.850219249529313275e-05
3.897986589787818043e-05
3.558281515536054220e-04
2.113962057770307843e-04
2.520094996176635375e-05
6.975898092844802284e-04
2.917514363031685400e-04
3.827914019890321781e-05
4.236724894370018238e-04
4.500514727998479155e-04
1.952523638407832195e-04
5.580713286147684707e-04
1.129454691105956322e-03
1.781298027421722221e-05
5.811202691122374512e-04
3.120852368615854985e-04
1.696214640157196003e-04
3.856190183487096185e-04
2.864122734196229616e-03
9.831986916921987580e-04
6.197696342754413328e-03
4.062249185782422847e-04
3.813947977484531942e-04
0.000000000000000000e+00
1.280308402891811893e-03
9.565318157387501423e-04
4.713362056061392528e-04
9.701985318542477327e-04
1.732246045878453979e-04
1.395911933898623261e-03
9.614159459597420394e-04
1.249792947320497657e-03
6.723812763862399566e-03
5.703187722755575194e-04
3.926906322901701552e-04
2.266664130285477659e-04
8.748536752936801673e-05
8.673169469421456237e-03
1.564343540595617866e-05
4.023393895074557061e-05
2.205085103026585655e-04
4.248992863371192565e-05
4.575927087559855341e-04
5.024515073749550968e-04
6.392655005275377916e-04
5.235773985310511827e-05
3.948511284962910725e-04
6.698395092411623493e-04
2.066898206635241290e-05
4.154181558516241131e-04
1.203843968262651847e-04
2.088854555959873009e-06
5.818584390973052670e-04
4.161568433442493524e-04
3.515631735550112624e-06
6.732617783076962634e-04
3.077071988692196489e-04
6.041252557437585885e-04
2.909641429833656218e-03
5.887652836399063670e-04
5.658680668971956956e-03
2.078056916415591815e-01
8.311355040436863365e-04
0.000000000000000000e+00
0.000000000000000000e+00
6.835297304352461363e-04
5.038540842161645097e-04
4.429812926075950069e-04
2.874075025373692429e-04
1.025619245902089456e-03
2.403541861336896696e-03
1.308892164483202751e-03
5.863103095605515236e-01
0.000000000000000000e+00
3.105524058324149326e-05
8.605479483831100264e-04
3.566087429474322111e-04
1.124219804095162259e-04
3.701435082957536815e-02
1.724369950982894412e-05
4.520577805087804490e-04
3.688039996711993482e-04
1.907160254360752176e-05
1.924872483614746920e-05
9.241902160330913449e-04
9.345909012507140135e-05
3.131565867522302258e-04
6.582162506115132189e-05
4.303198942136895566e-04
6.208957052916935348e-05
6.276201667090808235e-05
3.542654999819947002e-04
7.360110433565720872e-05
7.475857304751163139e-04
1.697648265008739081e-04
2.292336759240893221e-05
5.736605861400216437e-04
2.708250556212388869e-05
2.166483700279078946e-04
3.508102682946533774e-05
5.144054024958800823e-05
9.685891977415448783e-04
1.624048249323536812e-04
4.950936351415237370e-04
8.825159230192302241e-05
0.000000000000000000e+00
2.239985416239352015e-04
9.571779339896559072e-05
0.000000000000000000e+00
4.939898722633089348e-05
3.089521583196383432e-05
6.503212131741333306e-05
8.136830508997906167e-05
4.369497039358786431e-05
