-4.777584139852101555e-05
-4.764211075657711616e-05
-6.822835132245756234e-21
-1.121041191836837949e-21
4.159736884438358592e-20
4.461790372566621962e-20
5.125464474483746017e-20
2.723991410283232886e-05
3.451025509261271642e-04
-1.057610741254767427e-21
-9.524116315467701181e-23
1.929418176432290721e-21
2.275616623105492442e-21
1.336543351740369949e-20
3.621930497894208855e-06
5.640571458357829338e-06
1.162674973426630651e-05
7.001727585395010585e-05
-2.120115339199729477e-21
-1.643937717350301851e-21
-8.283124993906777983e-23
2.277119988940938515e-21
7.195939702026142406e-21
2.026383883589846078e-06
7.900176213827992685e-06
1.343189828354150298e-05
2.864378937864563339e-05
-5.943825474235301551e-21
-5.515220924462166894e-21
-2.497946373197082147e-21
8.815827787389466498e-21
1.717508872475320401e-20
5.301903054346905172e-06
6.976951443850226695e-06
1.195671464146074471e-05
2.715264805723471370e-05
-1.540204472509767181e-05
-8.325139144159868632e-21
7.436172471357811113e-21
4.453067030312724797e-20
4.619407223743121019e-20
6.434384729690344878e-20
5.237846678269640426e-06
6.229535859167159394e-06
1.428676599712939398e-05
-1.569983467845767797e-05
-1.105171668398619257e-19
-1.763897034092298680e-20
8.547121385993831146e-22
2.104273963718407439e-21
2.079541197699318924e-20
5.163023383079689033e-06
6.329600242819131005e-06
1.419079686305828422e-05
-2.307338517924994029e-21
6.609162287024755008e-21
6.676119300848992419e-21
1.035369727845538693e-20
1.451987231892196323e-20
5.699979840762048635e-06
6.992895624892229571e-06
1.622410043991031798e-05
2.488960516406673115e-05
-4.368135069402072328e-21
-2.278972105880233978e-21
-9.242037890014607887e-22
-3.794944964445997344e-22
2.557350418842563622e-21
2.049871553464590048e-06
2.575105509754107606e-06
4.400188564404790529e-06
2.719288905377155737e-05
-1.101669317175746111e-20
-4.360053031544395752e-22
2.070113287575875365e-21
2.883670619334756532e-21
2.359348872229208519e-20
2.787408825335573195e-06
4.135302156107236718e-06
5.574638326636157600e-06
6.982582951940743119e-05
-4.778449876473964846e-05
-4.764308715816935135e-05
-2.475453158735718264e-20
3.415104458778503460e-21
2.487150432973741384e-20
6.537246527529665696e-20
6.966634221570260427e-20
2.706583186557273232e-05
3.450976889944524129e-04
-4.916506446595765860e-05
-4.817701445697784071e-05
-2.137773605069273887e-20
-2.236309986283754349e-21
1.052603720531058505e-20
1.827264875073803720e-20
7.134203212488428712e-20
2.445646557155731053e-05
3.581286805166399305e-04
-1.257589464656459231e-20
-9.226441470050044831e-21
5.833698206608559790e-21
2.787295888329580370e-20
3.227260581311830664e-20
5.204076298740724451e-06
5.753422829849916628e-06
2.519996026541127207e-05
1.018602787153470568e-04
-8.929014154035119506e-21
-7.982834429877833370e-21
3.732012800060503477e-21
4.998935880244099644e-20
7.505072439844425572e-20
2.880507705306733596e-06
5.008595338775389656e-06
3.885619794529916483e-05
5.507866864905365713e-05
-6.877861003748073878e-21
-5.466501174190344568e-21
2.306703568245192019e-21
1.766632549580529163e-20
3.067342539800768906e-20
5.875974341223627006e-06
6.811582351914117285e-06
1.346871598936230032e-05
4.305986724954663367e-05
-1.172084974572030581e-05
4.381866434867385924e-21
7.449693987618329496e-21
8.182817294046956046e-21
1.303334634765770606e-20
1.739885542663221911e-20
5.550993010538351838e-06
6.699746288874865368e-06
4.616628344542214049e-05
-1.170556074804570136e-05
-1.519033485352447235e-20
-3.660053273069246552e-21
1.593321667531929865e-20
2.430849223948051936e-20
3.164697281634037561e-20
5.554710400790480769e-06
6.567086830392281352e-06
4.626494323739422678e-05
-5.997510836985122741e-21
-9.531273302322544596e-22
7.558376741156027279e-21
2.597608804750149140e-20
3.938871470320275087e-20
5.828838656502763641e-06
6.889049120197041794e-06
1.544721022567821443e-05
4.128046214408404648e-05
2.058861636937020591e-21
1.010738557623506013e-20
1.351754964447660518e-20
4.172897900762519376e-20
5.787688367161719561e-20
3.127425456316828360e-06
5.248926854308623285e-06
3.901364289588506786e-05
5.474044658366618668e-05
-1.770651577144250465e-20
-5.528085118411457505e-21
5.114300437448114691e-21
2.696134038037616563e-20
6.617015911413219957e-20
5.228908221556161086e-06
5.795786773416278405e-06
2.485914399249437422e-05
1.009374378903878219e-04
-4.915217169789810674e-05
-4.816058156808446803e-05
-8.459836583681785594e-20
3.379463809573283336e-20
4.070069490182423861e-20
9.469821793601056499e-20
1.340403949188366819e-19
2.467647787786637673e-05
3.581249505707565775e-04
-4.762915792882233717e-05
-4.694925014142177738e-05
-8.180164097499461525e-20
-1.771883132514180311e-20
-1.376644354247960294e-20
4.281908770746769172e-20
5.646859081154654341e-20
2.236008619421070380e-05
3.458881965570705661e-04
-8.754767263566434448e-21
-5.230720698989428293e-21
-1.822388582255828711e-21
3.806928340848096205e-21
5.505026818206757577e-20
4.669207330598532355e-06
5.981290820514482693e-06
1.864901101915450213e-05
8.444444370654415586e-05
-3.604414075439420142e-21
-1.259843450843641484e-21
9.586607799945595015e-22
1.949756022345646241e-21
1.815360164531143351e-20
1.254868529910262816e-06
4.138550561904788082e-06
1.735615408384262703e-05
2.940005902108866175e-05
-3.562455865307656904e-21
3.384648896674191215e-21
7.984395667302304376e-21
8.100668116139220356e-21
9.114000838767114648e-21
5.972409547579643062e-06
7.244450483497138779e-06
1.475390439125694473e-05
2.688583431399294073e-05
-1.490157878234228610e-05
-7.793477399080214139e-21
1.174959510967338624e-20
1.866174243560400648e-20
3.520420547959246700e-20
4.593458628542486431e-20
6.671419897447876985e-06
7.319683295440623631e-06
1.519720950805905612e-05
-1.545198932410060661e-05
-5.946615563821471465e-21
5.347822211816496131e-21
1.792789881457493953e-20
3.700474710890825213e-20
4.595550491492995281e-20
6.559203017728511925e-06
7.230291068192854410e-06
1.500566840418238940e-05
-5.310073793619069686e-21
-3.090825775976175019e-21
9.696835809577187814e-22
6.235369870733988878e-21
9.598405846260032235e-21
6.416798637047552587e-06
7.239943565947382931e-06
1.776788675639840066e-05
2.614033457644195755e-05
-4.908659653305305328e-21
-3.969822612778944081e-21
-2.894811424932491031e-21
1.658199819744397304e-21
5.457968993592788048e-21
1.405798815734811873e-06
4.208937652006457197e-06
1.236613456157716865e-05
2.949533033812554473e-05
-8.018478012704707842e-21
-5.467859082471844580e-21
3.887801557011902121e-21
4.836282369486459095e-21
7.571599168484987882e-21
4.419867596511379631e-06
5.879995734203025764e-06
1.508660597189571475e-05
8.438699438610541414e-05
-4.761042777350298739e-05
-4.695006921376494410e-05
-5.780834932298322910e-20
-1.727278763772867936e-20
4.210141977714692305e-20
4.534820779940557292e-20
4.832195371795610392e-20
2.215241334074701993e-05
3.458260097949426674e-04
-4.880308918155977439e-05
-4.789521071753389750e-05
-2.000797367843732918e-05
-7.957628469088227339e-20
-4.347240872731758584e-20
3.858183338279539815e-20
1.121528986185439479e-19
1.375572839367471435e-19
3.406896569868138867e-04
-3.719079182717723845e-21
2.488687371691822349e-21
3.367777449132197614e-21
8.506270961206021623e-21
1.017375200898993296e-20
1.544588805533962524e-07
3.943579524849057012e-06
2.433586923128136411e-05
8.975867959061776559e-05
-7.421408826395140278e-07
-4.942673162347783971e-21
-2.031682378882734299e-21
4.323056350951006302e-21
1.637628793009381334e-20
2.112293230556972068e-20
3.787504239677628871e-06
2.824645623852586131e-05
4.301495897168567588e-05
-7.376659424864557512e-21
-3.227615764889022409e-21
-2.107122403570195028e-21
2.725560586736825260e-20
2.806067882498576460e-20
6.177507370010759847e-06
6.882075461252171410e-06
1.912407129703012722e-05
3.411001949745373125e-05
-7.407328304770179353e-21
-1.974471805145032880e-21
1.011140639643516733e-20
2.503479099221378284e-20
3.159054645619782530e-20
5.879505281273776492e-06
7.942422382243433514e-06
2.094047052103776050e-05
3.486779878817378614e-05
-2.248433221650629375e-20
-4.259291258544464138e-21
3.981568495121235251e-22
2.236197857283474689e-20
3.159019303648860936e-20
5.650331824535770533e-06
7.520206282992436460e-06
2.085643794514460781e-05
3.501273912888438187e-05
-1.813001279358286250e-20
-8.491061825097217273e-21
-4.604499713621759891e-21
6.564123637486350237e-21
3.073754921336481311e-20
7.022914045546229678e-06
7.163224972871854228e-06
1.718915399600439196e-05
3.503082687314241383e-05
-5.007892823052961981e-21
-6.184899628447188708e-22
2.442783675423611823e-21
1.339099191377789323e-20
1.732211546835140244e-20
4.273723563819569258e-07
1.561731639811352649e-06
2.731528095619615925e-05
4.369539698241177444e-05
-1.678358807096433093e-20
-1.309194287960992443e-22
7.424029338699218061e-21
8.458052038511150001e-21
1.334514013922643548e-20
8.002837629829692993e-07
1.138003103781391367e-06
2.244159777995816376e-05
9.083405403605289939e-05
-4.880226571186007821e-05
-4.788196843532385450e-05
8.294616141448543695e-22
1.008638550830517222e-20
2.238135309813090770e-20
7.489825023217078914e-20
7.602288912450030337e-20
2.025298047573387560e-05
3.406875963552937056e-04
-5.009274787983790064e-05
-4.680313549841528230e-05
-3.734705946539014040e-20
-2.184563781722530161e-20
3.517266189150942415e-20
5.373907385826773828e-20
8.889089919602907721e-20
3.393973863159362072e-05
3.456860832107959435e-04
-1.291372373488480176e-05
-2.341308680208266794e-21
3.613565900262806884e-21
4.035289394385503672e-21
1.365959212060174923e-20
1.749554927973740853e-20
4.386372463044936584e-06
2.202278767349975870e-05
9.295179849564335641e-05
-1.193152133645480579e-06
-1.494622878313648351e-21
4.605987733208099576e-22
3.517248587972081309e-21
3.645493336498693902e-20
4.334187745309158375e-20
4.182351039817445798e-07
3.286090062520903414e-05
4.372081925456352305e-05
-7.857581111944299565e-21
-1.171784916693961836e-21
9.306511083722521003e-21
2.250512849897700764e-20
3.278707776916697141e-20
3.303148788287874449e-06
6.268401347733915830e-06
1.760316795456502421e-05
3.804809455726947722e-05
-1.179829786254475172e-05
-2.213155081646763125e-20
1.311601551787803198e-22
4.758332646398050153e-21
6.617945135531800033e-21
2.131802415018298532e-20
3.759369441847561876e-06
6.453113996366365091e-06
3.791343396512602209e-05
-2.244852002748771802e-20
-5.019356612416881367e-21
7.215443964084416912e-21
2.001123862314066081e-20
2.029168571623956641e-20
3.714400624487526014e-06
6.462523676823711882e-06
2.384956586885216063e-05
3.803539865718270224e-05
-1.805707579173930549e-20
2.596499060976259511e-21
7.082777666298382006e-21
1.484073973471918624e-20
2.954417757842652273e-20
3.366335366219031317e-06
6.379293006098349309e-06
1.699394799468164073e-05
3.804944653801201889e-05
-1.388171046853873061e-06
-5.634885726268991763e-21
4.021979707023912995e-21
1.070059629381557535e-20
4.331623369120626490e-20
6.481887416716092020e-20
3.515319057231131391e-07
2.776221039885887760e-05
4.673414372423177206e-05
-1.093750693754460064e-05
-4.273259143031270169e-20
-2.119897650682421781e-20
2.861895516811749276e-21
4.685568658159100830e-20
5.236176979564004425e-20
4.245107521409734282e-06
1.940840872357632371e-05
9.356293208664619773e-05
-5.009098810401956854e-05
-4.681336371127079804e-05
-7.648900273125953810e-20
-2.752936507419152301e-21
3.258776983840760455e-20
9.952787974104487876e-20
1.139532314500137712e-19
3.365454698193510097e-05
3.456761664070637490e-04
