4.269359606646001875e+14
1.822550609443576250e+14
1.504210849589123750e+14
1.545242725218401250e+14
1.417676533094311250e+14
1.420923242593038438e+14
1.594745377349801250e+14
1.174745675499271250e+14
1.636929348903459375e+14
4.267527738935011250e+14
4.293416445634788750e+14
2.246740594032190938e+14
1.996752156205515000e+14
1.732914255611476875e+14
1.721185073120886250e+14
1.718921305528393125e+14
1.747485233721747500e+14
2.009704922229718125e+14
2.239290182425131250e+14
4.295685998974473125e+14
4.209151014694470000e+14
2.056251033508808438e+14
1.446502531684283438e+14
1.607561755331922500e+14
1.481035142617584688e+14
1.481899487797977500e+14
1.651852444835927188e+14
1.383154162241443438e+14
1.997596260868039375e+14
4.206315460694975000e+14
4.181602019707797500e+14
1.905478332789000000e+14
1.666510933701345938e+14
1.739316272542679375e+14
1.784910262795262500e+14
1.771221670038737500e+14
1.747131460067244375e+14
1.559708517622112500e+14
1.842273239896792188e+14
4.184579715726469375e+14
4.351869948593566250e+14
2.272793913300637812e+14
1.598707751329281250e+14
1.666978088367586250e+14
1.597325137387571250e+14
1.761792002986918750e+14
1.663143302485755938e+14
1.575174968043205312e+14
2.207399833958230625e+14
4.349126089362525625e+14
