2.476436291448798784e+03
2.348717953011480859e+03
2.230459205508961077e+03
2.155450700323017827e+03
6.238893689896735850e+02
5.726880545994184786e+02
6.319539626190114632e+02
5.879469522078641148e+02
1.273829779639635547e+02
6.087027348121434898e+02
5.716763463700310695e+02
2.334516635802589235e+02
5.793870875149600579e+02
5.761361260849005248e+02
5.234050998523293856e+02
1.660094360837289855e+02
1.722958617615730645e+02
5.730369197656808637e+02
6.275903716629172777e+02
1.952919858393618142e+02
5.689313475669384843e+02
5.643403374988228052e+02
5.503464377230291120e+02
5.702165606045876984e+02
2.336871863095500430e+03
2.126002992596785134e+03
1.322632883371155913e+03
2.370587670566693305e+03
1.809870656416289876e+03
1.548656350354474853e+03
2.406299288042797798e+03
1.605286375321703190e+03
1.287656095497295382e+03
2.124203876477309677e+03
1.667604043134134372e+03
8.012138182967968305e+02
2.989100961653294235e+03
2.463572497755852510e+03
1.796732190906413280e+03
1.490948064630725185e+03
8.006388014443621159e+02
2.061611247110764396e+02
2.750300617224979760e+03
2.302828634820787556e+03
1.412577218087770916e+03
1.058401460275464842e+03
4.757564062487936098e+02
4.613350124322464580e+02
2.792875731817915039e+03
2.368909786016429734e+03
1.491067472509470690e+03
9.976285504013075069e+02
7.202339394223400859e+02
2.739583053316912924e+02
2.843258208690072479e+03
2.443390432840233188e+03
1.181383678560481485e+03
9.614738806495304289e+02
8.836353234273732369e+02
1.920670015387996159e+02
2.511511014425184840e+03
2.217248503920533949e+03
6.270298866374935187e+02
1.767419996209358715e+02
5.529612911174496048e+02
6.306183554200274557e+02
6.261044710981011576e+02
5.604470419287659979e+02
6.201593981145764474e+02
5.271497394923981119e+02
5.736550141166829917e+02
5.337265555827774506e+02
4.740309874569059616e+02
1.769198687598463664e+02
6.739680300302626392e+02
5.908913862581492822e+02
7.259871424686360797e+02
4.374335396566247169e+01
6.131217522964002455e+02
2.120952012057402385e+02
1.705900449957289084e+03
3.850796496992139737e+02
5.990505024599491435e+02
5.649393934762101708e+02
2.356422470941728079e+03
1.991304266243127131e+03
1.325139383924652975e+03
2.324041901863253770e+03
1.798116481681851610e+03
1.514037282074203631e+03
2.458727997996101749e+03
1.589018167463054624e+03
1.280570278860379403e+03
2.253447491895626172e+03
1.603522966731710085e+03
1.356057996438112013e+03
2.142322766627193232e+03
1.667069170042896076e+03
7.452561259268596814e+02
2.940432256673455413e+03
2.430453904536776008e+03
1.527036943157625956e+03
1.062828017633184345e+03
7.325193546368865327e+02
2.833151195542773735e+02
3.069492838460591429e+03
2.515367445074742591e+03
1.184857665725019388e+03
1.159012339218387524e+03
9.407654412153866588e+02
6.994276214104733072e+02
3.071973871970176333e+03
2.525489538016576262e+03
1.165170218883785765e+03
1.137605748404677115e+03
9.127148928675539992e+02
7.849127773160261086e+02
2.373613809566596956e+03
1.737424108619875824e+03
1.662521377373526320e+03
4.628846341337513195e+02
4.470668258824099439e+02
4.498775573292138006e+02
4.520273928880567382e+02
4.501840637073477183e+02
4.524329837856986387e+02
4.169922977949210008e+02
4.234164519582417938e+02
4.189393908992739739e+02
4.162137146034276043e+02
5.602509965597195105e+02
5.235903432105250204e+02
3.872527088960196693e+02
3.832813613116906595e+02
4.561881310136993761e+02
4.454793228691066815e+02
3.578141862488310920e+01
4.542319500169018625e+02
1.493433639695560259e+03
1.256805171333082626e+03
1.190189672061306737e+03
1.209171650707615754e+03
2.170407806099468417e+03
1.510689209085972834e+03
1.107297338197868385e+03
2.025861386299511651e+03
1.421058289681975339e+03
9.918987763159801716e+02
1.523341197397562610e+03
8.969035326822861407e+02
6.060319214696588688e+02
1.451333402891599690e+03
1.113121952907744117e+03
4.331800765451982898e+02
2.096192366894234056e+03
2.004785081484145621e+03
1.108478026971101372e+03
9.064427593757612840e+02
8.597794256918007250e+02
3.726691682183738976e+02
2.635853187528759008e+03
1.903333256205300358e+03
1.012372629650064141e+03
8.750132297434150814e+02
8.274644750151524022e+02
6.606363178138259400e+02
2.168628080982257416e+03
1.404239680602520593e+03
8.746591870769294701e+02
8.562606118371580806e+02
7.010926681924956938e+02
2.083947694639914232e+02
5.034066245347429458e+02
4.988237163460902934e+02
4.911843771923775535e+02
4.595058962844324242e+02
5.778557761975151834e+02
4.957735327850789986e+02
4.622508207330250798e+02
4.603765451267376534e+02
4.611007889033758715e+02
4.660340403962111395e+02
1.223193886244158364e+02
5.894917252785373876e+02
4.183825632472967868e+02
4.208218414103076270e+02
4.903588371990879295e+02
4.981305728437899347e+02
4.985618084698718349e+02
4.986490754295814440e+02
1.332668535734684610e+03
1.315827528705237455e+03
8.320113249913241305e+01
8.368147693027520972e+01
1.334846868427754316e+03
2.164954139762657633e+03
1.438248250865506861e+03
1.001464035160593653e+03
1.694643664630799549e+03
1.004811825924074128e+03
6.466902729857546319e+02
1.536641323723719097e+03
1.211624773212572563e+03
4.822970356596113106e+02
1.982320746840659694e+03
1.348544025227723978e+03
1.010693988345708021e+03
1.986941275776765224e+03
1.569920050138648776e+03
8.692526953572104276e+02
2.488097682603349313e+03
2.145086733450696101e+03
1.602970477557339109e+03
1.116284839055645762e+03
6.762902137866165049e+02
4.299393610259721754e+02
2.823482704281115275e+03
1.988012914495107452e+03
1.455622762842200245e+03
1.127201149767625566e+03
9.176252437799497557e+02
5.911996791895451224e+02
2.642287680134584207e+03
1.742134372292123544e+03
1.355725504910913287e+03
9.900040497610674493e+02
9.617861439162760462e+02
1.241638766959812870e+02
2.456372383544254717e+03
1.985677262388290956e+03
1.460098938509392156e+03
9.297627293498441077e+02
7.353126873404577282e+02
2.134035348454091547e+02
3.052628420728993206e+03
2.110236688683862667e+03
4.544305735684374667e+02
4.174459024126089730e+02
5.172660308886312350e+02
5.367744825224568785e+02
8.363313358949593521e+02
6.447186407014688712e+02
4.853818944339632822e+02
4.836052194922606304e+02
7.853736430276843521e+02
7.476945710230518216e+02
4.409515286449318410e+02
8.918864233410696443e+02
5.419042334816913353e+02
7.947103428170791517e+01
5.052471169614869950e+02
1.313143393363360929e+03
1.513230591773742390e+03
6.638045890338929667e+01
3.143703789984554078e+02
3.143564987102611212e+03
1.739190882322977131e+03
1.301087135411349664e+03
2.060703912734051301e+03
1.749173717122213247e+03
1.232614642612740681e+03
2.929048671489528715e+03
1.315827756570443853e+03
8.535376088517414246e+02
1.572950805693639722e+03
8.307907124721417631e+02
7.883234007776597991e+02
2.889376247969353244e+03
2.335096530735003398e+03
1.388952840827811542e+03
7.587696484927804477e+02
7.127290253699522964e+02
1.447502084253092960e+02
2.727489749985179060e+03
2.531309658051366569e+03
1.854307903776530793e+03
1.157907868319619411e+03
6.846446288289793074e+02
5.082934606503071109e+02
2.544987460511429163e+03
2.152867456095159469e+03
1.484326680182021619e+03
1.244721242266749641e+03
6.961931654736745259e+02
5.956981160778486810e+02
2.679330197183433938e+03
2.230915752486286237e+03
1.583923294343936050e+03
1.236285465793613184e+03
6.835475384341208382e+02
6.160945284190333950e+02
3.239488177996000559e+03
2.524866555754471392e+03
1.796945850541664186e+03
1.373975344221848445e+03
9.804257939096733026e+02
5.971426633966691497e+02
3.346798632257914051e+03
2.322736785111322206e+03
1.478372266007232156e+03
1.311151969659559882e+03
1.170194419945244590e+03
4.919438338111602889e+02
3.312298359260291818e+03
2.225551446349219077e+03
1.326116743444634267e+03
1.070051011133573638e+03
9.886698657112638102e+02
4.330588821906297881e+02
