1.360906740401693626e-01
1.068156117939232652e-01
1.147541598078657549e-01
0.000000000000000000e+00
5.580641701062519222e-02
3.445404385116684204e-03
5.588240475808550143e-08
3.791395918932015038e-03
1.413372565275517996e-03
2.379876215555759393e-03
2.262096342816522030e-03
1.742108704866291878e-03
1.502794643304450513e-03
1.766838268127200089e-03
2.244770257345983597e-03
1.817225771886494612e-03
3.737862083379154491e-03
5.020966555900236404e-03
1.894282284425036428e-03
3.372651346628094231e-03
4.420442650341402380e-03
1.543044857186848771e-03
1.239244784257893528e-01
2.386242848618744510e-03
2.142566673821798967e-03
5.669921039471711999e-02
1.367855537891074199e-03
5.418471462991474377e-03
5.988981807037487178e-03
2.026589849235417747e-03
1.204738519873196478e-03
3.069157893148410574e-03
3.112943113227945591e-01
1.721918788098845748e-03
4.008496214544753772e-03
0.000000000000000000e+00
1.739903291071758168e-03
2.048108898617396947e-03
2.462053856716813014e-03
5.151496694431083150e-03
2.908368863020688484e-03
2.196987082006769069e-03
2.931975397379137701e-03
3.486034792118123532e-03
