1.434928901204774454e-01
1.010425068456728692e-01
1.121363165489892427e-01
0.000000000000000000e+00
7.601935376364520047e-02
4.245118203504789391e-03
7.773679777222878234e-09
6.736226949039072695e-03
4.205910413053699955e-03
4.772826887906964077e-03
6.150318893505635036e-03
6.249058892687704182e-03
5.593014461125456714e-03
3.277456591492217824e-03
2.850786585427818754e-03
1.820566168598786215e-03
6.260500605919491236e-03
7.232111532083850339e-03
1.725966096473343639e-03
5.502827692922254363e-03
6.541886648369616038e-03
4.176560148778923377e-03
1.246082985944063221e-01
1.663777079107282104e-03
5.090928011888409301e-03
3.573887307726044283e-03
1.981923487870584227e-03
5.162486092176908452e-03
1.505999647665479634e-02
4.201228924921928537e-03
2.480354892194376690e-03
3.809334088951304813e-03
2.527818729693192545e-01
5.734717816660932742e-03
3.472352028776442764e-03
0.000000000000000000e+00
1.350333168530186076e-02
6.447182870976318932e-03
6.222887416582092469e-03
6.807969380963702077e-03
8.581645349693986166e-03
1.238840566353911592e-02
2.371907572996681274e-03
4.023300465937585009e-03
