2.096183944810022515e-01
1.224099340245727308e-01
5.909322871568644525e-02
0.000000000000000000e+00
2.039678796865264723e-02
1.071916906374275648e-02
1.099376885868683471e-07
3.757815665291958096e-02
2.156998652744928236e-03
1.242723411721368418e-03
2.269288761603453428e-03
5.136684774518252353e-03
6.196902072258798563e-03
1.690164246146775131e-03
7.314101297253365955e-03
1.217760460567796597e-03
1.563201897327348017e-02
1.394358775118242433e-03
1.487365826578652137e-03
1.483407813886053646e-02
2.053636010102349689e-03
4.691882028831828935e-03
1.582417143556416259e-02
9.824656951090580612e-04
1.397006050888683140e-03
1.726439834035604567e-02
5.741035432873943523e-03
1.291620424134418306e-02
3.102900351390881252e-03
1.864003185862889459e-03
1.113832626748139688e-02
2.768624286613201400e-03
3.466897016714073909e-01
1.584577474278000978e-03
1.484017879911846312e-03
0.000000000000000000e+00
5.931201610192314740e-03
5.898712939250238749e-03
4.850951787396405937e-03
2.228930428204059511e-03
1.007873817540665129e-02
6.203302057625797311e-03
6.903855764889050943e-03
8.013130650109065792e-03
