1.987409769209561971e-04
6.046692788104952833e-07
5.406267393147016868e-03
5.405062480387286782e-03
2.092479468995586331e-02
0.000000000000000000e+00
9.360274755743939676e-03
1.034824768265085824e-03
0.000000000000000000e+00
0.000000000000000000e+00
0.000000000000000000e+00
0.000000000000000000e+00
4.810966440042344680e-16
7.223572697085985442e-03
5.694334779038357154e-07
1.913582959174320308e-04
1.909602904006805547e-04
3.594957350713889974e-03
2.788417050428441436e-03
-2.422639325401950307e-06
-1.036208156316812787e-16
2.702617914647949612e-08
-2.112837953978837466e-06
0.000000000000000000e+00
3.704319345339730938e-08
1.201241415057137904e-06
1.793886964666209938e-03
1.226791444356815527e-06
6.086478355908179434e-07
1.793280000170790209e-03
-8.387816367398197272e-12
3.594963954866285064e-03
0.000000000000000000e+00
0.000000000000000000e+00
5.704565181193407046e-07
5.833575440557699613e-07
1.304226813822066287e-03
2.379409984939092132e-06
1.793280005996951811e-03
1.196884717432252420e-06
9.480483509349824503e-10
3.594955273822845413e-03
3.595008163807696371e-03
5.104287735443099046e-08
7.570883845482334618e-01
0.000000000000000000e+00
2.220446049250313081e-16
5.590127088082781783e-05
-4.440892098500626408e-17
-2.272256457066153535e-15
0.000000000000000000e+00
0.000000000000000000e+00
0.000000000000000000e+00
3.689855862923940768e-03
1.748934745256688079e-06
1.912451024947007584e-04
1.427203126596350959e-04
3.595849577476495362e-03
1.463287932083427384e-07
6.205024473456832723e-04
-5.921189464667501467e-17
3.700743415417188263e-17
-3.283912938364015949e-06
0.000000000000000000e+00
5.181040781584063937e-17
3.586934400974979999e-06
1.793885822884385252e-03
1.182258912191258475e-06
1.207939886930612824e-06
1.794431197410769349e-03
1.794431197410917235e-03
3.595450236909532825e-03
1.408551132027942717e-08
0.000000000000000000e+00
3.595527726672479839e-03
7.223487604004937869e-03
1.304222685666396988e-03
1.198970281302003201e-06
6.071501761425087244e-07
3.595525754644716531e-03
1.772434054066647979e-06
5.405059144067555013e-03
3.595070601236597958e-03
1.793280129050341554e-03
0.000000000000000000e+00
0.000000000000000000e+00
0.000000000000000000e+00
-4.804085873555408170e-08
0.000000000000000000e+00
0.000000000000000000e+00
0.000000000000000000e+00
0.000000000000000000e+00
0.000000000000000000e+00
3.932208942314148990e-03
2.272750269124064905e-06
1.913001534958732263e-04
4.728340538238858117e-05
1.793332898459931799e-03
1.338094564578865822e-03
1.658924556983502533e-08
-5.921189464667501467e-17
6.079641368117450260e-09
1.630390354655360751e-04
0.000000000000000000e+00
1.307302300958301886e-03
1.241266963562341142e-06
5.405671971592888522e-03
5.673435617525868648e-07
1.736244608056362447e-06
3.595527748170905275e-03
-7.234538893878076838e-12
5.405470099962002978e-03
1.693852412406234571e-08
0.000000000000000000e+00
-2.763829165530751262e-11
1.794431206390423392e-03
1.668571469141492539e-08
1.177065555409602912e-06
3.594990606341978093e-03
3.595564109754604588e-03
3.964391358894185228e-08
-5.293651221075872124e-10
3.595581905509222763e-03
7.758766365680476737e-08
2.462079054706597165e-08
0.000000000000000000e+00
4.626659858921855495e-03
1.781348007989791427e-07
0.000000000000000000e+00
8.744177878365158945e-06
0.000000000000000000e+00
0.000000000000000000e+00
1.259802147150305412e-06
3.171737480487816629e-03
1.010546589822839801e-06
6.521159755044007682e-04
3.793946461895333043e-03
1.793169141277532264e-03
3.930933194499590215e-03
9.896185636101431995e-04
0.000000000000000000e+00
6.627390184791673839e-09
1.630488614215034660e-04
0.000000000000000000e+00
8.359401128643640246e-07
7.737305930029711146e-08
1.210160760667378142e-06
1.152850507257774297e-06
3.594957268185572461e-03
1.152746113379047708e-09
5.704808213750448782e-07
9.307998912818267859e-07
0.000000000000000000e+00
0.000000000000000000e+00
0.000000000000000000e+00
1.149195935227590889e-06
2.421240371160611823e-08
3.595527737117280246e-03
6.232216044121941179e-07
3.595635130949174484e-03
3.595527731574602818e-03
5.378483987072968640e-08
0.000000000000000000e+00
0.000000000000000000e+00
2.119339049750390471e-03
0.000000000000000000e+00
4.043567405470545675e-03
1.826636992774410828e-07
-4.440892098500626408e-17
5.688456275791213196e-06
0.000000000000000000e+00
0.000000000000000000e+00
1.054646661113878314e-08
-6.384169779494185985e-08
-3.408439016213312539e-08
-6.080154886234368215e-08
3.612573048113650726e-08
3.128232094103585432e-08
5.007347304205230362e-08
2.322493352450531315e-08
0.000000000000000000e+00
1.748956368063936395e-06
2.127873448554140689e-08
6.404938046600250676e-09
1.403560200108344660e-06
-6.039089330833747301e-08
-2.928102465678724327e-08
-1.584812643488457345e-07
-6.678583182780546711e-08
0.000000000000000000e+00
0.000000000000000000e+00
-3.903551926143222772e-08
0.000000000000000000e+00
0.000000000000000000e+00
0.000000000000000000e+00
0.000000000000000000e+00
0.000000000000000000e+00
0.000000000000000000e+00
-1.178168252735645130e-07
-8.154632960000185978e-08
-5.077099221040270872e-08
0.000000000000000000e+00
