5.052222570957227617e+03
2.209876546585723190e+03
5.555260337665118868e+02
1.052204799768066323e+03
2.463371281390402601e+03
3.520016323426099802e+02
6.806143693206400940e+02
6.204623582319114803e+02
5.308990631794924866e+02
2.214623424449772301e+03
8.264648048477283737e+02
5.555111414335920017e+02
1.494144506063520566e+03
7.885514084854785324e+02
5.739036397038231598e+02
2.873578728869950965e+02
2.863599585222512474e+02
4.068735809854595118e+02
6.421860183564482440e+02
9.582104087535941517e+02
9.905892370809732483e+02
9.420512671759419163e+02
9.103177601868287638e+02
7.673589638027914361e+02
1.790577950594228969e+04
5.971187899330822802e+03
1.372052394347235804e+03
7.173067881508605751e+03
3.717405996383841739e+03
8.597940733514118392e+02
3.680477747873007047e+03
3.612514292981203653e+03
1.436199055240824919e+03
3.618754785046657162e+03
1.110306921262133301e+03
1.017280305832960835e+03
3.448721770350510724e+03
3.424798145923082302e+03
2.483573077691220988e+03
1.611490799771083630e+03
1.593953124501086677e+03
1.160572779817569653e+03
3.411260309407876321e+03
3.384205276955640784e+03
1.466784219786901531e+03
1.316352825109069045e+03
1.158834670095793854e+03
3.957438614923532896e+02
3.419354486289329543e+03
3.375924234464246183e+03
1.473707252588504844e+03
1.296363410859186615e+03
1.176065966161286497e+03
6.506580094843673123e+02
3.411724086171192084e+03
3.380424293720025616e+03
1.411174162004074788e+03
1.001246496983393513e+03
9.880802904968708162e+02
8.661074277630164033e+02
4.969349522765667643e+03
7.154306859614441692e+02
9.632023438794785761e+02
7.794389709808401676e+02
5.358809226026908163e+02
2.151224409203796313e+03
1.589394021561678528e+03
1.425382253762372784e+02
3.743571397835287371e+02
5.416261392816412581e+02
1.424640187554803106e+02
1.885529522482910068e+02
2.933488079108948909e+02
2.867095947216573109e+02
3.546431532285233970e+03
3.182801497493576903e+02
4.768494623121162590e+02
5.682095794943350029e+02
6.382232091520006634e+02
5.825771167861911408e+02
5.480521840350845650e+02
9.885030385417118168e+02
9.938932754823587175e+02
7.699509794880432310e+02
1.501347387002614232e+04
4.856044754017959349e+03
4.114919187887300723e+03
7.104539520959818219e+03
3.706752296724961070e+03
4.296233179572647032e+02
3.691527604679934484e+03
3.621375657736168705e+03
1.502401387075561161e+03
3.507288519920315139e+03
1.081211036675129435e+03
5.618115877662991124e+02
3.618415569439446244e+03
1.091842169531774744e+03
9.533142297613094343e+02
3.429135865077656490e+03
3.403316509430230781e+03
1.522868072263815066e+03
1.503547052781892717e+03
1.286080454036413357e+03
9.888513100295415370e+02
3.436930048469568646e+03
3.396925651961642870e+03
1.431881624559190868e+03
1.027446449876513952e+03
9.993032995558342009e+02
9.823271824260003768e+02
3.430179781957613613e+03
3.393238989000484708e+03
1.420994562282892730e+03
1.009005916378441157e+03
9.540161108188242451e+02
9.409644566885286849e+02
8.465210615259995393e+03
3.510753377277317213e+03
4.813003671403486692e+02
4.144990693374541479e+03
3.178460129683074683e+03
6.656888238867428527e+02
6.931276922071832587e+02
5.483432703807617372e+02
5.173234570815380948e+02
1.587926739164600576e+03
3.823417003607787024e+02
5.509214195225835056e+02
5.290074377080873091e+02
3.596300308900698838e+03
2.142147272650572631e+03
2.066339804724908333e+02
2.786315348099658991e+02
2.526743474694918859e+03
4.569482167280195881e+02
6.105754455738160686e+02
5.642226597886505033e+02
3.072281122504644827e+03
1.908020173447953539e+03
5.815999053635036944e+02
7.619751535003069876e+02
1.753026173463154555e+04
5.688016515483750482e+03
3.323411433294982089e+03
1.094348798707305468e+04
3.612600115725429532e+03
2.435778254161163659e+03
3.572140405456386361e+03
1.420158264991851865e+03
1.193229504974522115e+03
3.543998753423489234e+03
9.666511514665028244e+02
5.817697744110712392e+02
1.225136761855236728e+04
3.683835646451487719e+03
3.367836817494641764e+03
3.132696446533758262e+03
2.699109256004831423e+03
1.382760241147905845e+03
3.459507250279469190e+03
3.418019934816367822e+03
2.450766199421764213e+03
1.624914957751464271e+03
1.581815658705268106e+03
1.190016824555058747e+03
3.431693706789482349e+03
3.395083695694229846e+03
1.451596964192365249e+03
1.093388029684679168e+03
9.990997786516659289e+02
8.963124709435434170e+02
4.184940474020070724e+03
7.447062851557085423e+02
5.669970093808743741e+02
5.387507162427491494e+02
3.651744497709552434e+03
2.816410435306569980e+03
1.177955518688243501e+03
7.430447072293737847e+02
8.406943033081827821e+01
4.906397997868878065e+02
5.418322864993344865e+02
3.369227041069721508e+03
5.438391714680665245e+02
2.888334465692003619e+02
4.975136379256555870e+02
6.507581614588901857e+02
6.279772973308456585e+02
6.297540698713993379e+02
1.640183208271725789e+03
4.486597573282147664e+02
9.964974301832511401e+02
8.740653434807773010e+02
7.742748334819796128e+02
1.472586565131132011e+04
4.733376377794245855e+03
3.731181243796656872e+03
3.575779545490822784e+03
1.794339023809530545e+03
1.351714507423776467e+03
3.515635565881790171e+03
9.832718267947171853e+02
5.680401282441490594e+02
3.544838931046117523e+03
1.120861229305083498e+03
3.919445201884045673e+02
3.599725180988286866e+03
1.056893362130074138e+03
9.086387129795908777e+02
6.768242742832362637e+03
3.467107082842024283e+03
3.454316387367093739e+03
1.217360318548439636e+03
1.195232849386610724e+03
8.626938294038228605e+02
3.433803206518330626e+03
3.426225152720455753e+03
2.535162840480069917e+03
1.593792289121138538e+03
1.569300496900935741e+03
1.170238318340213482e+03
3.405799403488139433e+03
3.390072492920020522e+03
1.466954970946410867e+03
1.192038100690214833e+03
1.122196593861927340e+03
6.972623584826347951e+02
3.433462033197041364e+03
3.396201464619365197e+03
1.430404074657714318e+03
1.106532900134328656e+03
1.028171456526653174e+03
9.691190273408442408e+02
4.849388812664437864e+03
6.005887948511523291e+02
7.162127675954734514e+02
7.750456871656995190e+02
5.093303409710601386e+02
3.717315563868373374e+03
1.574906390573388762e+03
4.941001640609555352e+02
5.458357979000810474e+02
5.245979417543352383e+02
3.311261799478395915e+03
1.038110650095657547e+03
1.221199501539531695e+02
2.533955970841421731e+03
1.374001498787347089e+02
6.513528029723853479e+02
6.067777608866722403e+02
4.013968544137267145e+03
1.009169236886929184e+03
8.645266924804559494e+02
7.738238433927656388e+02
1.464839448338170223e+04
4.946123257691701838e+03
3.682423113638653376e+03
6.967782065843974124e+03
3.754527211937269385e+03
1.080269248635432405e+03
3.598883763763877141e+03
1.102565647406343032e+03
9.507751769887944420e+02
3.634611993057756081e+03
1.059566253646230962e+03
1.008224813496613933e+03
1.187125470196102651e+04
3.893793388717866492e+03
3.708042552448420338e+03
3.618845632638305233e+03
3.390034160615044584e+03
1.411159149047791516e+03
6.760911150797524897e+03
3.492731190333860923e+03
2.978548303092615697e+03
1.481273232877422288e+03
1.302220017613805339e+03
1.245361716798195857e+03
3.448102413699984936e+03
3.388203411743399101e+03
3.342221579385144196e+03
1.566653643804636431e+03
1.420714060184619484e+03
9.727605954665256149e+02
3.412717267149537747e+03
3.348359744299360955e+03
2.570330340508837253e+03
1.589237630308866756e+03
1.435266929134860220e+03
1.022760185030673824e+03
3.401377673567476904e+03
3.386355669112118449e+03
1.727090680618812485e+03
1.541651695165615365e+03
1.459948872920829899e+03
1.095315230459556005e+03
3.442098040265715554e+03
3.405433298653229485e+03
1.500361229761287177e+03
1.386917992880910788e+03
1.167880956848570577e+03
5.560419485082696838e+02
3.444278792747482839e+03
3.397769525004868683e+03
1.434297575647702843e+03
1.040373658829787473e+03
1.009554183108208917e+03
9.823210334375424964e+02
