2.767665035321410505e-01 -1.062862178441607158e-01 1.476188276763019253e-02 -1.349600902349998646e-02 3.067537804933607570e-03 2.343473902630340857e-04 -1.313155015439401718e-01 3.459166697076362235e-02 -1.416928584065331176e-01 -1.316891758864356388e-01 6.930508493467220366e-02 1.275321231319277993e-01
-1.067098273973273864e-01 9.689599693502450040e-02 5.992768465295761349e-02 -1.450979070851070134e-02 3.402550897304731231e-02 -7.018243463721865992e-03 3.894799692262847918e-02 -4.503166067602291239e-02 4.801368894006511484e-02 8.409473328912045464e-02 -8.511255983522152124e-02 -1.025175020870051773e-01
1.399731029695260899e-02 6.096073804048087602e-02 5.648679753199986608e-01 1.624949990333096009e-03 -7.018142670348496981e-03 -1.916828299954729045e-02 -1.825658716540170257e-01 4.926450560642544468e-02 -2.921598581860370691e-01 1.663293187326877476e-01 -1.030271575848698967e-01 -2.520681690693430399e-01
-1.349600902349998646e-02 -1.450979070851070134e-02 1.624949990333096009e-03 5.844399826212855198e-03 -2.765951308021240458e-04 4.021753644242216522e-05 3.723769036792178716e-03 7.890509377549839026e-03 -7.687503146560209760e-04 3.757645133464834666e-03 7.867024300223885921e-03 -1.355304555526074244e-03
3.067537804933607570e-03 3.402550897304731231e-02 -7.018142670348496981e-03 -3.001246043576801404e-04 -3.568404730787958640e-02 6.124541900880182792e-03 -1.009030809649399778e-03 1.845596543100734219e-03 -3.083084017102537418e-04 -1.716279793133222752e-03 -1.231698123232351661e-03 1.446466793795685851e-03
2.343473902630340857e-04 -7.018243463721865992e-03 -1.916828299954729045e-02 -3.438818634183736728e-04 6.095915725618496206e-03 1.160118040966666778e-02 2.882169530304166429e-03 1.241819067066866379e-02 2.757553696607085211e-03 -2.547238253584674372e-03 -1.134784580192234674e-02 5.777313534767515059e-03
-1.313155015439401718e-01 3.894799692262847918e-02 -1.825658716540170257e-01 3.723769036792178716e-03 -1.009030809649399778e-03 2.882169530304166429e-03 1.193489531837835377e-01 -3.913254872297902004e-02 1.604939800961363572e-01 8.562929988043704518e-03 1.067132191531271245e-03 1.899952714834107770e-02
3.459166697076362235e-02 -4.503166067602291239e-02 4.926450560642544468e-02 7.890509377549839026e-03 1.845596543100734219e-03 1.241819067066866379e-02 -3.831753507031236683e-02 4.320776042954974777e-02 -4.929369015561330114e-02 -3.838739332785307424e-03 7.002125839625655563e-04 -1.077341961752775572e-02
-1.416928584065331176e-01 4.801368894006511484e-02 -2.921598581860370691e-01 -7.687503146560209760e-04 -3.083084017102537418e-04 2.757553696607085211e-03 1.596470563760389871e-01 -4.967369025127846283e-02 3.185615457296653852e-01 -1.864989088039016585e-02 2.662143745607914447e-03 -2.995170009400629010e-02
-1.316891758864356388e-01 8.409473328912045464e-02 1.663293187326877476e-01 3.757645133464834666e-03 -1.716279793133222752e-03 -2.547238253584674372e-03 8.562929988043704518e-03 -3.838739332785307424e-03 -1.864989088039016585e-02 1.187127927339256261e-01 -7.774726762449711559e-02 -1.448680255472873102e-01
6.930508493467220366e-02 -8.511255983522152124e-02 -1.030271575848698967e-01 7.867024300223885921e-03 -1.231698123232351661e-03 -1.134784580192234674e-02 1.067132191531271245e-03 7.002125839625655563e-04 2.662143745607914447e-03 -7.788823109349711504e-02 8.580656927240747078e-02 1.112120571777285155e-01
1.275321231319277993e-01 -1.025175020870051773e-01 -2.520681690693430399e-01 -1.355304555526074244e-03 1.446466793795685851e-03 5.777313534767515059e-03 1.899952714834107770e-02 -1.077341961752775572e-02 -2.995170009400629010e-02 -1.448445862575885867e-01 1.113606030606116570e-01 2.762991757880000065e-01
