-4.815710681642838972e-05
-4.658956456269733624e-05
-1.391989359491111724e-20
-9.957593507720821664e-21
1.369427209614619647e-21
3.435034820405546037e-20
5.744601200930225167e-20
5.835509885905469028e-05
3.491117176918649614e-04
-2.229656895464983907e-19
-7.972560622878841052e-20
-2.134527944932691201e-20
-4.098390648034691842e-21
1.668677518860222417e-20
4.390026130382868237e-06
5.520604553213432848e-06
4.541839579970527105e-05
7.470288510132596217e-05
-2.368016420242905706e-19
-8.569542498457602279e-20
-2.886486310294825741e-20
-7.553298546388772137e-21
7.349378579049999693e-21
2.997370303791681719e-06
3.242325359525398493e-06
2.442252215756326184e-05
5.369306334057998264e-05
-2.839318091898933321e-19
-8.930660759758225988e-20
-7.512544821331723098e-20
-3.416046745894441899e-20
1.361842488225134962e-19
6.503598808180241617e-06
7.259104163619586441e-06
1.648016221803477594e-05
4.162234513277513110e-05
-1.343320790561593924e-05
-2.265372134612179797e-20
9.745830911326625063e-21
1.296508324375171798e-20
5.052538821286660368e-20
8.231082844270662554e-20
6.141480241451808420e-06
7.021512171189857168e-06
2.792306927102756030e-05
-1.162323160095113691e-05
-3.893243150503919122e-21
1.628675858891905498e-20
2.358842104434874613e-20
2.871155646122351463e-20
4.595918375846099086e-20
5.848715729706435850e-06
6.519948369486925836e-06
2.521255137700055727e-05
-2.557918058256913265e-21
6.622689404093786759e-21
1.287020803184108489e-20
1.436134655419432626e-20
1.546491944839413291e-20
6.369493402478725400e-06
7.371515861271482003e-06
1.535135237893257813e-05
2.461125435544700540e-05
-3.476524791614979121e-21
4.747673168772552049e-21
6.750799321660521796e-21
1.279511292228963984e-20
1.417914650338581444e-20
2.340209206535999267e-06
2.421247675021861115e-06
2.341240078599814137e-05
3.416140811564694291e-05
3.538346931621816564e-21
6.776868986085028975e-21
1.836620201164827296e-20
1.945780303288367136e-20
2.397615690350896189e-20
4.436699479253023703e-06
5.609986283591022294e-06
2.935416374605224720e-05
6.819704481197349274e-05
-4.810228537613454240e-05
-4.670185128219929259e-05
-6.616938430593491071e-20
3.009423862137381061e-20
5.253755639431821481e-20
6.566007468126555457e-20
8.957626429466763098e-20
1.047270611156170587e-04
3.453073196477605641e-04
-5.034490573935540179e-05
-4.922714888519060211e-05
-8.520173713364012930e-20
-3.583365250955616637e-20
5.458973825830232980e-21
3.487554783597108104e-20
1.080222604149953411e-19
5.787163838639814204e-05
3.362936004612295535e-04
-1.000774838452843106e-20
1.360618393549453513e-20
2.462276009082530704e-20
7.942864867626425284e-20
1.241722613824261180e-19
5.058188169460117490e-06
6.431225568427293328e-06
6.092102968423266691e-05
8.359900383499584869e-05
-3.921176366706301148e-21
8.412940001743302025e-21
2.740625073796991673e-20
4.622594924645081877e-20
6.990374927046452224e-20
3.526010597986337681e-06
4.528928449967587893e-06
3.388277648942487425e-05
6.177929621240642940e-05
-1.789323132607535573e-19
-1.142964109639176753e-19
-3.307116375242513805e-20
-7.544903314087974523e-21
2.334823880103171673e-20
5.385091029816306697e-06
5.459725359251682909e-06
2.194168909000353927e-05
5.257232616869994297e-05
-1.415816430016912613e-05
-1.756025753380724962e-20
5.611733502054882089e-21
2.273494491999771406e-20
3.281344617386352689e-20
7.496131022688437265e-20
5.926031402121721047e-06
6.056055131866413379e-06
3.605200797909307366e-05
-1.148943395981134629e-05
3.572368123883267713e-21
6.251879870907446735e-21
6.733969138939885731e-21
1.630794911980183496e-20
2.698382085328584936e-20
5.987166679154627532e-06
6.202578808961923558e-06
3.345432772535444487e-05
-1.153830139627290508e-20
-1.866853428806545796e-21
4.410597733314374582e-21
1.545963711917464200e-20
1.729319397463280899e-20
5.560271298749380010e-06
6.427731457076606047e-06
2.178045505803782967e-05
3.147925293778580278e-05
-7.988992245675733889e-21
-5.482683965555603070e-21
9.023342609506817647e-22
5.689500805717727536e-21
1.081416339481162033e-20
3.315292269623525154e-06
3.809411287258154757e-06
3.727368742311159834e-05
4.007221083596378483e-05
-5.020425596572142810e-21
4.390616975350774977e-21
4.713065639609802207e-21
5.964764207535044351e-21
1.500103094861697424e-20
5.210080239023380959e-06
5.951651470974557621e-06
3.029269658264068066e-05
8.796921675110382500e-05
-5.058812164299998480e-05
-4.869468495490331415e-05
-1.474066770872638079e-19
-8.723623632312989723e-20
5.490190465878565519e-20
7.079485731298209738e-20
9.200701229563566304e-20
8.959214835373345109e-05
3.381980719354360184e-04
-4.941724365993094785e-05
-4.710288727571471687e-05
-9.027135835978246151e-20
-9.069199744019430742e-21
4.888799610594711546e-20
8.780680093015655768e-20
9.311582849036139071e-20
5.520903139139968555e-05
3.465155469068729099e-04
-3.161356012927917220e-19
-1.385065562957180822e-19
-6.053650115903085787e-20
-2.506558941313034037e-20
1.859861050690698882e-21
5.428851383482142329e-06
6.101864764322101699e-06
6.704510732683689061e-05
9.490198577458074341e-05
-2.531854461319269736e-19
-1.517966900806365040e-19
-1.255070432229431172e-19
-2.099662742483464611e-20
-4.939584383769135717e-21
3.400615579795476140e-06
4.817318319552425237e-06
2.221021809301140600e-05
6.874426524976426909e-05
-3.526857269761614545e-05
-1.411861777634249781e-19
-7.153479559751966514e-20
-2.198435003453545131e-20
-2.088587507822725110e-20
1.308554083464646356e-20
5.888814227187271675e-06
5.986080629652393342e-06
5.177732052297797353e-05
-1.579934365772965954e-05
-9.911572049573078825e-20
-5.940438054450217232e-20
-8.124795930988205458e-21
8.993070523340583268e-21
2.659975079578521319e-20
5.443206373935547857e-06
6.038637408662613805e-06
2.332066979707317581e-05
-1.221533356788478782e-05
2.295095835030223577e-21
2.814848841734058546e-21
3.416088667003695617e-20
3.789344680503910702e-20
4.937085369461712644e-20
5.358299090286525721e-06
5.676289840660216195e-06
1.932806686229294967e-05
-7.644787305829461312e-06
-8.548045152379133933e-21
-6.658821559065778075e-21
8.038113139890033243e-21
1.971705498942524647e-20
2.590131186499022328e-20
5.279793847476550117e-06
1.778545494216371415e-05
2.515721396201913270e-05
-4.958519893406950874e-21
-4.513696522867428739e-21
8.625857746860836569e-22
9.684970677264258783e-21
1.389616297405670357e-20
1.895860472960752734e-06
3.344513759104903713e-06
2.236209105730023656e-05
3.164007423260822155e-05
-1.244006812959186363e-20
1.741953135596307415e-21
6.902588568504191539e-21
9.011050210396854949e-21
1.130253016789534038e-20
5.097114373395699297e-06
5.282700079664294289e-06
3.628404565297102102e-05
8.178580230446552972e-05
-4.954751518808330060e-05
-4.694748655394921953e-05
-4.438267436563353935e-20
3.466234667349951346e-20
6.953034519047129188e-20
8.433439578936343581e-20
1.730936446043450077e-19
9.593485527521980753e-05
3.344182373590282747e-04
-5.115688034476556745e-05
-5.047023311136315560e-05
-5.015729773409449510e-20
1.326094182370281351e-20
5.488826616136867675e-20
1.128327734357555997e-19
1.188282949901487932e-19
5.026030828925501497e-05
3.397492343623915566e-04
-3.325093938991779751e-05
8.660568069893915117e-21
1.931863324455369609e-20
5.495099979536793312e-20
1.089070776159480106e-19
2.614226407995764095e-19
5.205677535130323129e-06
5.189569342468466017e-05
8.980755920821821342e-05
-2.401517807149729008e-20
2.876032652074944690e-21
2.801296907568314639e-20
5.506056170374543093e-20
8.290987375544194739e-20
3.855422421930916615e-06
4.812148396163212938e-06
2.721258136610772363e-05
6.471764421397041469e-05
-1.594641500018301808e-19
-9.350026094747581739e-20
-6.286816980648711030e-20
-1.154735442359928044e-20
6.630042411964373405e-20
6.151098922740395281e-06
6.464400664233825320e-06
1.825936482186302261e-05
5.112044434864988741e-05
-1.098096430383568883e-05
-1.339982589149119445e-20
-4.564622142878031715e-21
3.086348686546427971e-20
4.788716060218049766e-20
6.646258640445843226e-20
6.523124664737571686e-06
6.600402387401807680e-06
1.930294199546224733e-05
-1.397518403710339652e-05
-1.242445085569900204e-21
1.019147816451454517e-20
3.203560420547570077e-20
4.104939619769906919e-20
5.931832914401573516e-20
5.953435809035189371e-06
6.457851442176333913e-06
2.079657435754420354e-05
-7.960959844005190588e-21
-6.639423334807573202e-21
-4.625653996359067622e-21
5.704267985023070865e-21
1.276394032621720899e-20
6.137357739909688826e-06
6.604631435287504204e-06
1.956328538544874809e-05
3.201377331725864457e-05
-4.683461054303038568e-21
-2.399359772649280479e-21
-6.797269817592761825e-22
4.966507326481682750e-21
2.762688098510168874e-20
2.815409633089867947e-06
4.682846567765401333e-06
2.394746024904351373e-05
3.085144057191226532e-05
-4.957860211355795154e-21
3.195541347146690116e-21
5.852529356633359811e-21
9.302741176235756898e-21
1.492553917064357601e-20
4.973697342919684036e-06
5.853036529921532421e-06
2.683000647061033187e-05
7.233300609988084094e-05
-5.136539900096360344e-05
-5.016499848994125085e-05
-6.586333909686211484e-20
-3.818671826853520844e-20
7.070050846641621077e-20
1.117117415266119496e-19
1.279868559397855635e-19
1.042726664105399177e-04
3.308060300747675498e-04
-4.986216904642406009e-05
-4.742114238819593894e-05
-1.266054305944519683e-20
-1.085432435632288088e-20
1.192813987558919843e-20
1.309437711024259579e-20
8.952113843677955149e-20
6.851594164014457853e-05
3.497380324792768004e-04
-3.477411145550598722e-05
-1.338511357456356966e-19
-7.130321538870461004e-20
-5.722074388079708919e-20
-4.052535013889478112e-20
-1.427643927115593154e-20
5.646504405346983502e-06
5.565925351430072864e-05
8.117751642825702264e-05
-3.071869619442395510e-05
-2.036818236022421358e-19
-8.897108497935308018e-20
-7.245087751202719157e-20
-2.307784177885073785e-20
3.818486995818869844e-20
3.054620541007064912e-06
2.785431560912474979e-05
6.382741499395765236e-05
-2.300275177085919185e-19
-1.349003016978871649e-19
-3.474084888956180333e-20
-1.274568423911574036e-20
3.423027150265281959e-20
4.609044031692380396e-06
6.895733919893708495e-06
1.890708452624501252e-05
6.291330203834723982e-05
-1.793295314901690113e-05
-7.621458384056034224e-21
1.087088768774525525e-20
1.309610446021064711e-20
3.012595640010818959e-20
7.486243723907580560e-20
4.703734811605826474e-06
6.668080569493511759e-06
3.911900763444160458e-05
-1.213106557321054882e-05
-5.350235698247993247e-21
1.732145476463085418e-20
3.120118573358720606e-20
4.233807291409988588e-20
5.479100290315329999e-20
4.221238839399820187e-06
6.702792059587742298e-06
2.738719769699246451e-05
-1.569579689213584753e-20
-1.155309038205294343e-20
-6.946325889364480170e-22
8.525863318221988359e-21
4.015004109160798968e-20
4.822747229449338819e-06
6.816950129373749851e-06
1.965337791934979898e-05
3.557326508064164095e-05
-4.892079314657772683e-21
-3.442860519682482410e-21
-1.040760790415930554e-21
1.220505901213619429e-22
1.521785736276126069e-20
1.215378032701477088e-06
3.101617097125774818e-06
2.768518519900064952e-05
2.888906032002482076e-05
-1.031847858939243938e-05
-2.202177438840879042e-20
-2.276598686766958331e-21
2.147763065339215699e-21
6.473535264156062570e-21
1.978364515797078656e-20
4.432525435621320224e-06
3.482409909031177240e-05
7.756026974612172987e-05
-5.035825799595266693e-05
-4.622848280980855674e-05
-6.318076259950052630e-20
-3.335114869966030471e-21
9.745077673435032529e-20
2.184689518813391618e-19
2.184992892383408759e-19
1.347047238222824964e-04
3.503401930522215984e-04
