4.550685843963948750e+14
2.250693300733468125e+14
1.793700455687378750e+14
1.788501007608302188e+14
1.597996751820747188e+14
1.521368275296481875e+14
1.602595817165755938e+14
1.563016468819375000e+14
2.060413461507743125e+14
4.834105899305581875e+14
4.547110365595368750e+14
2.467079814199021875e+14
2.007717510059345625e+14
1.883451445720704375e+14
1.664396169437915938e+14
1.601807163614805312e+14
1.722129442990406250e+14
1.839859982265945000e+14
2.225492345166434688e+14
4.761528687930330625e+14
4.533582664514301250e+14
2.580207799651524375e+14
1.934629143625682500e+14
2.044150044024958750e+14
1.543173626241629375e+14
1.429010403634281875e+14
1.622777233727297500e+14
1.539211124035745625e+14
2.227539517753756250e+14
4.764525165655974375e+14
4.515452275839128750e+14
2.807062544258344375e+14
1.977262769177093125e+14
1.866827701855336250e+14
1.456449363844435625e+14
1.507466694923863125e+14
1.717307063165781250e+14
1.622124505003892500e+14
2.081203431202144062e+14
4.841329676338710625e+14
4.645762401299921875e+14
2.808771514490227500e+14
2.333545978418827500e+14
1.935759391966270000e+14
1.730008806379844688e+14
1.516539267548778125e+14
1.725948027953101875e+14
1.532467911749411250e+14
2.273212945095073750e+14
5.019543795492658125e+14
