5.006778590980113222e+03
1.061670946525423915e+03
4.456354141286051913e+02
4.593663925663049667e+02
2.312876645627113248e+03
4.584270197182691504e+02
6.751389384201615940e+02
6.096800663162978253e+02
5.462870641434100207e+02
2.111857888839789666e+03
7.346201855822115476e+02
5.654967444818546483e+02
1.553307041198001571e+03
8.009770387609984255e+02
6.229100151872656852e+02
2.976130271949642179e+02
2.862565607484896191e+02
3.808374493274299084e+02
6.570183028359427908e+02
9.748184626604621599e+02
9.629754735531578262e+02
9.473958232720854085e+02
9.223617368461107162e+02
7.451081025626840528e+02
1.813937644571769488e+04
6.411434446851105349e+03
2.867643359273159604e+03
6.847372453340617540e+03
3.681983088868600134e+03
4.023585169929908716e+02
3.612609305182581920e+03
3.576685066552948228e+03
1.517419829404019993e+03
3.611713180760616524e+03
1.090025747003177685e+03
1.035302016847094364e+03
3.435024997477922170e+03
3.425736863164357601e+03
2.370964318422344149e+03
1.616351999130068180e+03
1.591909608493650921e+03
1.180482762332863331e+03
3.468917413488465627e+03
3.414117561033674065e+03
1.520905390658687338e+03
1.415107006397920713e+03
1.180542520283865770e+03
5.416210887234310576e+02
3.457476512750312850e+03
3.405797249152035420e+03
1.476072487018918991e+03
1.292035761408950066e+03
1.141767825961198014e+03
6.714442073188565701e+02
3.785742820553905403e+03
3.551649906788479711e+03
1.530059550587212243e+03
9.462519898041435908e+02
9.274072030645854738e+02
8.719015029735229518e+02
5.149253723695049302e+03
9.759475834880734055e+02
1.110415342466021912e+03
7.814301261851126128e+02
5.473258627655757209e+02
2.289766266419454496e+03
1.469548236270626376e+03
1.808143094908395767e+02
2.971076704065240506e+02
5.443716005976133374e+02
1.697674191566933359e+02
1.845060120982153933e+02
2.851885901326950261e+02
2.951486186038501387e+02
3.687213784545624549e+03
2.537195091821237725e+02
5.524815848432133407e+02
6.466012664064031696e+02
6.628419413139115477e+02
5.882778949843542478e+02
3.448702137037955140e+02
1.001578935958462466e+03
9.965724199213744896e+02
7.367280469430547782e+02
1.501342505985169373e+04
5.313196148235718283e+03
3.848530569121934150e+03
7.399120608700290177e+03
3.850299786429087362e+03
1.228337888241307610e+03
3.716942805755397785e+03
3.623561174068439868e+03
1.535257428261611267e+03
3.528191854847838385e+03
1.236997140829977525e+03
5.645328777289477102e+02
3.663621773777543694e+03
2.070093588348100639e+03
3.560203778702592814e+01
3.440224140315220666e+03
3.406277886811429653e+03
1.519385742030458232e+03
1.477193781611165605e+03
1.272120410223138151e+03
8.844323725447738980e+02
3.440030485263500395e+03
3.395010310388460312e+03
1.432675986294571203e+03
1.046618027081406126e+03
9.895201960426068126e+02
9.879559809869921310e+02
3.441937180905232253e+03
3.394728952241850493e+03
1.419544782936719685e+03
1.003374874116077308e+03
9.184959874477616495e+02
9.030556967009755454e+02
8.900035722432303373e+03
3.745409761828120736e+03
8.009800784127252200e+02
4.162450887761033300e+03
3.553882520897436734e+03
6.596312381894712189e+02
6.849203046979177998e+02
5.584939160122044086e+02
5.440893597797474968e+02
1.630968968624103127e+03
3.633105277473007959e+02
5.641515052231480922e+02
5.096169876504852709e+02
3.806807352249228188e+03
2.163938687854710224e+03
1.787721531391317171e+02
2.556826232137973989e+02
2.575612149903453428e+03
3.389780681514893672e+02
5.433539519968998093e+02
5.699778567527140467e+02
2.907995140526653358e+03
1.889251658871482960e+03
7.172623359396764045e+02
7.394212372918212850e+02
1.817044086335426255e+04
5.824740662692652222e+03
4.052766581408007369e+03
1.040337454215697471e+04
3.421545565220035769e+03
1.859152556565587020e+03
3.564428113838257559e+03
1.343965192946021261e+03
1.284662025065621492e+03
3.537064754331635413e+03
1.004282747213600601e+03
6.767608781111765666e+02
1.541903971376446680e+04
4.258948547560748921e+03
3.548002541755205129e+03
3.462003490169527595e+03
3.229762973530917861e+03
1.324370348320980838e+03
3.450033851300070637e+03
3.438284435343518453e+03
2.504315230346569024e+03
1.612739772321806640e+03
1.603212837073918536e+03
1.208830747386348321e+03
3.444397220686034871e+03
3.397534148137577176e+03
1.433452685366225296e+03
1.040298083804900443e+03
1.014438521151300961e+03
9.813895005760489312e+02
4.172714156444761102e+03
7.569877492717728273e+02
5.957305258926976421e+02
5.621812750924874535e+02
3.723266896868664844e+03
2.864260432556564865e+03
1.117522225976046457e+03
6.841314987801265488e+02
1.403821127167230713e+02
4.941114847667554386e+02
5.496281969217943697e+02
3.521031915423230203e+03
5.415924438283926747e+02
2.894128578424340503e+02
3.876588300251497117e+02
6.759108797914561819e+02
6.474371338702233061e+02
6.449505788616276050e+02
1.715392194485324808e+03
7.091575101105590875e+02
9.901302568365140360e+02
8.477325846721688549e+02
7.557271769035022544e+02
1.439404867181316513e+04
5.469922713895702145e+03
3.860529030689634965e+03
3.561991833036963271e+03
1.479853044242210217e+03
1.325236380359149507e+03
3.590897868994167766e+03
1.323571338743985507e+03
6.114071635910843270e+02
3.595170639093554200e+03
1.128090920807506336e+03
6.463291561591196341e+02
3.595396660856222297e+03
1.056640126676030377e+03
7.904310919948118226e+02
6.786772756451418900e+03
3.512452321056531218e+03
3.499739279052567781e+03
1.561283245572323040e+03
1.518035939186561791e+03
1.258323575329402502e+03
3.507048625861154960e+03
3.434660336754510809e+03
2.430194588842630310e+03
1.812919764841645474e+03
1.542466776495706881e+03
1.060260651360541033e+03
3.418417458811964934e+03
3.393512310256610363e+03
1.459951467233266385e+03
1.234012148841094358e+03
1.101142760583242080e+03
6.860527864268979101e+02
3.439884702704642223e+03
3.399288359976161701e+03
1.436526711263783909e+03
1.084922997934600971e+03
1.026798676562912078e+03
9.675988671521579363e+02
5.058922434922370485e+03
1.253751013379600408e+03
7.370013756380891436e+02
7.817085332078102056e+02
5.423472277053848529e+02
4.032641612009941582e+03
1.498252517511343740e+03
5.172648805028392189e+02
5.658072260651144916e+02
5.177548314431323888e+02
3.587381934301613910e+03
9.769436981315548110e+02
5.231581016967229658e+01
2.621435264144442499e+03
3.512520029319115906e+02
6.651297047632886006e+02
6.131655850687666316e+02
3.901042473999405047e+03
1.009336164566816478e+03
8.516668180643998767e+02
7.450021985668037132e+02
1.446813929626224854e+04
5.946236879372281692e+03
4.068478997608665395e+03
7.435446316790508718e+03
3.626311498632585426e+03
1.354737494417250673e+03
3.776689770885058351e+03
1.112212717584287475e+03
9.445710196868251387e+02
3.807140350982795553e+03
1.034680591970309251e+03
1.007797272713807615e+03
1.024486509409647260e+04
4.031769761367147566e+03
3.573162555188857368e+03
3.435207894235420554e+03
3.018923373247888776e+03
1.465982209907004744e+03
7.400713732062287818e+03
3.500954357928825175e+03
3.448714962077943255e+03
1.734954770006511353e+03
1.454536186425232017e+03
1.245748183834879455e+03
3.523520705089581497e+03
3.508361313493934631e+03
3.387949302087703472e+03
1.642924261236343909e+03
1.496700258291105911e+03
1.153246518499199283e+03
3.884300492668645802e+03
3.643591894859093372e+03
2.375747658034467804e+03
1.654685376009127367e+03
1.578001083407441456e+03
1.335386509216357354e+03
3.883234257050673932e+03
3.597103197193479446e+03
1.809731197547623651e+03
1.645176570707991914e+03
1.528697712461665333e+03
1.280897387587534695e+03
3.423485019067804842e+03
3.396831744318585606e+03
1.478144447804710353e+03
1.329083155219047967e+03
1.164186607176458892e+03
3.489410726595265828e+02
3.441548059465001643e+03
3.397915520780880342e+03
1.432279668270554566e+03
1.037595487222604106e+03
1.014959320127610681e+03
9.668457244667596342e+02
