2.775404979671286521e-01 -1.053947147293021053e-01 1.355759300396484207e-02 -1.265249170199998427e-02 3.187560178340766506e-03 -4.724149725491526958e-04 -1.297415266870512174e-01 3.493393662722755338e-02 -1.396456347618952598e-01 -1.328223713400483175e-01 7.002260127459253303e-02 1.277320611716589172e-01
-1.046248292601354157e-01 9.836576163187017718e-02 5.979623290579768463e-02 -1.363815488140330927e-02 3.417932625614811259e-02 -7.272359433820494226e-03 3.780132051045106967e-02 -4.467706950481759032e-02 4.785216395031449688e-02 8.577694427801121901e-02 -8.488818518875207442e-02 -1.019889224407059813e-01
1.327920253309584041e-02 6.049428257031985723e-02 5.635576849906647201e-01 1.778489888705081165e-03 -7.046707631832803236e-03 -1.924004466064810001e-02 -1.806789704221315185e-01 4.847951793625614875e-02 -2.888695508804312029e-01 1.685930246707650071e-01 -1.036360275952203647e-01 -2.502847293611997204e-01
-1.265249170199998427e-02 -1.363815488140330927e-02 1.778489888705081165e-03 5.442927105669482027e-03 -6.925298081814846760e-05 -9.872195081299375697e-06 3.478133154123487850e-03 8.484354238212562030e-03 -7.143839717051059940e-04 3.926851702636235085e-03 7.419439353868663434e-03 -1.617431046743391613e-03
3.187560178340766506e-03 3.417932625614811259e-02 -7.046707631832803236e-03 -3.553264494848164929e-04 -3.586581933716964654e-02 6.376483434306898235e-03 -1.532597345237578668e-03 2.371176792182559580e-03 -1.301628110330418182e-03 -2.154303721764730655e-03 -1.340443173964113270e-03 1.954455171996120379e-03
-4.724149725491526958e-04 -7.272359433820494226e-03 -1.924004466064810001e-02 -2.152080975464584428e-05 6.233462682684867348e-03 1.170827033500000496e-02 2.827597169236917285e-03 1.321404739802963836e-02 2.601371379193952605e-03 -2.695080560027654764e-03 -1.106900501783676140e-02 5.927618535327878330e-03
-1.297415266870512174e-01 3.780132051045106967e-02 -1.806789704221315185e-01 3.478133154123487850e-03 -1.532597345237578668e-03 2.827597169236917285e-03 1.191081564789020220e-01 -3.848091504707818605e-02 1.603172109843531423e-01 8.803737181708763335e-03 9.027640727555393506e-04 1.885163974412083776e-02
3.493393662722755338e-02 -4.467706950481759032e-02 4.847951793625614875e-02 8.484354238212562030e-03 2.371176792182559580e-03 1.321404739802963836e-02 -3.877011482607820025e-02 4.308725008159788872e-02 -4.974659947936297538e-02 -3.867104355698889294e-03 8.027062790447359215e-04 -1.051882242742169238e-02
-1.396456347618952598e-01 4.785216395031449688e-02 -2.888695508804312029e-01 -7.143839717051059940e-04 -1.301628110330418182e-03 2.601371379193952605e-03 1.603585407557356346e-01 -4.967674051380730621e-02 3.183989812873321279e-01 -1.863577585332916106e-02 2.725813720666707841e-03 -2.952483416225350904e-02
-1.328223713400483175e-01 8.577694427801121901e-02 1.685930246707650071e-01 3.926851702636235085e-03 -2.154303721764730655e-03 -2.695080560027654764e-03 8.803737181708763335e-03 -3.867104355698889294e-03 -1.863577585332916106e-02 1.178442600899826109e-01 -7.662938497116529579e-02 -1.449177323963081743e-01
7.002260127459253303e-02 -8.488818518875207442e-02 -1.036360275952203647e-01 7.419439353868663434e-03 -1.340443173964113270e-03 -1.106900501783676140e-02 9.027640727555393506e-04 8.027062790447359215e-04 2.725813720666707841e-03 -7.735513227516530033e-02 8.486956518918381542e-02 1.111049793649261097e-01
1.277320611716589172e-01 -1.019889224407059813e-01 -2.502847293611997204e-01 -1.617431046743391613e-03 1.954455171996120379e-03 5.927618535327878330e-03 1.885163974412083776e-02 -1.051882242742169238e-02 -2.952483416225350904e-02 -1.448924495294346415e-01 1.111061429119869215e-01 2.776671751029997082e-01
