-5.237009650888932856e-05
-5.127284487405156537e-05
-5.630095144005789733e-20
-1.878053162262033657e-20
2.247259506588166271e-20
2.773478371139550370e-20
8.274252467790700648e-20
5.307029373856345973e-05
3.341749593372805838e-04
-5.992533053388616337e-05
-4.017971264431575275e-19
-1.089937782776490600e-19
-3.176484987313110655e-20
-1.771529025895338255e-20
5.141681094886860621e-20
4.817299328128602175e-06
3.016566685602871010e-05
8.668124239502132406e-05
-4.591135254333034545e-05
-1.129189288544114935e-19
-5.551292289410775589e-20
-5.318046374842867034e-20
-2.548904284982514657e-20
-2.165250697653543746e-20
4.724644787905725965e-06
8.681491110197914286e-06
5.316097661705212042e-05
-4.639093084838166633e-05
-1.343571565943628498e-19
-1.072697661757613297e-19
-2.846491348898132978e-21
4.108952591694149422e-21
1.703679124418177495e-20
5.836983394906523337e-06
7.114656705975500537e-06
4.331866042341874607e-05
-1.903392376408514567e-05
-1.960332767464878570e-19
-2.454024625006309410e-20
-1.095164643152574806e-20
4.352408622028938224e-21
1.279011151677155224e-19
4.984704876746248103e-06
6.558642756023805718e-06
7.537111455858138351e-06
-1.412551030017504719e-05
-3.228576364466924809e-07
-6.983911946954223950e-20
-4.728638973335411441e-20
-1.330371590073368732e-20
-5.472920101206188044e-24
3.269446687660748071e-20
7.013636517121625753e-06
7.800072557507929609e-06
-1.002251454074035930e-05
-3.344134157281512280e-20
-2.556778359341843445e-20
-6.161915036795942656e-21
4.755949833341494199e-21
6.158376130267776089e-21
1.582086639865904403e-06
6.831264758691448653e-06
7.573063385400046060e-06
-4.215811701283548864e-06
2.299961094380702560e-21
5.221110831518707394e-21
1.315458946092747161e-20
1.924084344595142880e-20
2.503435871389694473e-20
4.288315901145587244e-06
4.752999590323619584e-06
7.272280210737156490e-06
-4.538935359356193510e-21
-2.129258900375689230e-22
2.105743719309724086e-21
5.106422882031355069e-21
1.687785894050591420e-20
5.812105027961752055e-06
6.176873136795829020e-06
1.498605293907544781e-05
4.617348652715620906e-05
-5.084347299333019302e-05
-4.922593734596995033e-05
-4.530937147357567890e-20
-3.578185303484851114e-20
-2.576833718485966595e-21
4.075051757307580926e-20
1.349350225535690610e-19
8.122039507901187584e-05
3.308522745369009400e-04
-4.793567719054370668e-05
-4.742089268750672952e-05
-3.560132200197791746e-20
-7.584171056499131103e-21
2.824672978225667105e-20
3.035804961618976810e-20
5.408523960266785454e-20
5.841172141201128533e-05
3.347043640183139856e-04
-3.173034603473767414e-19
-1.423745187596121885e-19
-4.123696917482196148e-20
-2.503564105280757945e-20
9.334150646637337034e-21
4.761938804717926318e-06
6.814195748778731757e-06
3.164524631555410040e-05
9.296679605892894417e-05
-1.771557276400745272e-19
-1.613874041222759778e-19
-1.538316504437071052e-19
-2.586325395938196851e-20
4.753319616474396617e-20
4.135969448476094356e-06
4.644258247247411969e-06
5.669385854021776391e-06
5.805589144155180032e-05
-1.436224353880902476e-19
-5.252083146410978030e-20
-5.013637484386000731e-20
-1.869866113062634381e-20
1.021052825172011390e-20
2.353746627116705745e-06
6.549444256845930906e-06
7.217754349055257096e-06
3.456755959327585437e-05
-1.684591779619451827e-05
-5.676365740067970228e-20
-1.423970010297994165e-20
-1.287332890550743126e-21
1.228069140870429560e-20
2.642068852554416009e-20
6.827867881597014388e-06
7.657313981740014719e-06
8.706618392242336559e-06
-1.192377218631437267e-05
-4.281510409383766557e-07
-1.376064380082877525e-20
-7.375422024919372980e-21
-3.589309165751640119e-21
-3.013894176529441905e-21
2.077056925354123203e-20
6.254111691173477565e-06
8.261126635368686060e-06
-8.862082402062238857e-06
-1.645528224707412950e-20
-1.035557257523562368e-20
-9.674187901405459309e-21
4.760015258251946814e-21
1.692902973595139173e-20
1.588313906576763733e-06
6.723105124243066701e-06
7.240826242873608071e-06
-9.787445087245800143e-20
-4.089251070397959476e-20
-3.483683083195692287e-20
-1.120776313500022757e-20
1.568745202575954015e-20
4.079524264414028434e-06
4.374234500429941833e-06
5.402475747610358129e-06
2.536556158884785867e-05
-1.825248478376029793e-19
-7.325276135406964618e-20
-5.420102058651825386e-20
-1.036573824760917522e-20
8.828174540598985560e-21
5.155672177699524500e-06
7.445001082489049913e-06
2.525798546294340098e-05
5.550735516292374495e-05
-4.702110905608896399e-05
-4.432419854119835185e-05
-3.510942158340128076e-20
1.686365546546299241e-20
7.680607269205086401e-20
1.319678845626936474e-19
1.614974644426991599e-19
8.417333047226130004e-05
3.335832161139008984e-04
-4.909302203105186794e-05
-4.670674916593756121e-05
-5.137889291618934600e-20
-3.521324755855608281e-20
2.434588808487682657e-20
3.830356646269787501e-20
5.423894594181908304e-20
4.611962393641038760e-05
3.443186530797390297e-04
-2.343104818472454875e-19
-1.220007475481527070e-19
-7.108729730301747067e-20
-6.596652075994209163e-20
-3.465801699504547400e-20
5.408465452433555094e-06
6.411697545382634265e-06
3.672384705407899898e-05
7.495730674515819862e-05
-4.862170432204983441e-05
-1.090663273219251845e-19
-1.031328665893513505e-19
-1.467715340916306335e-20
2.552449881135195752e-21
3.532048039620347772e-21
4.888312721118969317e-06
1.049232135744979459e-05
5.057228557900733760e-05
-3.040637351108265528e-05
-7.157932539198956258e-20
-4.926012483691670225e-20
-8.878232909794479664e-21
1.817535227089531582e-20
5.012472758637415976e-20
6.318803393872270600e-06
6.991653106654262912e-06
3.120883937683866828e-05
-1.222786142715459051e-05
-2.452041936335371693e-20
-1.997863985243855209e-20
-1.653795857458710370e-20
-3.129050613888310320e-22
1.132604677286685954e-20
4.795579335283520968e-06
6.578151903806380117e-06
7.768802720468191291e-06
-1.509946382439533492e-05
-4.878973163058491046e-20
-4.054957813201079359e-20
-1.829676360071342601e-20
1.420741857656300690e-20
1.815494051137119108e-20
6.384681106789700578e-06
7.458116731171915954e-06
8.081979113980786031e-06
-1.204610462762029801e-05
-3.674897123112448829e-20
-3.232562384995396425e-20
-5.780328916156909623e-21
3.643608252673159391e-21
1.099154674008971237e-20
6.723463899423555116e-06
7.103902737801467604e-06
1.133877959104669856e-05
-1.641015100573392870e-05
-3.065386825054098883e-20
-2.797437267666322876e-20
-7.564889830825049615e-21
-2.488641141886661111e-21
3.366372093871812495e-20
4.603639864264332763e-06
1.087737213321338693e-05
1.799672771681542523e-05
-2.165039279450791586e-05
-1.174387912508007963e-19
-1.156543938613517318e-19
-8.255892527248269783e-20
-4.669720565523737563e-20
-1.762358186192299001e-20
5.628946444654745385e-06
2.921563134869629164e-05
5.112302897401215939e-05
-4.892757822103573659e-05
-4.538485418341351314e-05
-4.407652748518691404e-20
-8.067397690034102464e-21
4.010549037559650481e-22
2.084303223030197853e-19
2.498866195487261626e-19
1.091358979093347531e-04
3.381720037832325982e-04
-4.913299955810646085e-05
-4.296289169181301818e-05
-7.228957403331825997e-20
-4.930866703658658090e-20
2.403631104211484647e-20
5.621954565096507936e-20
5.878725453873825670e-20
6.470910869380801635e-05
3.421735231538135420e-04
-4.649050615254127705e-05
-2.089084660799845981e-19
-1.387709099252114850e-19
-7.722111362438806459e-20
-5.094091430863098830e-20
8.289162581895217996e-20
4.759490626314769731e-06
3.969626655983282150e-05
8.121666042029015401e-05
-4.459626034403650158e-05
-3.022954209392436200e-19
-6.821602478740581096e-20
-1.096783099212968153e-20
7.231695025067175618e-20
2.612007946271454976e-19
4.096545355087582324e-06
1.552035398084434533e-05
6.008197849957505669e-05
-3.756674662896459263e-05
-1.192821683747873793e-19
-9.021924999781464777e-20
1.162589884219289631e-22
6.026404548875884466e-21
1.249970608846024364e-20
5.267281743811270267e-06
6.120199884664689915e-06
4.447170155407694544e-05
-1.753816117951046690e-05
-6.249909069006715863e-20
-4.341289975864787131e-20
-2.784994524294687001e-20
2.165755646794849830e-20
2.385821022555382163e-20
4.791967454193967075e-06
6.801976096909133120e-06
1.332992945279364590e-05
-1.523832553005071899e-05
-6.558384534689786366e-20
-5.475397284962907933e-20
-4.951017636162835760e-21
-2.336855349278917454e-21
6.820003292755651872e-21
4.578660503936922913e-06
7.924715299193138156e-06
8.208604504824425522e-06
-9.282971451534341190e-06
-9.017279800262465849e-21
3.375012510694907241e-21
7.406993157656855926e-21
1.777921137145397452e-20
5.266924237616833194e-20
4.285137116877214659e-06
9.286761124013240580e-06
2.581490185897012687e-05
-1.064667445155971021e-20
-1.383351118546310785e-21
3.024014920727704196e-22
1.353332367314362194e-21
1.095641417461108965e-20
3.430010594800341822e-06
5.409402357851272571e-06
9.900867400815252113e-06
1.914892862607423061e-05
-2.277420150455617191e-20
-7.210561364197024704e-22
7.807710110171839372e-22
1.848658068468875754e-21
1.123710998922224475e-20
5.199786510111456985e-06
5.340745371109554295e-06
1.243861916759149621e-05
5.646644689538543458e-05
-4.753571060806804634e-05
-4.304337916384067951e-05
-6.859213859049532106e-20
1.752952553977999023e-20
8.846147283661058450e-20
1.012097048020969858e-19
1.943792451900536124e-19
1.046226909281026024e-04
3.364552683569773089e-04
-4.833902118961758495e-05
-4.789480229585196569e-05
-6.646587656124714593e-20
-3.794927685128736567e-20
-2.875034468603595586e-20
-1.766368903567022007e-20
-4.019341556686365166e-21
5.490870228691971600e-05
3.483166674617527419e-04
-6.434298682958767906e-05
-2.466797153520743233e-19
-8.295457742509062597e-20
-5.292952038057198706e-20
-2.140695640858030238e-20
-7.014629563020097176e-21
6.217063169093516527e-06
3.549478164009628532e-05
9.395857826537076546e-05
-5.207177678722788050e-05
-1.870339458967093264e-19
-1.720202627949566449e-19
-1.016692762013168609e-19
-2.665717647243591124e-20
-1.389954262000954951e-20
3.665802792754780980e-06
1.202149147772477847e-05
6.627541497731983915e-05
-4.296692813872486752e-05
-1.547528364408268743e-19
-2.971067943619242846e-20
-1.837108999882370959e-20
-1.005386783842549867e-20
5.374344416796335802e-21
4.629331184394225567e-06
6.285841031354642846e-06
4.792070528863627912e-05
-1.980409604950954814e-05
-5.186367475467917335e-20
-4.950926075610311787e-20
-2.828989721365336925e-20
-4.653954611557995477e-21
1.718462497232717032e-20
5.542687366643307558e-06
1.219826020646653603e-05
1.978090739087563356e-05
-1.421537138749045829e-05
-5.202652528346765259e-20
-3.664719307828475615e-20
-1.245018903552291720e-20
-8.572939500499481813e-21
-3.631405904285415584e-21
5.271111390890951866e-06
5.547849123083425181e-06
5.699656743918368509e-06
-1.324990237085339321e-05
-4.371380945492805175e-20
-2.151362355785939897e-20
-1.423188202642864582e-20
-2.112692931273159639e-21
5.742198177008329188e-21
5.685512373892630338e-06
6.309621518843204394e-06
1.132801742079890611e-05
-3.437177081824983486e-06
4.068614183413871013e-22
9.693548481772455396e-22
3.143918348564408685e-21
4.733077735447509257e-21
2.243191151392334661e-20
3.577746347695470962e-06
1.095716048620067049e-05
1.872617214188934226e-05
-2.118333855162478829e-21
5.445853367487017342e-21
5.884290807832300240e-21
1.482024858115131080e-20
1.494037195806079069e-20
5.019290375907561794e-06
5.437897002700243818e-06
1.751478929542786707e-05
5.153181977379053564e-05
-4.726453824542807953e-05
-4.502234505677911279e-05
-1.112960350009815310e-19
3.445755190605219879e-20
5.805978665482075697e-20
1.063212436359318901e-19
1.766954728852275600e-19
1.267525782385642849e-04
3.457710595857442504e-04
