3.836566628151067500e+14
1.550200795476224375e+14
1.001663342268041719e+14
1.176705337390197812e+14
1.208752123464943125e+14
1.208752131734165312e+14
1.176705341082478438e+14
1.001663342066050625e+14
1.550200810869478125e+14
3.836566664251023125e+14
3.836566628151067500e+14
1.550200795476224375e+14
1.001663342268041719e+14
1.176705337390197812e+14
1.208752123464943125e+14
1.208752131734165312e+14
1.176705341082478438e+14
1.001663342066050625e+14
1.550200810869478125e+14
3.836566664251023125e+14
3.836566628151067500e+14
1.550200795476224375e+14
1.001663342268041719e+14
1.176705337390197812e+14
1.208752123464943125e+14
1.208752131734165312e+14
1.176705341082478438e+14
1.001663342066050625e+14
1.550200810869478125e+14
3.836566664251023125e+14
3.836566628151067500e+14
1.550200795476224375e+14
1.001663342268041719e+14
1.176705337390197812e+14
1.208752123464943125e+14
1.208752131734165312e+14
1.176705341082478438e+14
1.001663342066050625e+14
1.550200810869478125e+14
3.836566664251023125e+14
3.836566628151067500e+14
1.550200795476224375e+14
1.001663342268041719e+14
1.176705337390197812e+14
1.208752123464943125e+14
1.208752131734165312e+14
1.176705341082478438e+14
1.001663342066050625e+14
1.550200810869478125e+14
3.836566664251023125e+14
