4.536365259071316875e+14
2.808206166915692500e+14
2.178018023760138750e+14
2.097318392153470000e+14
1.351035490678754688e+14
1.108792502495775312e+14
1.111227246746803750e+14
1.021741900380790156e+14
1.766575340706909688e+14
4.693646074535563125e+14
4.511949524119568750e+14
2.277107437507082812e+14
1.610696264030259062e+14
1.437033295464685000e+14
1.411593703138471562e+14
1.076402952115925938e+14
1.080776460886241562e+14
1.302246384063849062e+14
1.983703877932646875e+14
4.648868611538088750e+14
4.448417036440035625e+14
2.222123511260925625e+14
2.217461496132216562e+14
1.845596631215174375e+14
1.253067983293619688e+14
1.360642751288031094e+14
1.373118778256523125e+14
1.559346835575629062e+14
2.222710470948658750e+14
4.832107213418393750e+14
4.552668169221598750e+14
2.759844401718329688e+14
2.314902617690821250e+14
1.994104166514457500e+14
1.434377662030061875e+14
1.330803059893324531e+14
1.503521700362557188e+14
1.328168400669228281e+14
1.774534535187821250e+14
4.770659244627797500e+14
4.534538195940325000e+14
2.970215164067820000e+14
2.354178826068428125e+14
2.058728217834143438e+14
1.673741768644055000e+14
1.226986223866832656e+14
1.351067471902691562e+14
1.292142800799530000e+14
1.808972042017506875e+14
4.930892218843450000e+14
