1.153247392230000168e-01
8.336230145000000750e-04
4.237203765000000020e-04
8.336230145000000750e-04
1.153946587580000072e-01
4.237203765000000020e-04
5.185036859999999888e-04
5.185036859999999888e-04
-9.116419421600007178e-01
-2.047286375249999374e-02
-1.199356653500000154e-03
1.605898381500000995e-03
-1.072508575499999880e-03
-1.810913665299999920e-02
1.605898381500000995e-03
3.811490913999999227e-03
3.811490913999999227e-03
-4.526781947999999889e-02
-2.087173430749999711e-02
3.882128935000003084e-04
1.030302760000001384e-03
8.855647950000000560e-05
-1.984864561899999519e-02
1.030302760000001384e-03
-3.582091492499999905e-03
-3.582091492499999905e-03
-5.681147114599999215e-02
2.526193419850000788e-02
5.539698449999999928e-05
1.351736649999998787e-04
5.539698449999999928e-05
2.241433219850001018e-02
1.351736649999998787e-04
2.115671335000000517e-04
2.115671335000000517e-04
-1.341016908830001131e-01
3.646158842050001292e-02
8.975716959999998235e-04
1.300325741499999384e-03
-3.482525149999999604e-04
3.772660456400001028e-02
1.300325741499999384e-03
6.012887049999964987e-05
6.012887049999964987e-05
-1.236542191009999958e-01
-7.186604739500001247e-03
-6.090395439999997992e-04
3.938766590250002142e-02
6.016564579999999053e-04
-6.397078195000000141e-03
3.938766590250002142e-02
-1.185568868549999669e-02
-1.185568868549999669e-02
-1.149641718900003273e-02
2.217041725550001133e-02
2.256527699999999595e-05
-1.781839234999999400e-04
2.256527699999999595e-05
2.143105113400000858e-02
-1.781839234999999400e-04
-7.831704900000009131e-05
-7.831704900000009131e-05
-5.902119296400001186e-02
3.214693222999999433e-02
3.084015470000007727e-04
6.246052224999999519e-04
-1.310537147999999916e-03
3.120321903749999695e-02
6.246052224999999519e-04
6.931871274999995471e-04
6.931871274999995471e-04
-8.534255310900001890e-02
1.633050995849999812e-02
-1.429930800999999014e-03
3.844351082000001252e-02
1.663804910000003042e-04
2.068283391950000161e-02
3.844351082000001252e-02
-5.691256149000001145e-03
-5.691256149000001145e-03
-3.893576366000011703e-03
-1.581385558999999497e-02
9.523611954999997454e-04
1.611906863999999122e-03
3.182898775000000458e-04
-2.003336504599999637e-02
1.611906863999999122e-03
2.500191011499999436e-03
2.500191011499999436e-03
-4.376632329199997562e-02
4.178066204400000122e-02
6.652154320000006928e-04
7.907422755000001859e-04
-9.536489210000003054e-04
3.936529336350001046e-02
7.907422755000001859e-04
1.286531578999999467e-03
1.286531578999999467e-03
-4.906782527499998353e-02
5.499041072999997191e-03
-3.086968349000001038e-03
-1.710327841000000744e-03
1.691752819999999902e-04
5.015134664500000249e-03
-1.710327841000000744e-03
-6.862700849999999863e-04
-6.862700849999999863e-04
1.867138937299999898e-02
-1.925776706449999418e-02
3.014336966000000315e-03
4.534454470499998599e-03
5.384578820000000517e-04
-1.784021571349999127e-02
4.534454470499998599e-03
3.321890956999998864e-03
3.321890956999998864e-03
3.490930922900001981e-02
4.659031622799997968e-02
-3.409281479999989200e-04
-3.769021699999998670e-05
-9.537405400000002406e-04
4.449708078199999389e-02
-3.769021699999998670e-05
-9.138360550000041544e-05
-9.138360550000041544e-05
-2.018419311100003860e-02
-1.188037703899999693e-02
-1.407243709499999195e-03
3.125281929999992967e-04
-1.160811225000003800e-04
-8.414312953999998970e-03
3.125281929999992967e-04
-4.649525394999998694e-03
-4.649525394999998694e-03
4.066920457200000338e-02
-1.124287431849999713e-02
-1.160811225000003800e-04
1.579914057500000175e-03
-1.407243709499999195e-03
-7.704953166999999395e-03
1.579914057500000175e-03
3.011775587000000212e-03
3.011775587000000212e-03
5.693526627600000584e-02
4.718007118099998981e-02
-9.537405400000002406e-04
3.255666750000001417e-05
-3.409281479999989200e-04
4.474720150799998963e-02
3.255666750000001417e-05
-1.866971180999999749e-03
-1.866971180999999749e-03
-2.020289289400004074e-02
-1.561306110099999582e-02
5.384578820000000517e-04
4.588890670499998388e-03
3.014336966000000315e-03
-1.785683561549999271e-02
4.588890670499998388e-03
3.425702511499999561e-03
3.425702511499999561e-03
3.455178965300002847e-02
6.561289429499996863e-03
1.691752819999999902e-04
-1.699414305000001549e-04
-3.086968349000001038e-03
6.785673633499999732e-03
-1.699414305000001549e-04
4.644718710000000569e-03
4.644718710000000569e-03
3.208860463099998811e-02
3.468597720200000678e-02
-9.536489210000003054e-04
6.531000810000001013e-04
6.652154320000006928e-04
3.561671026350000241e-02
6.531000810000001013e-04
-3.981150330999999251e-03
-3.981150330999999251e-03
-5.053045104299998952e-02
-1.610191893599999605e-02
3.182898775000000458e-04
1.626259939999999187e-03
9.523611954999997454e-04
-1.985787391199999100e-02
1.626259939999999187e-03
3.731640829499999115e-03
3.731640829499999115e-03
-4.432155545399998897e-02
2.377904189100001064e-02
1.663804910000003042e-04
2.688412410000000905e-04
-1.429930800999999014e-03
2.323750042050000755e-02
2.688412410000000905e-04
8.359939555000000209e-04
8.359939555000000209e-04
-4.583183394299997909e-02
2.680801639349999696e-02
-1.310537147999999916e-03
3.962051045550001732e-02
3.084015470000007727e-04
2.723155212550000537e-02
3.962051045550001732e-02
-5.685580961500001120e-03
-5.685580961500001120e-03
-3.076684080900002338e-02
2.217041725550001133e-02
2.256527699999999595e-05
-1.606034804999999168e-04
2.256527699999999595e-05
2.143105113400000858e-02
-1.606034804999999168e-04
1.848955458500000119e-03
1.848955458500000119e-03
-5.937307927300002064e-02
-5.110305750500000570e-03
6.016564579999999053e-04
7.132598385000002775e-04
-6.090395439999997992e-04
-1.481278052000000378e-03
7.132598385000002775e-04
-3.353635223499999967e-03
-3.353635223499999967e-03
-6.566393050099998685e-02
3.113854974849999610e-02
-3.482525149999999604e-04
4.008535709850002265e-02
8.975716959999998235e-04
3.288566612800000732e-02
4.008535709850002265e-02
-8.013866156000002544e-03
-8.013866156000002544e-03
-6.607277219700000148e-02
2.526193419850000788e-02
5.539698449999999928e-05
1.351736649999998787e-04
5.539698449999999928e-05
2.241433219850001018e-02
1.351736649999998787e-04
3.464566264999999678e-04
3.464566264999999678e-04
-1.341016908830001131e-01
-1.959204334550000703e-02
8.855647950000000560e-05
1.157807428500001170e-03
3.882128935000003084e-04
-1.722831624599999861e-02
1.157807428500001170e-03
3.964262175500000464e-03
3.964262175500000464e-03
-4.975238509299999279e-02
-2.207203164549999264e-02
-1.072508575499999880e-03
1.478093006000000828e-03
-1.199356653500000154e-03
-2.059470359199999309e-02
1.478093006000000828e-03
-3.288842008499999036e-03
-3.288842008499999036e-03
-5.232690550699999055e-02
1.153247392230000168e-01
8.336230145000000750e-04
4.237203765000000020e-04
8.336230145000000750e-04
1.153946587580000072e-01
4.237203765000000020e-04
5.185036859999999888e-04
5.185036859999999888e-04
-9.116419421600007178e-01
1.168994235659999992e-01
9.553871175000000786e-05
1.777533341999999695e-03
9.553871175000000786e-05
1.162342182609999997e-01
1.777533341999999695e-03
9.166704299999992478e-05
9.166704299999992478e-05
-8.989371223970006319e-01
-8.531390852500002689e-03
8.228426978500002001e-03
1.534673069250000639e-02
4.410755864499999075e-03
-5.414248172000002760e-03
1.534673069250000639e-02
1.066967505600000150e-02
1.066967505600000150e-02
-5.134209998299999606e-02
-1.160968272999999759e-02
4.174409235499999295e-03
1.424786632400000530e-02
7.992081815500002434e-03
-6.797128953999999161e-03
1.424786632400000530e-02
9.189321791000001904e-03
9.189321791000001904e-03
-5.705415767899999629e-02
1.639902301550000621e-02
-9.546384410000001387e-04
-2.544372354999999706e-04
-9.546384410000001387e-04
1.695685040850000713e-02
-2.544372354999999706e-04
2.125063924999999508e-04
2.125063924999999508e-04
-1.494906659910000546e-01
4.035794890700000054e-02
-1.199170764000000253e-03
-8.470849400000000484e-04
-1.302285032500000335e-03
4.180871275449998814e-02
-8.470849400000000484e-04
-3.257086547999999294e-03
-3.257086547999999294e-03
-6.502489873500000295e-02
4.465603999998166355e-06
-1.892365175499999535e-03
1.560388597299999618e-02
-1.826547514000000094e-03
5.480988253500001378e-03
1.560388597299999618e-02
-2.779011004000000052e-03
-2.779011004000000052e-03
-2.761086586099999879e-02
1.503294784550000471e-02
-1.349422899999999795e-05
-7.022500975000006609e-04
-8.545100000000000198e-08
1.547085315849999927e-02
-7.022500975000006609e-04
1.042491549999999744e-04
1.042491549999999744e-04
-5.000447443399998887e-02
3.632740378149998395e-02
-6.502845590000001482e-04
3.701614214999999781e-04
-1.258260955000000065e-03
3.736665644199998332e-02
3.701614214999999781e-04
-3.224081293000000733e-03
-3.224081293000000733e-03
-1.161755307520000308e-01
1.647984634150000474e-02
-4.549908600000055685e-05
1.324881263449999985e-02
5.983691899999998539e-04
1.972779545000001578e-02
1.324881263449999985e-02
-4.184850637000000866e-03
-4.184850637000000866e-03
-6.042679940000010358e-04
5.473032884999993498e-04
-1.238206399999999807e-04
1.995752750000002963e-04
-1.238198969999998325e-04
1.434310790499999932e-03
1.995752750000002963e-04
2.691039275499998353e-03
2.691039275499998353e-03
-3.412768785999998472e-02
3.617858116749999436e-02
-4.941888860000001518e-04
3.617455949999996961e-04
-9.402062330000002244e-04
3.846925074349999418e-02
3.617455949999996961e-04
-2.594041197999998830e-03
-2.594041197999998830e-03
-1.042594730109999840e-01
1.096837263100000105e-02
5.595433529999998016e-04
-1.316282921000000439e-03
1.105214241999999446e-03
1.227518060950000094e-02
-1.316282921000000439e-03
-1.205367785000000490e-03
-1.205367785000000490e-03
-1.064682759299999219e-02
4.859426340000003001e-03
-7.410083770000001511e-04
3.134876584999994175e-04
7.537593780000001204e-04
2.001278663000000384e-03
3.134876584999994175e-04
7.378478579999986570e-04
7.378478579999986570e-04
1.539288979300002143e-02
4.347337083549999981e-02
-1.831592141999998724e-03
9.465356374999995973e-04
-1.831594106999998679e-03
4.260490955099999894e-02
9.465356374999995973e-04
-1.196778217000000121e-03
-1.196778217000000121e-03
-3.110151885800000945e-02
1.128784073350000070e-02
-4.050919795000000449e-04
-2.029568976500000475e-03
-7.294604045000002528e-04
1.232978879350000133e-02
-2.029568976500000475e-03
-2.878939929999998516e-03
-2.878939929999998516e-03
-1.382562286899999444e-02
1.460598649800000370e-02
-7.294604045000002528e-04
-1.498449491500000643e-03
-4.050919795000000449e-04
1.405395826850000182e-02
-1.498449491500000643e-03
5.604316354999995357e-04
5.604316354999995357e-04
-1.464834018399998987e-02
4.592972897350001277e-02
-1.831594106999998679e-03
9.472845219999999258e-04
-1.831592141999998724e-03
4.260490955099999894e-02
9.472845219999999258e-04
-3.389951662500000160e-03
-3.389951662500000160e-03
-3.121550470200001176e-02
5.508611545000002656e-03
7.537593780000001204e-04
-1.650298769500000524e-03
-7.410083770000001511e-04
1.840828023999998902e-03
-1.650298769500000524e-03
-1.653863005499999102e-03
-1.653863005499999102e-03
1.524689092000001966e-02
1.550134076799999754e-02
1.105214241999999446e-03
-9.025220820000002175e-04
5.595433529999998016e-04
1.369471008000000371e-02
-9.025220820000002175e-04
1.951999063999999796e-03
1.951999063999999796e-03
3.650547636999996234e-03
2.895849630749999792e-02
-9.402062330000002244e-04
2.420179825000001099e-04
-4.941888860000001518e-04
3.576069867149999498e-02
2.420179825000001099e-04
-4.305396887999999450e-03
-4.305396887999999450e-03
-1.098567929760000117e-01
5.980620624999997579e-04
-1.238198969999998325e-04
2.360713390000001330e-04
-1.238206399999999807e-04
1.287995403499998717e-03
2.360713390000001330e-04
8.882436784999991723e-04
8.882436784999991723e-04
-3.428019942499999084e-02
2.133418491149998222e-02
5.983691899999998539e-04
1.363718640000000028e-04
-4.549908600000055685e-05
2.064095375900000182e-02
1.363718640000000028e-04
-3.955808963500001031e-03
-3.955808963500001031e-03
-2.229904903800000379e-02
2.911927748549999334e-02
-1.258260955000000065e-03
1.298708544249999215e-02
-6.502845590000001482e-04
3.609788537699998995e-02
1.298708544249999215e-02
-4.953902537500001584e-03
-4.953902537500001584e-03
-9.386065217600000898e-02
1.503294769350000011e-02
-8.545100000000000198e-08
-1.617210669999998463e-04
-1.349422899999999795e-05
1.532685090149999915e-02
-1.617210669999998463e-04
1.206349339999999109e-04
1.206349339999999109e-04
-5.000447443399998887e-02
4.038772277500002512e-03
-1.826547514000000094e-03
1.683112710999999607e-03
-1.892365175499999535e-03
8.195422698999999325e-03
1.683112710999999607e-03
-6.082498409999999430e-04
-6.082498409999999430e-04
-3.928282804600000122e-02
3.248230573250000114e-02
-1.302285032500000335e-03
1.301292991449999083e-02
-1.199170764000000253e-03
3.890404112649999135e-02
1.301292991449999083e-02
-5.618311151499999143e-03
-5.618311151499999143e-03
-5.471071235300001279e-02
1.639902286350000335e-02
-9.546384410000001387e-04
-2.544372354999999706e-04
-9.546384410000001387e-04
1.695685040850000713e-02
-2.544372354999999706e-04
2.125063924999999508e-04
2.125063924999999508e-04
-1.494906659910000546e-01
-7.280486207999997510e-03
7.992081815500002434e-03
1.636055078700000831e-02
4.174409235499999295e-03
-3.901814548999997783e-03
1.636055078700000831e-02
1.179198168549999877e-02
1.179198168549999877e-02
-5.399559826199999690e-02
-1.141961991549999590e-02
4.410755864499999075e-03
1.136815158250000304e-02
8.228426978500002001e-03
-8.269118455000003601e-03
1.136815158250000304e-02
8.066972619500002023e-03
8.066972619500002023e-03
-5.291133542700000164e-02
1.168994235659999992e-01
9.553871175000000786e-05
1.777533341999999695e-03
9.553871175000000786e-05
1.162342182609999997e-01
1.777533341999999695e-03
9.166704299999992478e-05
9.166704299999992478e-05
-8.989371223970006319e-01
1.328840887665000414e-01
1.696660004000000426e-03
-7.216749769999948518e-04
1.696660004000000426e-03
1.361651830015000453e-01
-7.216749769999948518e-04
4.008981277000015810e-03
4.008981277000015810e-03
-9.241855473900009166e-01
-1.736885859069999677e-02
2.094344894000000051e-03
2.174179163499999692e-02
2.459512864000000087e-03
-1.446197718170000486e-02
2.174179163499999692e-02
1.549335550400000004e-02
1.549335550400000004e-02
-7.587487485999999323e-03
-1.853519662770000340e-02
4.247303760000000449e-03
2.277027336899999782e-02
4.052475023999999731e-03
-1.382343062450000146e-02
2.277027336899999782e-02
1.387003923999999971e-02
1.387003923999999971e-02
-3.903996492700002180e-02
1.581030909799999856e-02
1.281741054000001606e-03
2.223037009499996032e-03
1.281741054000001606e-03
1.430315584500000022e-02
2.223037009499996032e-03
6.945620345000003181e-04
6.945620345000003181e-04
-1.594374361340001600e-01
2.168418695849998884e-02
-1.027183849500000164e-03
-1.171055452999999981e-03
-1.651038493500000051e-03
2.417419259949999885e-02
-1.171055452999999981e-03
3.628275497000000866e-03
3.628275497000000866e-03
-6.441158895700001275e-02
-1.075498360599999419e-02
-2.134282368500000412e-03
1.546620744200000001e-02
-1.495777461499999891e-03
-9.790769976999994309e-03
1.546620744200000001e-02
-3.469262881500001332e-03
-3.469262881500001332e-03
-1.816483012200000718e-02
1.387319002849999802e-02
3.341287699999999692e-05
5.241792500000000686e-06
3.807437799999999564e-05
1.353553022949999414e-02
5.241792500000000686e-06
-3.957183649999998916e-05
-3.957183649999998916e-05
-6.175607490000006167e-02
3.245253295799999105e-02
-2.802712466999999173e-03
-1.729513024000000135e-03
-4.403100643000000536e-03
3.352096132799999711e-02
-1.729513024000000135e-03
7.561327754999996832e-04
7.561327754999996832e-04
-5.410863926599999291e-02
8.982963606499994383e-03
-4.362743034000000387e-03
1.384184170099999646e-02
-2.758311339999999345e-03
1.373612166399999432e-02
1.384184170099999646e-02
-2.817906073499999286e-03
-2.817906073499999286e-03
-9.205145699999944591e-04
-1.044028067449999722e-02
-1.183641121000000417e-03
2.259249557499998489e-03
-1.178979620000000263e-03
-1.294671486449999916e-02
2.259249557499998489e-03
1.732291980999999502e-03
1.732291980999999502e-03
-1.483946047799998384e-02
3.598554655549998649e-02
-2.635496876999999724e-03
-1.768931266000000084e-03
-4.208762680999999888e-03
3.664548544349998521e-02
-1.768931266000000084e-03
-3.918178700000002975e-04
-3.918178700000002975e-04
-1.305467750700000165e-02
3.716958211500000046e-03
-4.680893703000001300e-03
1.782806366999999895e-03
-3.073917528000000288e-03
7.492434431999999214e-03
1.782806366999999895e-03
-9.316717345000026127e-04
-9.316717345000026127e-04
7.300486685999997387e-03
-1.258902154399999668e-02
1.946388479999999342e-04
3.887197699999998726e-03
4.617276880000000081e-04
-1.591644245699999627e-02
3.887197699999998726e-03
1.521416778499999536e-03
1.521416778499999536e-03
3.556672325800000478e-02
4.063897842449999687e-02
-1.860374103999998426e-03
-2.997828950000000665e-04
-1.597038424999998579e-03
4.391584540599999253e-02
-2.997828950000000665e-04
-3.455983700000001685e-04
-3.455983700000001685e-04
-1.464620548400001956e-02
-5.589460969500002069e-03
1.719469347999998989e-03
9.296510829999984557e-04
1.377477475999999181e-03
-3.430908301499998453e-03
9.296510829999984557e-04
-1.759139315000001402e-03
-1.759139315000001402e-03
6.520871562000001356e-03
-2.995018610000000497e-03
1.377477475999999181e-03
2.383305529999982545e-04
1.719469347999998989e-03
-1.728007834500000289e-03
2.383305529999982545e-04
2.660222545499999619e-03
2.660222545499999619e-03
2.323091941299999796e-02
3.685298635099999026e-02
-1.597038424999998579e-03
-1.248741196499999909e-03
-1.860374103999998426e-03
4.403676315949999615e-02
-1.248741196499999909e-03
-1.351086869000000471e-03
-1.351086869000000471e-03
-1.288966159000018343e-03
-1.434038594899999554e-02
4.617276880000000081e-04
2.831541652999998611e-03
1.946388479999999342e-04
-1.617264971799999701e-02
2.831541652999998611e-03
1.104274973000000156e-03
1.104274973000000156e-03
5.205113037200001513e-02
9.790033453999997387e-03
-3.073917528000000288e-03
8.337229324999992667e-04
-4.680893703000001300e-03
9.072604462999997454e-03
8.337229324999992667e-04
2.258945652499999828e-03
2.258945652499999828e-03
1.949686603599999277e-02
2.715772910199999723e-02
-4.208762680999999888e-03
-3.329004051500001303e-03
-2.635496876999999724e-03
3.414352929899999028e-02
-3.329004051500001303e-03
-3.350724749000000714e-03
-3.350724749000000714e-03
-5.100903792899998818e-02
-1.055766818549999826e-02
-1.178979620000000263e-03
2.250006004999997953e-03
-1.183641121000000417e-03
-1.231682410249999686e-02
2.250006004999997953e-03
1.527742359999999548e-03
1.527742359999999548e-03
-1.483946047799998384e-02
1.541133910049999160e-02
-2.758311339999999345e-03
-2.799584625500000680e-03
-4.362743034000000387e-03
1.654808450949999538e-02
-2.799584625500000680e-03
-7.219940849999926667e-05
-7.219940849999926667e-05
9.520783455999999589e-03
2.359766234399999010e-02
-4.403100643000000536e-03
-6.509966435000011549e-04
-2.802712466999999173e-03
3.068480545350000047e-02
-6.509966435000011549e-04
-3.024802032499999266e-03
-3.024802032499999266e-03
-6.978639004499999354e-02
1.387319002849999802e-02
3.807437799999999564e-05
5.241792500000000686e-06
3.341287699999999692e-05
1.353553022949999414e-02
5.241792500000000686e-06
-1.553833354999999193e-04
-1.553833354999999193e-04
-6.175607490000006167e-02
-1.065355658849999332e-02
-1.495777461499999891e-03
-1.748863657499999998e-03
-2.134282368500000412e-03
-8.702346109499999038e-03
-1.748863657499999998e-03
1.796377297000000157e-03
1.796377297000000157e-03
-2.876012459600001472e-02
1.465753251250000166e-02
-1.651038493500000051e-03
1.614178903850000193e-02
-1.027183849500000164e-03
2.346306580499999891e-02
1.614178903850000193e-02
-1.465285502999998839e-03
-1.465285502999998839e-03
-4.918048841400000926e-02
1.581030909799999856e-02
1.281741054000001606e-03
2.223037009499996032e-03
1.281741054000001606e-03
1.430315584500000022e-02
2.223037009499996032e-03
6.421783005000001850e-04
6.421783005000001850e-04
-1.594374361340001600e-01
-1.714853203620000238e-02
4.052475023999999731e-03
2.189240709599999876e-02
4.247303760000000449e-03
-1.452578116320000015e-02
2.189240709599999876e-02
1.645634509949999921e-02
1.645634509949999921e-02
-1.614770097200000920e-02
-1.864923327920000456e-02
2.459512864000000087e-03
2.246720484949999569e-02
2.094344894000000051e-03
-1.259567908100000556e-02
2.246720484949999569e-02
1.272168052499999570e-02
1.272168052499999570e-02
-3.049648059200000746e-02
1.328840887665000414e-01
1.696660004000000426e-03
-7.216749769999948518e-04
1.696660004000000426e-03
1.361651830015000453e-01
-7.216749769999948518e-04
3.971182583000015635e-03
3.971182583000015635e-03
-9.241855473900009166e-01
1.236081527880000253e-01
-2.841476548000000310e-03
4.907093692500004781e-03
-2.841476548000000310e-03
1.231844357240000076e-01
4.907093692500004781e-03
6.119459299999999938e-05
6.119459299999999938e-05
-9.270803383340008308e-01
-2.085664775250000921e-02
3.620328448499997472e-03
1.296530789299999743e-02
3.619418751500000364e-03
-1.696861270349999881e-02
1.296530789299999743e-02
3.392209843499999645e-03
3.392209843499999645e-03
-5.816566822900001710e-02
-1.172183269550000108e-02
3.367290206499998304e-03
7.227273052000001731e-03
3.760256160499998290e-03
-1.860189874800000434e-02
7.227273052000001731e-03
-2.011104460500001950e-03
-2.011104460500001950e-03
-9.318422682900001641e-02
2.571083814950001975e-02
-1.580075999999999337e-05
4.161741000000000817e-06
-1.580075999999999337e-05
2.631419251050001046e-02
4.161741000000000817e-06
-1.039165275000000598e-04
-1.039165275000000598e-04
-2.450104853289999385e-01
5.057732546299997800e-02
-2.077963564999999856e-03
-1.915246075999999702e-03
-1.174877465000000263e-03
5.575986779899997497e-02
-1.915246075999999702e-03
-5.640432514999998287e-04
-5.640432514999998287e-04
-3.730648043179998763e-01
7.218224624999999318e-03
-1.129317480000000158e-03
3.413871404099998869e-02
-1.938130669000000077e-03
4.121356080499999526e-03
3.413871404099998869e-02
-5.631272516000001074e-03
-5.631272516000001074e-03
-2.127144439110000007e-01
2.704900644899999387e-02
1.747597000000000473e-05
-5.794701500000014945e-06
1.747597000000000473e-05
2.729059937199999203e-02
-5.794701500000014945e-06
6.342031599999996988e-05
6.342031599999996988e-05
-1.210572261579999781e-01
4.899697825849998190e-02
-1.743015490999999875e-03
-7.521108080000005192e-04
-8.231842450000004556e-04
5.122228804749998088e-02
-7.521108080000005192e-04
-6.993992019999998059e-04
-6.993992019999998059e-04
-3.361320290810000944e-01
3.044668113600000614e-02
-8.680255090000003762e-04
5.074548586850000792e-02
-1.709289533999999939e-03
3.080758385099999913e-02
5.074548586850000792e-02
-5.360838700500001469e-03
-5.360838700500001469e-03
-2.733792624570000052e-01
-1.020844245149999524e-02
3.656573300000000087e-04
3.570508623499999042e-03
3.656573300000000087e-04
-1.293900180349999256e-02
3.570508623499999042e-03
3.135835787000000336e-03
3.135835787000000336e-03
-1.435031460599997186e-02
5.557989697549997610e-02
-1.708726552000000001e-03
-7.834136860000003510e-04
-9.110735370000004390e-04
5.800833825149997319e-02
-7.834136860000003510e-04
-1.696403894499999869e-03
-1.696403894499999869e-03
-1.361596451190000556e-01
1.733186946200000744e-02
-2.672565799999999849e-03
1.267321080000000186e-03
-3.506456473999999216e-03
1.486339091050000762e-02
1.267321080000000186e-03
-6.922104020500000239e-03
-6.922104020500000239e-03
-4.232299196300000343e-02
-1.119498051949999705e-02
1.952177100000000070e-03
-8.937105555000000911e-04
-3.611896839999998560e-04
-1.089323962550000149e-02
-8.937105555000000911e-04
4.676348844999995849e-04
4.676348844999995849e-04
2.568998177700002397e-02
6.113264502099997194e-02
5.869618899999999063e-04
-9.715224515000004182e-04
-9.013100800000001158e-04
5.939904084949997748e-02
-9.715224515000004182e-04
-2.047919974999999832e-04
-2.047919974999999832e-04
-1.200656006459999980e-01
2.362620690000019695e-04
-1.285433254999999520e-03
-1.280192605500000491e-03
1.013231235999999995e-03
-1.249441419000000284e-03
-1.280192605500000491e-03
-3.564749035999999292e-03
-3.564749035999999292e-03
7.847016950000005805e-03
-3.236546693499998614e-03
1.013231235999999995e-03
-1.945552733999999801e-03
-1.285433254999999520e-03
-1.816381015000000966e-03
-1.945552733999999801e-03
-1.442661643999999625e-03
-1.442661643999999625e-03
9.464628059000007240e-03
6.389494523199996945e-02
-9.013100800000001158e-04
-1.071016743500000654e-03
5.869618899999999063e-04
5.944979977549997435e-02
-1.071016743500000654e-03
-9.689633319999998518e-04
-9.689633319999998518e-04
-1.168005827840000038e-01
-8.709456989500000135e-03
-3.611896839999998560e-04
-1.060730932500000357e-03
1.952177100000000070e-03
-1.099578888850000213e-02
-1.060730932500000357e-03
-7.153158799999997410e-04
-7.153158799999997410e-04
2.877998132400001394e-02
1.203333424350000458e-02
-3.506456473999999216e-03
2.595918944000000141e-03
-2.672565799999999849e-03
1.504809844000000799e-02
2.595918944000000141e-03
-1.529906758500000370e-03
-1.529906758500000370e-03
-2.260930100499999179e-02
5.595605533449998087e-02
-9.110735370000004390e-04
-9.745020120000006314e-04
-1.708726552000000001e-03
5.684221118849998311e-02
-9.745020120000006314e-04
-5.105453045000002237e-03
-5.105453045000002237e-03
-1.338187930109999979e-01
-9.741449058499994026e-03
3.656573300000000087e-04
3.570510956499998827e-03
3.656573300000000087e-04
-1.299118285049999204e-02
3.570510956499998827e-03
2.215503995499998584e-03
2.215503995499998584e-03
-1.435031460599997186e-02
2.851566355300000702e-02
-1.709289533999999939e-03
-5.036487220000000287e-04
-8.680255090000003762e-04
3.109952747049999841e-02
-5.036487220000000287e-04
-2.861411599999995066e-05
-2.861411599999995066e-05
-2.778335972309999291e-01
5.100097135099997819e-02
-8.231842450000004556e-04
3.467785858050001502e-02
-1.743015490999999875e-03
4.944069393949997865e-02
3.467785858050001502e-02
-5.554921504500004263e-03
-5.554921504500004263e-03
-3.470895454160000670e-01
2.730848876799999575e-02
1.747597000000000473e-05
-5.794701500000014945e-06
1.747597000000000473e-05
2.729059937199999203e-02
-5.794701500000014945e-06
7.082834749999997366e-05
7.082834749999997366e-05
-1.210572261579999781e-01
-9.455322230000007483e-04
-1.938130669000000077e-03
-1.711929320499999858e-03
-1.129317480000000158e-03
4.642086164000000341e-03
-1.711929320499999858e-03
1.003228081999999778e-03
1.003228081999999778e-03
-2.168415119130000235e-01
5.892729768099998905e-02
-1.174877465000000263e-03
3.395564971000000765e-02
-2.077963564999999856e-03
5.533929568199996707e-02
3.395564971000000765e-02
-5.265973117500001230e-03
-5.265973117500001230e-03
-3.689114069619999214e-01
2.571083814950001975e-02
-1.580075999999999337e-05
4.161741000000000817e-06
-1.580075999999999337e-05
2.631419251050001046e-02
4.161741000000000817e-06
-1.085948165000000552e-04
-1.085948165000000552e-04
-2.450104853289999385e-01
-2.033440387550001713e-02
3.760256160499998290e-03
1.450851398250000215e-02
3.367290206499998304e-03
-1.625177221450000223e-02
1.450851398250000215e-02
4.215026796999995704e-03
4.215026796999995704e-03
-6.520244316500001247e-02
-1.198277955749999825e-02
3.619418751500000364e-03
8.078075085500006913e-03
3.620328448499997472e-03
-1.924349661500000114e-02
8.078075085500006913e-03
-2.956206158000001388e-03
-2.956206158000001388e-03
-5.073666649200000989e-02
1.236081527880000253e-01
-2.841476548000000310e-03
4.907093692500004781e-03
-2.841476548000000310e-03
1.231844357240000076e-01
4.907093692500004781e-03
4.784583499999999081e-05
4.784583499999999081e-05
-9.270803383340008308e-01
1.122254340885000118e-01
-2.187835319999999976e-04
-3.629913150000004977e-05
-2.187835319999999976e-04
1.115536808415000247e-01
-3.629913150000004977e-05
-2.209518927000003394e-03
-2.209518927000003394e-03
-9.245585718250007856e-01
-3.255881808999999769e-03
4.610353086000000718e-03
1.846379020199999388e-02
2.149104350000000541e-03
-3.247271620999999612e-03
1.846379020199999388e-02
6.100362545499999137e-03
6.100362545499999137e-03
-6.914353742999999018e-03
-2.724705909499998760e-03
2.129452126000000358e-03
1.192079916449999798e-02
4.629696119000001678e-03
-7.805527211999996155e-03
1.192079916449999798e-02
5.654612119000000658e-03
5.654612119000000658e-03
-2.352925857200000720e-02
2.984420643300000550e-02
7.140978999999997415e-06
1.413027349999998651e-05
7.140978999999997415e-06
3.210186673300001459e-02
1.413027349999998651e-05
-1.489112810000001218e-04
-1.489112810000001218e-04
-1.819333979820000613e-01
4.169791009099999696e-02
-9.770267149999991283e-05
2.662917275000001175e-04
-1.351950804999999586e-04
4.799925146549999938e-02
2.662917275000001175e-04
-5.278554654999992584e-04
-5.278554654999992584e-04
-6.316046368099999253e-02
8.912584460000004538e-03
-2.015887154999999279e-04
1.749356468849999971e-02
-1.515989895000000791e-04
8.085002243499997063e-03
1.749356468849999971e-02
-3.078364933999998970e-03
-3.078364933999998970e-03
-4.700822843700000475e-02
2.844896450699999774e-02
2.967993900000000362e-05
7.158068350000002249e-05
2.967993900000000362e-05
2.943208320699999131e-02
7.158068350000002249e-05
-1.271973380000000677e-04
-1.271973380000000677e-04
-5.495708405300007288e-02
4.420767219999999914e-02
2.734122020000001726e-04
2.777566233999997306e-03
-4.232072309999999329e-04
4.722231034499999730e-02
2.777566233999997306e-03
3.683163894999999500e-04
3.683163894999999500e-04
-5.920074548599999625e-02
3.154973013449999947e-02
-5.122584880000000292e-04
1.298899849749999419e-02
1.755160010000001228e-04
3.466563633449999682e-02
1.298899849749999419e-02
-8.113667059500000167e-03
-8.113667059500000167e-03
-3.610601763500000810e-02
-3.280668165500000462e-03
3.244921122999999078e-03
5.265592058000000131e-03
3.241721435999999051e-03
-1.249439124500000562e-03
5.265592058000000131e-03
3.176920534499999994e-03
3.176920534499999994e-03
-2.572100912699997605e-02
4.792253910649999643e-02
4.620583290000000948e-04
1.902663802500000230e-03
-3.679747149999999323e-04
4.864241325399999011e-02
1.902663802500000230e-03
-7.100182220000000660e-04
-7.100182220000000660e-04
-3.531367349000003042e-02
1.587333859900001698e-02
-2.153145059999999353e-04
8.837369814000000517e-03
5.582928980000006949e-04
1.516148178050000760e-02
8.837369814000000517e-03
-4.889682562000001453e-03
-4.889682562000001453e-03
1.299696989200000048e-02
2.507450395499999547e-03
5.002643803000000021e-03
1.090795702750000165e-02
4.258507984000000322e-03
3.759605472499999261e-03
1.090795702750000165e-02
1.731356449000000242e-03
1.731356449000000242e-03
5.045208650300003761e-02
5.941522775749996654e-02
6.239810899999999804e-04
1.460252900000000562e-05
-1.201548949999999493e-04
6.205660227899997827e-02
1.460252900000000562e-05
-1.759134115000000062e-03
-1.759134115000000062e-03
2.207343975000003976e-03
1.024406812200000759e-02
1.296872197999999771e-03
8.858882152999998302e-03
2.468137490999999361e-03
1.521172898250000745e-02
8.858882152999998302e-03
-6.393376696999998610e-03
-6.393376696999998610e-03
3.483189778200000003e-02
1.599574649150000555e-02
2.468137490999999361e-03
9.122701330499995848e-03
1.296872197999999771e-03
1.448196446450000785e-02
9.122701330499995848e-03
7.275392899999987885e-05
7.275392899999987885e-05
3.279671487199999763e-02
5.639218494249997188e-02
-1.201548949999999493e-04
-6.559065755000004563e-04
6.239810899999999804e-04
6.209161647499997216e-02
-6.559065755000004563e-04
-5.739808632000003435e-03
-5.739808632000003435e-03
2.205224444000003850e-03
7.741554814999997060e-04
4.258507984000000322e-03
1.008629566799999766e-02
5.002643803000000021e-03
3.611121905499999757e-03
1.008629566799999766e-02
-1.412859285499999326e-03
-1.412859285499999326e-03
5.058588551000003236e-02
2.102210846449999865e-02
5.582928980000006949e-04
1.340418878149999930e-02
-2.153145059999999353e-04
2.151214029799999872e-02
1.340418878149999930e-02
1.754185237000000690e-03
1.754185237000000690e-03
1.809853294100001106e-02
3.977271878599997895e-02
-3.679747149999999323e-04
-1.200690450500000502e-03
4.620583290000000948e-04
4.520542434350000027e-02
-1.200690450500000502e-03
-5.705131904000001163e-03
-5.705131904000001163e-03
-3.329113114400004958e-02
-3.284387608500000111e-03
3.241721435999999051e-03
5.187241046999999800e-03
3.244921122999999078e-03
-1.249439124500000562e-03
5.187241046999999800e-03
2.152898607499998535e-03
2.152898607499998535e-03
-2.574316992499997916e-02
3.806660679449999640e-02
1.755160010000001228e-04
1.843887248499999874e-03
-5.122584880000000292e-04
3.956583927149999458e-02
1.843887248499999874e-03
-1.529177594999999628e-03
-1.529177594999999628e-03
-2.269578531700000568e-02
3.838678846899998970e-02
-4.232072309999999329e-04
-2.450050242000001259e-03
2.734122020000001726e-04
4.143312020650002231e-02
-2.450050242000001259e-03
-6.259821125500000631e-03
-6.259821125500000631e-03
-7.223038267999999651e-02
2.844896450699999774e-02
2.967993900000000362e-05
-1.441281900000000909e-05
2.967993900000000362e-05
2.943208320699999131e-02
-1.441281900000000909e-05
-1.079254711000000172e-03
-1.079254711000000172e-03
-5.495708405300007288e-02
8.176869134000001871e-03
-1.515989895000000791e-04
2.208736109999997164e-03
-2.015887154999999279e-04
1.377542483050000696e-02
2.208736109999997164e-03
2.773290762999999423e-03
2.773290762999999423e-03
-3.696040153800002337e-02
4.120715948450000277e-02
-1.351950804999999586e-04
-9.431702369999999313e-04
-9.770267149999991283e-05
4.373817675450000081e-02
-9.431702369999999313e-04
-6.652473789500004328e-03
-6.652473789500004328e-03
-7.282004417599999280e-02
2.984420628099999917e-02
7.140978999999997415e-06
1.413027349999998651e-05
7.140978999999997415e-06
3.210186673300001459e-02
1.413027349999998651e-05
-1.123891440000001946e-04
-1.123891440000001946e-04
-1.819333979820000613e-01
-3.871953576499999241e-03
4.629696119000001678e-03
1.755945086649999404e-02
2.129452126000000358e-03
-3.355977453499999711e-03
1.755945086649999404e-02
6.260288187999998519e-03
6.260288187999998519e-03
-1.284970209599999372e-02
-2.133271789999997663e-03
2.149104350000000541e-03
1.297534303899999623e-02
4.610353086000000718e-03
-8.036709222499998848e-03
1.297534303899999623e-02
5.537331807500001264e-03
5.537331807500001264e-03
-1.457343319999999248e-02
1.122254340885000118e-01
-2.187835319999999976e-04
-4.619478650000006099e-05
-2.187835319999999976e-04
1.115536808415000247e-01
-4.619478650000006099e-05
-2.209518927000003394e-03
-2.209518927000003394e-03
-9.245585718250007856e-01
