-9.864251879783351995e-02
-1.275391322200001426e-02
2.948925952966666500e-02
-1.478401609600003483e-02
9.352716123503355128e-01
2.769682138833413822e-03
1.695318913899999946e-02
4.248795534666763643e-03
-1.035288404516662292e-01
-1.325901863765001909e-01
-2.048367779666671225e-03
1.238426613000000089e-03
-1.190735376000016336e-03
9.480338240881690526e-01
3.788724573333330289e-04
1.640049549666667194e-03
-5.211089492999973656e-03
-1.531444195823334908e-01
-1.509020140116666513e-02
-6.364328483333333035e-04
-4.529820803333329702e-04
-6.325954348333333050e-04
-1.579519804883332615e-02
-4.581364366666663599e-04
-4.529820803333329702e-04
-4.612797709999997783e-04
-1.115971955300000366e-02
-1.676481703200002546e-02
1.641149029166667946e-03
9.089480833333330714e-05
6.502922328333329231e-04
2.088507498893332481e-01
3.604452166666959124e-06
1.279503868333333437e-04
1.016816287666662873e-03
-2.583571021633334144e-02
2.548389810683332826e-02
2.372091944166678217e-03
-2.943596488333334203e-04
1.430819591500003115e-03
1.327440488030000310e-01
5.653488733333336246e-04
5.640279483333334641e-05
1.442215497666661300e-03
1.772562552433334243e-02
-1.129219136466666495e-02
-5.822618166666668421e-04
-4.285297489999995851e-04
-5.805216654999998012e-04
-2.884483174433335323e-02
-3.337811869999999115e-04
-4.285295606666662273e-04
-4.324777814999998179e-04
-1.075510789533333511e-02
6.082022759833333701e-03
4.024607053333348079e-04
1.099033999999999141e-05
2.712065303333342325e-04
1.214918070588332649e-01
-6.851063483333331484e-05
2.761338883333331701e-05
-6.813215833333319737e-05
-3.873478296333336419e-03
1.041515086900000712e-02
1.467337650000097395e-05
-2.802656286666667124e-04
4.586876508333341063e-04
5.796519705816666201e-02
1.316366136666666611e-04
-2.988127461666667279e-04
-1.443305288333335105e-04
9.110455040500002599e-03
-1.292544267199999958e-02
3.805990300000000083e-04
-4.130732768333334587e-04
-1.032422626166666548e-03
-5.049524844333332790e-02
-7.651169158333323865e-04
-4.087332870000001455e-04
5.802437916666665016e-04
-1.797845358766665680e-02
5.614958788333311579e-04
1.255785352666666634e-03
4.773346333333331457e-05
-3.254736126666660494e-04
1.327790146986667086e-01
-2.746763979999998300e-04
5.471999316666668054e-05
5.182992406666642833e-04
-5.601722095166676574e-03
2.009852300016668966e-02
-4.320364081666655683e-04
-1.646115306666667236e-04
3.189689878333335101e-04
2.446947909199993776e-02
3.854739298333334312e-04
-1.088192166666664159e-05
-3.545775890000014041e-04
2.128832337950003692e-02
-1.293125274283334243e-02
4.254271175000006464e-04
8.690063845000002736e-04
-1.013040625833333932e-03
-4.027066205533335469e-02
-7.541352825000006760e-04
8.664335433333338402e-04
6.279223483333330399e-04
-1.892641446633333210e-02
-4.644760935499996427e-03
-1.404198005499999926e-03
1.043628891666666748e-04
2.653604783333332769e-05
6.249408837583322884e-02
3.935822066666670022e-05
4.453720883333331382e-05
-1.131831236333332921e-03
-1.106151716066666041e-02
1.953245307599997885e-02
-1.541530006666654528e-04
-3.903335549999994541e-05
4.427247815000000470e-04
-3.119916545750001449e-02
5.023502561666664786e-04
-1.251776698333332476e-04
5.067052733333342459e-04
2.276650712983334726e-02
-1.629337100933336141e-02
-6.203063626666662769e-04
1.534362730166668283e-03
-1.263297088666667789e-03
-4.834688950833338460e-03
-1.228699691000000255e-03
1.427286665333335350e-03
-4.173554601666662239e-04
-2.278781012316666993e-02
-1.629337100933336141e-02
-6.203063626666662769e-04
1.534362730166668283e-03
-1.263297088666667789e-03
-4.834688950833338460e-03
-1.228699691000000255e-03
1.427286665333335350e-03
-4.173554601666662239e-04
-2.278781012316666993e-02
1.953245307599997885e-02
-1.541530006666654528e-04
-3.903335549999994541e-05
4.427247815000000470e-04
-3.119916545750001449e-02
5.023502561666664786e-04
-1.251776698333332476e-04
5.067052733333342459e-04
2.276650712983334726e-02
-4.644760935499996427e-03
-1.404198005499999926e-03
1.043628891666666748e-04
2.653604783333332769e-05
6.249408837583322884e-02
3.935822066666670022e-05
4.453720883333331382e-05
-1.131831236333332921e-03
-1.106151716066666041e-02
-1.293125274283334243e-02
4.254271175000006464e-04
8.690063845000002736e-04
-1.013040625833333932e-03
-4.027066205533335469e-02
-7.541352825000006760e-04
8.664335433333338402e-04
6.279223483333330399e-04
-1.892641446633333210e-02
2.009852300016668966e-02
-4.320364081666655683e-04
-1.646115306666667236e-04
3.189689878333335101e-04
2.446947909199993776e-02
3.854739298333334312e-04
-1.088192166666664159e-05
-3.545775890000014041e-04
2.128832337950003692e-02
5.614958788333311579e-04
1.255785352666666634e-03
4.773346333333331457e-05
-3.254736126666660494e-04
1.327790146986667086e-01
-2.746763979999998300e-04
5.471999316666668054e-05
5.182992406666642833e-04
-5.601722095166676574e-03
-1.292544267199999958e-02
3.805990300000000083e-04
-4.130732768333334587e-04
-1.032422626166666548e-03
-5.049524844333332790e-02
-7.651169158333323865e-04
-4.087332870000001455e-04
5.802437916666665016e-04
-1.797845358766665680e-02
1.041515086900000712e-02
1.467337650000097395e-05
-2.802656286666667124e-04
4.586876508333341063e-04
5.796519705816666201e-02
1.316366136666666611e-04
-2.988127461666667279e-04
-1.443305288333335105e-04
9.110455040500002599e-03
6.082022759833333701e-03
4.024607053333348079e-04
1.099033999999999141e-05
2.712065303333342325e-04
1.214918070588332649e-01
-6.851063483333331484e-05
2.761338883333331701e-05
-6.813215833333319737e-05
-3.873478296333336419e-03
-1.129219136466666495e-02
-5.822618166666668421e-04
-4.285297489999995851e-04
-5.805216654999998012e-04
-2.884483174433335323e-02
-3.337811869999999115e-04
-4.285295606666662273e-04
-4.324777814999998179e-04
-1.075510789533333511e-02
2.548389810683332826e-02
2.372091944166678217e-03
-2.943596488333334203e-04
1.430819591500003115e-03
1.327440488030000310e-01
5.653488733333336246e-04
5.640279483333334641e-05
1.442215497666661300e-03
1.772562552433334243e-02
-1.676481703200002546e-02
1.641149029166667946e-03
9.089480833333330714e-05
6.502922328333329231e-04
2.088507498893332481e-01
3.604452166666959124e-06
1.279503868333333437e-04
1.016816287666662873e-03
-2.583571021633334144e-02
-1.509020140116666513e-02
-6.364328483333333035e-04
-4.529820803333329702e-04
-6.325954348333333050e-04
-1.579519804883332615e-02
-4.581364366666663599e-04
-4.529820803333329702e-04
-4.612797709999997783e-04
-1.115971955300000366e-02
-1.325901863765001909e-01
-2.048367779666671225e-03
1.238426613000000089e-03
-1.190735376000016336e-03
9.480338240881690526e-01
3.788724573333330289e-04
1.640049549666667194e-03
-5.211089492999973656e-03
-1.531444195823334908e-01
-9.864251879783351995e-02
-1.275391322200001426e-02
2.948925952966666500e-02
-1.478401609600003483e-02
9.352716123503355128e-01
2.769682138833413822e-03
1.695318913899999946e-02
4.248795534666763643e-03
-1.035288404516662292e-01
-1.024821760675001941e-01
-8.203406263000015755e-03
1.482597540599999916e-02
1.359080898833330345e-02
9.346498940528343846e-01
1.946027361466674474e-02
2.074832473899999516e-02
-6.009655006666563166e-04
-1.199989283986664240e-01
-1.107205774890002020e-01
-2.105235317333341034e-03
1.926384738433332966e-02
1.503367714233331404e-02
9.656157317591685940e-01
1.593517085633329097e-02
1.856978772566666297e-02
-3.608878873999998935e-03
-1.280860463539999217e-01
-1.759928968416668224e-02
9.274457716666647525e-05
-1.665801333333333278e-04
1.533073815000000081e-04
-1.799812662866668092e-02
-1.073608218333332002e-04
-1.665801333333333278e-04
-1.365412088333333362e-04
-9.237775084166685927e-03
-7.390513250833354551e-03
6.605046674999986512e-04
-5.410575988333333509e-04
2.701114073333346676e-04
2.267438434234998468e-01
3.125583196666666705e-04
1.548925650000003583e-05
2.545271301666667224e-04
-3.616329297849991270e-02
2.354171185450000189e-02
5.116541526666659344e-04
-6.933147788333336508e-04
1.247931134666668742e-03
1.441881316529998458e-01
9.488580823333314651e-04
-7.218255941666668713e-04
-1.058050638333329685e-04
1.714396505066665202e-02
-1.592176084916668496e-02
1.868407570000001940e-04
-1.270401838333333521e-04
1.805169248333336448e-04
-2.806231469550000274e-02
-6.494035933333309292e-05
-1.321537691666666448e-04
-5.124384966666650998e-05
-1.242834928516670101e-02
4.113030341666660400e-03
-1.270177416666667144e-04
-1.738395096666667402e-04
-3.314003266666660260e-04
8.756966061333332219e-02
-1.267660916666666336e-04
1.450242799999999172e-05
5.234927166666677236e-05
-2.177586384000001520e-03
1.531049480600002802e-02
6.847593350000000245e-04
-6.455137565000001326e-04
-3.244618936666663939e-04
4.525167161533331928e-02
-1.193897173333336343e-04
-2.020022321666669490e-04
1.996771444999997675e-04
7.699103760499998589e-03
-1.693389163066666772e-02
1.840808206666662825e-04
1.620364075000001115e-04
-7.925123886666663332e-04
-5.925569451600008059e-02
-5.334345078333337098e-04
1.661512320000000373e-04
-6.048786349999990260e-05
-2.122914099716666225e-02
1.158528239833328142e-03
1.634395719666667263e-03
1.152807070000000557e-04
-8.932268469999991118e-04
9.458559483199996398e-02
-4.684835630000049674e-04
9.146784483333342838e-05
1.663189922666667275e-03
-4.715480793166669689e-03
2.014914374700002217e-02
6.053325340000026205e-04
-2.661107861666667175e-04
-1.461877689666665672e-03
6.224008969766662430e-02
-8.445919619999978957e-04
6.129546250000007823e-05
1.116116302166662681e-03
2.136285247216670319e-02
-1.904678055950000462e-02
1.226390647499999743e-03
8.042866783333344394e-05
-7.770657079999996253e-04
-4.730537389650004559e-02
-5.503117185000004326e-04
8.690220266666683058e-05
-5.337059116666694164e-05
-2.743493305766666127e-02
-6.924455466999999802e-03
1.072121180000006020e-04
-6.102580016666660836e-05
-7.601278273333325749e-04
4.913564655600000108e-02
-3.698716943333333652e-04
1.355372825000000911e-04
-4.278298076666682049e-04
-1.274075552783330949e-02
1.950844785599999132e-02
4.752029495000001554e-03
-2.378598076666668779e-04
-8.143896389999984208e-04
-2.315331027316668011e-02
-6.320742160000018947e-04
-2.083594123333334946e-04
-2.637094663333340279e-04
2.358921749650001384e-02
-1.873171775750002641e-02
4.863605528333338787e-04
-7.380017483333332180e-05
-8.824080961666662089e-04
-2.757452724250000070e-02
-6.223671416666663259e-04
9.436025466666678077e-05
-9.733711033333297148e-05
-2.639283579333331908e-02
-1.873171775750002641e-02
4.863605528333338787e-04
-7.380017483333332180e-05
-8.824080961666662089e-04
-2.757452724250000070e-02
-6.223671416666663259e-04
9.436025466666678077e-05
-9.733711033333297148e-05
-2.639283579333331908e-02
1.950844785599999132e-02
4.752029495000001554e-03
-2.378598076666668779e-04
-8.143896389999984208e-04
-2.315331027316668011e-02
-6.320742160000018947e-04
-2.083594123333334946e-04
-2.637094663333340279e-04
2.358921749650001384e-02
-6.924455466999999802e-03
1.072121180000006020e-04
-6.102580016666660836e-05
-7.601278273333325749e-04
4.913564655600000108e-02
-3.698716943333333652e-04
1.355372825000000911e-04
-4.278298076666682049e-04
-1.274075552783330949e-02
-1.904678055950000462e-02
1.226390647499999743e-03
8.042866783333344394e-05
-7.770657079999996253e-04
-4.730537389650004559e-02
-5.503117185000004326e-04
8.690220266666683058e-05
-5.337059116666694164e-05
-2.743493305766666127e-02
2.014914374700002217e-02
6.053325340000026205e-04
-2.661107861666667175e-04
-1.461877689666665672e-03
6.224008969766662430e-02
-8.445919619999978957e-04
6.129546250000007823e-05
1.116116302166662681e-03
2.136285247216670319e-02
1.158528239833328142e-03
1.634395719666667263e-03
1.152807070000000557e-04
-8.932268469999991118e-04
9.458559483199996398e-02
-4.684835630000049674e-04
9.146784483333342838e-05
1.663189922666667275e-03
-4.715480793166669689e-03
-1.693389163066666772e-02
1.840808206666662825e-04
1.620364075000001115e-04
-7.925123886666663332e-04
-5.925569451600008059e-02
-5.334345078333337098e-04
1.661512320000000373e-04
-6.048786349999990260e-05
-2.122914099716666225e-02
1.531049480600002802e-02
6.847593350000000245e-04
-6.455137565000001326e-04
-3.244618936666663939e-04
4.525167161533331928e-02
-1.193897173333336343e-04
-2.020022321666669490e-04
1.996771444999997675e-04
7.699103760499998589e-03
4.113030341666660400e-03
-1.270177416666667144e-04
-1.738395096666667402e-04
-3.314003266666660260e-04
8.756966061333332219e-02
-1.267660916666666336e-04
1.450242799999999172e-05
5.234927166666677236e-05
-2.177586384000001520e-03
-1.592176084916668496e-02
1.868407570000001940e-04
-1.270401838333333521e-04
1.805169248333336448e-04
-2.806231469550000274e-02
-6.494035933333309292e-05
-1.321537691666666448e-04
-5.124384966666650998e-05
-1.242834928516670101e-02
2.354171185450000189e-02
5.116541526666659344e-04
-6.933147788333336508e-04
1.247931134666668742e-03
1.441881316529998458e-01
9.488580823333314651e-04
-7.218255941666668713e-04
-1.058050638333329685e-04
1.714396505066665202e-02
-7.390513250833354551e-03
6.605046674999986512e-04
-5.410575988333333509e-04
2.701114073333346676e-04
2.267438434234998468e-01
3.125583196666666705e-04
1.548925650000003583e-05
2.545271301666667224e-04
-3.616329297849991270e-02
-1.759928968416668224e-02
9.274457716666647525e-05
-1.665801333333333278e-04
1.533073815000000081e-04
-1.799812662866668092e-02
-1.073608218333332002e-04
-1.665801333333333278e-04
-1.365412088333333362e-04
-9.237775084166685927e-03
-1.107205774890002020e-01
-2.105235317333341034e-03
1.926384738433332966e-02
1.503367714233331404e-02
9.656157317591685940e-01
1.593517085633329097e-02
1.856978772566666297e-02
-3.608878873999998935e-03
-1.280860463539999217e-01
-1.024821760675001941e-01
-8.203406263000015755e-03
1.482597540599999916e-02
1.359080898833330345e-02
9.346498940528343846e-01
1.946027361466674474e-02
2.074832473899999516e-02
-6.009655006666563166e-04
-1.199989283986664240e-01
-1.323600812603335786e-01
-1.108508290733334518e-02
1.281952903283333292e-02
4.244941033333095521e-04
9.311792709123350997e-01
1.009584800633327693e-02
1.720108091700000078e-02
-1.588727539000029136e-03
-1.247552967516665917e-01
-1.420984759550003029e-01
-1.169125912133335554e-02
1.424456264283333398e-02
-2.323230735000017359e-03
9.533150481133360055e-01
7.347762867999995534e-03
1.511708116733333739e-02
-2.195361143666672149e-03
-1.145639612580000716e-01
-3.783590363666666095e-03
1.451768426000001099e-03
5.316141503333330449e-04
6.497430179999999717e-04
-2.656695916833334663e-03
5.295141586666665288e-04
5.316243433333331901e-04
4.660505789999996092e-04
-3.771458993833327802e-03
7.513475229499974942e-03
1.266206740500001133e-03
-1.934377359285714443e-04
2.996324325500000513e-03
2.858154114654999356e-01
2.727062420499997818e-03
9.165899666666670032e-06
2.097107870000002939e-04
-2.953391391616654385e-02
2.481038708249998573e-02
2.279412887166672782e-03
-6.238495785952381236e-04
3.270792907333333263e-03
1.109553507615000517e-01
2.788390914166665509e-03
-3.622062855000001682e-04
5.253229223333333482e-04
2.181529709866668332e-02
-1.122496622499999201e-03
5.804510103333334215e-04
5.493610568333332335e-04
6.318972029999999187e-04
-1.240124886399998974e-02
4.819167253333329318e-04
6.024174405000000312e-04
3.527328176666663867e-04
-4.552223385999993460e-03
5.013706164500004482e-03
-7.279844083333351771e-05
3.732378766666666060e-05
7.451931364999985928e-04
8.455901667483331496e-02
3.194512154999994114e-04
-1.809172150000001397e-05
9.770864850000012631e-05
-4.658115928000004964e-03
1.492628962183334060e-02
7.486709198333322234e-04
-4.316362870000000989e-04
9.231920079999985382e-04
3.859495044649999956e-02
6.578721144999957401e-04
-2.180257672619048627e-04
2.527471219999994018e-04
1.123818081633334680e-02
-3.999458218500009758e-03
4.910540468333332098e-04
8.452041641666670300e-04
4.389121119999998388e-04
-4.896738400616668097e-02
3.238843724999996817e-04
5.137380701666664426e-04
3.252639716666662958e-04
-1.543477881649998190e-02
5.018787496833324729e-03
-3.007775993333325392e-04
-1.736188753333333540e-04
6.835382263333341550e-04
1.015128291199999533e-01
2.384527743333316938e-04
1.039649243333333538e-04
-1.666051554999997393e-04
-5.039273910833330129e-03
1.920865403033336638e-02
-3.252941990666660330e-03
-4.343851701666668046e-04
-1.949401617833331499e-03
1.596098591999996902e-02
-1.634439143166663755e-03
-1.035903696261904379e-03
-1.793301911500008250e-03
2.139220011850004322e-02
-1.016924309416668455e-02
-1.964125246666669942e-04
4.221502739047616531e-04
-7.324869361666668313e-04
-6.127647644300003582e-02
-1.270549233833333496e-03
-4.192881333333329553e-05
-7.452740621666668680e-04
-2.392565341833332096e-02
-2.070989706166663849e-03
-1.915888586000001484e-03
-1.037536885952381697e-04
-2.824281818333322864e-04
3.547501407966664050e-02
-1.610534023333351906e-04
9.358230600000005072e-05
-8.145163605000007743e-04
-1.538393384449998104e-02
1.667890981899998112e-02
-2.903783226499997636e-03
-6.820634354285720017e-04
-2.042332533833332575e-03
-2.457112038233336473e-02
-2.183499620499999242e-03
-7.074676989999997357e-04
-2.811250477000000643e-03
2.077691706666670232e-02
-1.343541291416668060e-02
-3.083238961666669121e-04
3.669681105714284923e-04
-2.035730045999998867e-03
-2.274742771216667001e-02
-2.438025287666670780e-03
-5.371549116666662048e-05
-1.266310834499999576e-03
-2.587603198849999092e-02
-1.343541291416668060e-02
-3.083238961666669121e-04
3.669681105714284923e-04
-2.035730045999998867e-03
-2.274742771216667001e-02
-2.438025287666670780e-03
-5.371549116666662048e-05
-1.266310834499999576e-03
-2.587603198849999092e-02
1.667890981899998112e-02
-2.903783226499997636e-03
-6.820634354285720017e-04
-2.042332533833332575e-03
-2.457112038233336473e-02
-2.183499620499999242e-03
-7.074676989999997357e-04
-2.811250477000000643e-03
2.077691706666670232e-02
-2.070989706166663849e-03
-1.915888586000001484e-03
-1.037536885952381697e-04
-2.824281818333322864e-04
3.547501407966664050e-02
-1.610534023333351906e-04
9.358230600000005072e-05
-8.145163605000007743e-04
-1.538393384449998104e-02
-1.016924309416668455e-02
-1.964125246666669942e-04
4.221502739047616531e-04
-7.324869361666668313e-04
-6.127647644300003582e-02
-1.270549233833333496e-03
-4.192881333333329553e-05
-7.452740621666668680e-04
-2.392565341833332096e-02
1.920865403033336638e-02
-3.252941990666660330e-03
-4.343851701666668046e-04
-1.949401617833331499e-03
1.596098591999996902e-02
-1.634439143166663755e-03
-1.035903696261904379e-03
-1.793301911500008250e-03
2.139220011850004322e-02
5.018787496833324729e-03
-3.007775993333325392e-04
-1.736188753333333540e-04
6.835382263333341550e-04
1.015128291199999533e-01
2.384527743333316938e-04
1.039649243333333538e-04
-1.666051554999997393e-04
-5.039273910833330129e-03
-3.999458218500009758e-03
4.910540468333332098e-04
8.452041641666670300e-04
4.389121119999998388e-04
-4.896738400616668097e-02
3.238843724999996817e-04
5.137380701666664426e-04
3.252639716666662958e-04
-1.543477881649998190e-02
1.492628962183334060e-02
7.486709198333322234e-04
-4.316362870000000989e-04
9.231920079999985382e-04
3.859495044649999956e-02
6.578721144999957401e-04
-2.180257672619048627e-04
2.527471219999994018e-04
1.123818081633334680e-02
5.013706164500004482e-03
-7.279844083333351771e-05
3.732378766666666060e-05
7.451931364999985928e-04
8.455901667483331496e-02
3.194512154999994114e-04
-1.809172150000001397e-05
9.770864850000012631e-05
-4.658115928000004964e-03
-1.122496622499999201e-03
5.804510103333334215e-04
5.493610568333332335e-04
6.318972029999999187e-04
-1.240124886399998974e-02
4.819167253333329318e-04
6.024174405000000312e-04
3.527328176666663867e-04
-4.552223385999993460e-03
2.481038708249998573e-02
2.279412887166672782e-03
-6.238495785952381236e-04
3.270792907333333263e-03
1.109553507615000517e-01
2.788390914166665509e-03
-3.622062855000001682e-04
5.253229223333333482e-04
2.181529709866668332e-02
7.513475229499974942e-03
1.266206740500001133e-03
-1.934377359285714443e-04
2.996324325500000513e-03
2.858154114654999356e-01
2.727062420499997818e-03
9.165899666666670032e-06
2.097107870000002939e-04
-2.953391391616654385e-02
-3.783590363666666095e-03
1.451768426000001099e-03
5.316141503333330449e-04
6.497430179999999717e-04
-2.656695916833334663e-03
5.295141586666665288e-04
5.316243433333331901e-04
4.660505789999996092e-04
-3.771458993833327802e-03
-1.420984759550003029e-01
-1.169125912133335554e-02
1.424456264283333398e-02
-2.323230735000017359e-03
9.533150481133360055e-01
7.347762867999995534e-03
1.511708116733333739e-02
-2.195361143666672149e-03
-1.145639612580000716e-01
-1.323600812603335786e-01
-1.108508290733334518e-02
1.281952903283333292e-02
4.244941033333095521e-04
9.311792709123350997e-01
1.009584800633327693e-02
1.720108091700000078e-02
-1.588727539000029136e-03
-1.247552967516665917e-01
-1.126072234461668875e-01
-2.511801813600002958e-02
1.213925361199999498e-02
-1.860837860500002758e-02
9.050841723553342266e-01
4.408162912666679402e-03
1.214721852149999899e-02
4.032222062333384351e-03
-1.110641751576663255e-01
-1.270342087735002734e-01
-1.901163984000002775e-03
1.066726457849999539e-02
3.782270037666639675e-03
9.276749550793349508e-01
1.894194184999993926e-03
1.067521052449999473e-02
2.560238625666701445e-03
-1.354954598143333078e-01
-1.637779247700000759e-02
2.278248795166667399e-03
1.883475009666665595e-03
2.269675980500000714e-03
-1.649125980800000488e-02
1.861194061333332553e-03
1.883485394999998919e-03
1.871918527166665331e-03
-7.826215865500000743e-03
-1.675855366166694588e-03
7.506152423333328121e-04
-2.195770855130718181e-04
5.441786333333406664e-05
2.597851863288334062e-01
-6.908782773333331864e-04
4.111320683333332207e-05
2.907757791666673369e-04
-2.167588326149997094e-02
2.371953305366664849e-02
1.774764865166669281e-03
-3.165377940130719076e-04
1.174094240166667462e-03
1.118715505211665823e-01
-3.628756401666667175e-04
-5.107635126666669467e-04
5.163269253333339394e-04
3.105877691216674466e-02
-1.280314296966666467e-02
2.151637041833333319e-03
1.744144777999998832e-03
2.087984050833333396e-03
-2.682704691633335317e-02
1.720495307166666288e-03
1.737803173333332066e-03
1.803343291166666085e-03
-6.858735166166664114e-03
2.474413223883331278e-02
-2.535227041666664942e-04
1.103935358202614902e-04
2.527603436666668330e-04
6.227554822866659262e-02
-5.924188683333324079e-05
5.660723500000003876e-05
-1.632531458333332604e-04
-3.288193357000007699e-03
1.572628531683334732e-02
-5.954221316666590539e-05
-1.021343708464053369e-04
5.608830748333341670e-04
6.799377423500016851e-03
2.623900516666664558e-05
9.448108916666667740e-05
-1.733700615000003254e-04
1.192734416633335105e-02
5.513054937500006317e-03
4.447939940000000618e-04
-1.148752902499998625e-03
3.680815423333335442e-04
-4.120512980816664478e-02
1.155310773333342644e-04
-1.160951006833332204e-03
1.186310498333332570e-04
-1.364903414600002543e-02
2.155396269550002852e-02
3.923862766666647776e-05
1.356551563202614919e-04
-8.763028478333332975e-04
6.580577679133323143e-02
-6.571395796666705102e-04
1.699837455000000183e-04
1.099301820000002345e-04
9.925236683333209069e-04
1.970491590350002473e-02
-7.147449494999986042e-04
1.364601746939310108e-03
1.778612518333340766e-04
8.501545888333324544e-03
7.203820003333311160e-04
1.785022216666663655e-04
-1.538668649999998576e-04
2.299133784933336117e-02
-6.498311077333335586e-03
3.482269888333338823e-03
3.145684589999998880e-04
3.632973941666665387e-04
-6.090186337683338447e-02
2.437242160000001800e-04
8.176383108333332280e-04
3.099559144500000935e-03
-2.364949869266665117e-02
8.454864350333326020e-03
-4.500296066666657530e-04
1.442429409869280723e-04
-5.823306781666654462e-04
4.148271731099997806e-02
5.289198266666560768e-05
2.208186263333334362e-04
-7.655068518333331450e-04
-1.154247946049998495e-02
1.727090846583332132e-02
6.282633193333332124e-04
2.018247181653593132e-03
6.238231248333340117e-04
-2.426131229100000550e-02
7.874194929999994708e-04
8.523381433333341445e-04
3.977772386666665453e-04
2.543648278533335028e-02
-7.503355976999996277e-03
-1.194422211666667128e-04
1.161237091535948141e-04
-9.274959886666667326e-04
-3.325620949816667643e-02
-8.803999015000001094e-04
2.750246091666665605e-04
-5.557949888333327867e-04
-2.519440814333333972e-02
-7.503355976999996277e-03
-1.194422211666667128e-04
1.161237091535948141e-04
-9.274959886666667326e-04
-3.325620949816667643e-02
-8.803999015000001094e-04
2.750246091666665605e-04
-5.557949888333327867e-04
-2.519440814333333972e-02
1.727090846583332132e-02
6.282633193333332124e-04
2.018247181653593132e-03
6.238231248333340117e-04
-2.426131229100000550e-02
7.874194929999994708e-04
8.523381433333341445e-04
3.977772386666665453e-04
2.543648278533335028e-02
8.454864350333326020e-03
-4.500296066666657530e-04
1.442429409869280723e-04
-5.823306781666654462e-04
4.148271731099997806e-02
5.289198266666560768e-05
2.208186263333334362e-04
-7.655068518333331450e-04
-1.154247946049998495e-02
-6.498311077333335586e-03
3.482269888333338823e-03
3.145684589999998880e-04
3.632973941666665387e-04
-6.090186337683338447e-02
2.437242160000001800e-04
8.176383108333332280e-04
3.099559144500000935e-03
-2.364949869266665117e-02
1.970491590350002473e-02
-7.147449494999986042e-04
1.364601746939310108e-03
1.778612518333340766e-04
8.501545888333324544e-03
7.203820003333311160e-04
1.785022216666663655e-04
-1.538668649999998576e-04
2.299133784933336117e-02
2.155396269550002852e-02
3.923862766666647776e-05
1.356551563202614919e-04
-8.763028478333332975e-04
6.580577679133323143e-02
-6.571395796666705102e-04
1.699837455000000183e-04
1.099301820000002345e-04
9.925236683333209069e-04
5.513054937500006317e-03
4.447939940000000618e-04
-1.148752902499998625e-03
3.680815423333335442e-04
-4.120512980816664478e-02
1.155310773333342644e-04
-1.160951006833332204e-03
1.186310498333332570e-04
-1.364903414600002543e-02
1.572628531683334732e-02
-5.954221316666590539e-05
-1.021343708464053369e-04
5.608830748333341670e-04
6.799377423500016851e-03
2.623900516666664558e-05
9.448108916666667740e-05
-1.733700615000003254e-04
1.192734416633335105e-02
2.474413223883331278e-02
-2.535227041666664942e-04
1.103935358202614902e-04
2.527603436666668330e-04
6.227554822866659262e-02
-5.924188683333324079e-05
5.660723500000003876e-05
-1.632531458333332604e-04
-3.288193357000007699e-03
-1.280314296966666467e-02
2.151637041833333319e-03
1.744144777999998832e-03
2.087984050833333396e-03
-2.682704691633335317e-02
1.720495307166666288e-03
1.737803173333332066e-03
1.803343291166666085e-03
-6.858735166166664114e-03
2.371953305366664849e-02
1.774764865166669281e-03
-3.165377940130719076e-04
1.174094240166667462e-03
1.118715505211665823e-01
-3.628756401666667175e-04
-5.107635126666669467e-04
5.163269253333339394e-04
3.105877691216674466e-02
-1.675855366166694588e-03
7.506152423333328121e-04
-2.195770855130718181e-04
5.441786333333406664e-05
2.597851863288334062e-01
-6.908782773333331864e-04
4.111320683333332207e-05
2.907757791666673369e-04
-2.167588326149997094e-02
-1.637779247700000759e-02
2.278248795166667399e-03
1.883475009666665595e-03
2.269675980500000714e-03
-1.649125980800000488e-02
1.861194061333332553e-03
1.883485394999998919e-03
1.871918527166665331e-03
-7.826215865500000743e-03
-1.270342087735002734e-01
-1.901163984000002775e-03
1.066726457849999539e-02
3.782270037666639675e-03
9.276749550793349508e-01
1.894194184999993926e-03
1.067521052449999473e-02
2.560238625666701445e-03
-1.354954598143333078e-01
-1.126072234461668875e-01
-2.511801813600002958e-02
1.213925361199999498e-02
-1.860837860500002758e-02
9.050841723553342266e-01
4.408162912666679402e-03
1.214721852149999899e-02
4.032222062333384351e-03
-1.110641751576663255e-01
-1.314002102776669623e-01
-4.403175104333353213e-03
2.462376403566666344e-02
-4.015001475333349751e-03
8.799306056650004759e-01
2.554715736333340158e-03
2.313858129639393552e-02
4.819241327333256136e-03
-1.122218927489996576e-01
-1.401480255258336360e-01
-7.736920458666677117e-03
2.169144263666666558e-02
-5.730420030666682693e-03
8.893103207166673796e-01
5.610210073999999728e-03
2.001964068306060288e-02
1.622670195666603898e-03
-1.231940253876666197e-01
-8.105714980833329461e-03
2.875307147666667212e-03
-1.149706599999999839e-04
1.263694106666666921e-03
-4.929323921666671580e-04
-1.286593083333333282e-04
-1.149707316666666578e-04
-1.100489933333333403e-04
-1.484990495499999372e-03
-2.807900909366659731e-02
7.637811669999996014e-04
4.106802351666668659e-04
9.363329955000014495e-04
2.328251723123333228e-01
3.257613711666675375e-04
3.423560750000016788e-05
1.520801183333329302e-05
-2.978048910499996038e-02
2.635755823433333714e-02
6.087793963333338210e-04
5.883048376666667138e-04
3.838992689999988083e-04
1.173798970806666092e-01
3.703185431666673115e-04
2.626890939999998193e-04
4.457078536666672424e-04
1.994266845716666584e-02
-8.643206926999998096e-03
1.218945726333333463e-03
-1.164815834999999978e-04
1.222196485333333464e-03
-1.387655584000000580e-02
-1.505633421666667331e-04
-1.009713451666666172e-04
-1.429330955000001420e-04
-2.828242273499999467e-03
1.697654484333331951e-03
5.640825286666665802e-04
4.901604299999998365e-05
2.739065121666682100e-04
1.083738865003333052e-01
1.376126475000001060e-04
5.298528249999997749e-05
-4.087926166666621402e-06
-1.233501876149999989e-02
1.831586490200002096e-02
-2.255057264999991062e-04
-2.772051629999999853e-04
-1.257084751666666302e-04
5.034570019366666621e-02
7.764244483333340317e-05
4.183875616666666447e-05
-1.275397396666666744e-04
7.854471345999992568e-03
-1.131086040533333358e-02
3.409282833332968227e-06
-7.702517333333337908e-05
-1.104295097333333813e-03
-5.079015879600003863e-02
-8.242136083333341642e-05
-1.282762433333328870e-05
1.666273914833333019e-03
-1.406952316333333862e-02
5.994125486333316821e-03
-1.717747472333331455e-03
6.932108100000002450e-05
-3.548580068333319110e-04
1.064143569340001982e-01
-2.530228583333373935e-04
1.170593729999999650e-04
6.277561516666678703e-05
-6.750034701166659698e-03
1.839245277450002325e-02
-1.573565372833332860e-03
-4.329337235000003449e-04
-2.491304483833332948e-03
1.236368374433332272e-02
-2.179898888500001863e-03
4.077950839999999028e-04
4.803384299999967854e-04
1.969751795183336679e-02
-2.791546068716669465e-02
-3.158241364833332381e-03
6.536389950000010983e-05
-2.050744754333333388e-03
-7.336547961616676772e-02
-7.768697181666675382e-04
3.993812200000003036e-05
-1.268428187500002984e-03
-2.705202000016665095e-02
-1.184711921533333247e-02
-5.117730409833333959e-03
2.252742874999998524e-04
-1.265929756666668397e-04
3.912314258299995351e-02
2.706737758333333703e-04
1.796183375000001020e-04
-2.126623323000003275e-03
-1.904947663166665917e-02
1.722020205716666419e-02
3.219286436833333417e-03
2.117755704999998458e-04
-8.653190194999999495e-04
-3.879155733933337125e-02
-8.273256936666671408e-04
1.934238668333332161e-04
-1.121907369000000156e-03
2.532721666500000607e-02
-2.756937079150003495e-02
-2.598285679000000414e-03
1.084391081666667413e-04
-1.416128729166667155e-03
-6.022727907416668136e-02
-7.341709299999993191e-05
6.057524733333346958e-05
-6.789549713333332698e-04
-2.787578558233332754e-02
-2.756937079150003495e-02
-2.598285679000000414e-03
1.084391081666667413e-04
-1.416128729166667155e-03
-6.022727907416668136e-02
-7.341709299999993191e-05
6.057524733333346958e-05
-6.789549713333332698e-04
-2.787578558233332754e-02
1.722020205716666419e-02
3.219286436833333417e-03
2.117755704999998458e-04
-8.653190194999999495e-04
-3.879155733933337125e-02
-8.273256936666671408e-04
1.934238668333332161e-04
-1.121907369000000156e-03
2.532721666500000607e-02
-1.184711921533333247e-02
-5.117730409833333959e-03
2.252742874999998524e-04
-1.265929756666668397e-04
3.912314258299995351e-02
2.706737758333333703e-04
1.796183375000001020e-04
-2.126623323000003275e-03
-1.904947663166665917e-02
-2.791546068716669465e-02
-3.158241364833332381e-03
6.536389950000010983e-05
-2.050744754333333388e-03
-7.336547961616676772e-02
-7.768697181666675382e-04
3.993812200000003036e-05
-1.268428187500002984e-03
-2.705202000016665095e-02
1.839245277450002325e-02
-1.573565372833332860e-03
-4.329337235000003449e-04
-2.491304483833332948e-03
1.236368374433332272e-02
-2.179898888500001863e-03
4.077950839999999028e-04
4.803384299999967854e-04
1.969751795183336679e-02
5.994125486333316821e-03
-1.717747472333331455e-03
6.932108100000002450e-05
-3.548580068333319110e-04
1.064143569340001982e-01
-2.530228583333373935e-04
1.170593729999999650e-04
6.277561516666678703e-05
-6.750034701166659698e-03
-1.131086040533333358e-02
3.409282833332968227e-06
-7.702517333333337908e-05
-1.104295097333333813e-03
-5.079015879600003863e-02
-8.242136083333341642e-05
-1.282762433333328870e-05
1.666273914833333019e-03
-1.406952316333333862e-02
1.831586490200002096e-02
-2.255057264999991062e-04
-2.772051629999999853e-04
-1.257084751666666302e-04
5.034570019366666621e-02
7.764244483333340317e-05
4.183875616666666447e-05
-1.275397396666666744e-04
7.854471345999992568e-03
1.697654484333331951e-03
5.640825286666665802e-04
4.901604299999998365e-05
2.739065121666682100e-04
1.083738865003333052e-01
1.376126475000001060e-04
5.298528249999997749e-05
-4.087926166666621402e-06
-1.233501876149999989e-02
-8.643206926999998096e-03
1.218945726333333463e-03
-1.164815834999999978e-04
1.222196485333333464e-03
-1.387655584000000580e-02
-1.505633421666667331e-04
-1.009713451666666172e-04
-1.429330955000001420e-04
-2.828242273499999467e-03
2.635755823433333714e-02
6.087793963333338210e-04
5.883048376666667138e-04
3.838992689999988083e-04
1.173798970806666092e-01
3.703185431666673115e-04
2.626890939999998193e-04
4.457078536666672424e-04
1.994266845716666584e-02
-2.807900909366659731e-02
7.637811669999996014e-04
4.106802351666668659e-04
9.363329955000014495e-04
2.328251723123333228e-01
3.257613711666675375e-04
3.423560750000016788e-05
1.520801183333329302e-05
-2.978048910499996038e-02
-8.105714980833329461e-03
2.875307147666667212e-03
-1.149706599999999839e-04
1.263694106666666921e-03
-4.929323921666671580e-04
-1.286593083333333282e-04
-1.149707316666666578e-04
-1.100489933333333403e-04
-1.484990495499999372e-03
-1.401480255258336360e-01
-7.736920458666677117e-03
2.169144263666666558e-02
-5.730420030666682693e-03
8.893103207166673796e-01
5.610210073999999728e-03
2.001964068306060288e-02
1.622670195666603898e-03
-1.231940253876666197e-01
-1.314002102776669623e-01
-4.403175104333353213e-03
2.462376403566666344e-02
-4.015001475333349751e-03
8.799306056650004759e-01
2.554715736333340158e-03
2.313858129639393552e-02
4.819241327333256136e-03
-1.122218927489996576e-01
