-8.415559934409436171e-02
-7.091328405716282313e-02
-3.626495495014039200e-02
-1.371975019318007194e-02
-3.726584232727717105e-03
1.158461365094302975e+00
-2.344060881927594736e-02
-3.385593199075376952e-03
-5.476572382981104159e-04
5.685472667902187471e-02
5.726522330923004833e-02
1.016865275200641294e-01
-2.124317281170902405e-02
-1.142801622480524304e-03
2.641874111202140163e-03
5.217291072035771388e-02
5.482100953649209074e-02
6.420322064113762051e-02
-1.171462046583603492e-02
-1.048110283982554153e-02
-1.703256563022519446e-03
3.256992683699345623e-03
5.047901860062489754e-02
5.367955350102597556e-02
-2.212140286716214946e-02
-1.436706458001805325e-02
4.997650819013727680e-03
6.936449822259240644e-03
5.548100599404158784e-01
2.678658160301835345e+00
-3.014189297012747314e-03
-2.817909548447440626e-03
1.698419849328302450e-02
1.242642119590256361e-01
2.181972295630008052e-01
2.190078004081501550e-01
-2.694583420669982021e-01
-2.572205671260152648e-03
5.456518667587839655e-04
2.967119617326388625e-03
8.241062122187001182e-02
8.809534428430411401e-02
-2.069927795650551572e-01
-3.360054417217359091e-04
2.062330907588179330e-03
3.677247787770475396e-03
5.807220258041936867e-02
5.891604902933243043e-02
-1.596106961671843738e-01
-2.109231816370731039e-03
-9.648844700089337367e-04
8.263563542559790309e-04
3.375812778985056578e-02
3.409715137012424985e-02
-1.389642148468643867e-01
-1.367763850465542330e-01
-3.203579957549800017e-02
2.353024819836913029e-02
2.648704477071225916e-02
2.287635410869834907e+00
9.502176463219774369e-04
3.566744475939567435e-03
4.196503668401295462e-02
1.142466837508455679e-01
1.158362517036790468e-01
2.659374243471995247e-01
-1.935775402043486415e-01
-8.963475206367338410e-05
1.668351176940731373e-03
2.778048127801767408e-03
5.524518826724749559e-02
5.556434319308907466e-02
-2.228485425499473482e-01
-2.196371176889070631e-01
-1.788090405975217845e-03
1.041414830856920992e-02
1.450585180687738451e-01
1.921171999184489332e+00
-4.051497904477623091e-02
-2.985296681509937156e-03
-1.802579884466637417e-03
6.124460592703273587e-04
1.189644127066478985e-03
5.094691434297473620e-01
-9.772756251205813594e-03
-4.520387251109887067e-04
4.460850815020296622e-04
1.758662438270484907e-02
2.174003295516128281e-02
2.266487921889485946e-01
-5.999101496880226286e-02
-7.138723578472647852e-04
-6.047972427550632468e-04
-4.028237158168277571e-04
1.292204059804799923e-02
1.304674774484021298e-02
-5.626467875401429397e-02
-2.175239400660868017e-03
-1.222230887983167397e-03
8.153453172068288179e-04
1.108233411205909388e-02
1.205789435305923245e-02
-1.996081580400662497e-02
-1.351426530621559902e-03
-6.251397664894867146e-04
4.989500625256389904e-02
1.943882732034492578e-01
1.951148137679366845e-01
-2.370127485284592161e-01
-1.281550248800597536e-03
7.376297795164549198e-04
2.495266274996063571e-03
9.091333433081734416e-02
9.133541903826322694e-02
-6.696099088634249741e-02
-9.636440618325456398e-04
-7.359682151903274017e-04
9.335830206199796644e-04
4.655118478104812441e-02
4.684680911669714121e-02
-6.809434649807691309e-02
-1.988011247578896218e-03
-5.454832459871293560e-04
2.067793979067845955e-04
2.821452167818575690e-02
3.008712907038379666e-02
-6.312878681415239057e-02
-2.407844822930809564e-03
-4.342428484149438161e-04
6.789641588676176287e-04
2.319230992032789151e-02
2.515432933330255180e-02
-5.953718014106768042e-02
-1.345809571173195440e-03
-4.638096542514472120e-04
3.920972211040076039e-04
1.949322687665985473e-02
2.074388982506167323e-02
-4.285504024314545218e-02
-5.657432358746276174e-04
-1.544129702900857298e-04
3.066093739999831147e-04
1.103735024930939217e-02
1.148378439783413751e-02
-6.799398668675358692e+00
-3.335514023986689836e-01
-1.451751899130648837e-01
2.865743213509830412e-02
3.597180092388132522e-01
1.197428917120763714e+00
2.041683163555484626e+00
3.761400278888244131e+00
1.609500973149433989e+01
-1.078334264374586349e+00
-2.804940078022585270e-01
-4.372361940976432493e-02
-1.497274493504230364e-03
2.556847310269505513e-03
4.333207472811479999e-01
8.331890698660138206e-01
2.228981378097438348e+00
4.557284815043395554e+00
-3.068508191078416769e-01
-1.110293700709155951e-01
-3.756847136795804509e-03
9.620527040773207972e-03
8.691185707949944383e-02
3.260044512309864806e-01
4.674786435417903063e-01
7.328317329755746901e-01
9.789301893317583492e-01
-5.013095692306953483e-02
-3.920087012287984396e-02
-1.658308328772806206e-02
1.056233126086998653e-03
5.367886630852726493e-03
1.725916707252259097e-02
2.767175288632858776e-02
8.100289911682151400e-02
9.383066719987305238e-01
-2.288797997889565339e-01
-1.678427248950901118e-01
-3.166399685863072189e-02
-1.119736626057227236e-02
2.126823061872176734e-02
7.461419304974301059e-02
1.772294652481548882e-01
3.119553397319467791e-01
4.036328528048556130e-01
4.553803521020688416e-01
6.412443579519744308e-01
8.872765730209497548e-01
-2.274560353821746816e-01
-1.738645049496918282e-01
1.968590297811434464e-04
9.439854745621173437e-03
1.346080508584179825e-02
2.637216951495102712e-02
6.246931212159984037e-02
1.690431411894768865e-01
3.217310399376624996e-01
4.389745825924870060e-01
5.509782257865045718e-01
8.753149505216051285e-01
-2.226045568731876978e-01
-1.770612119203699986e-01
-2.034913440513300142e-02
7.783817317168817418e-03
8.432848259663922041e-03
1.170995646962708081e-02
5.137248739275795950e-02
1.322704791554341619e-01
3.227670007479601644e-01
4.410811598958678248e-01
5.547659977587724445e-01
8.533335451172703312e-01
-2.255251075879897427e-01
-1.692423965511519468e-01
-5.342691054632675574e-02
-1.887097122287489936e-03
7.138349261304077764e-03
1.455973575147662125e-02
3.668252480964379059e-02
8.450465723979927457e-02
3.252344015532753763e-01
4.210920757068397635e-01
5.685125286280181545e-01
8.706893665650594638e-01
-9.790106905473121290e-02
-6.996762932967276472e-02
-6.216742918516550420e-02
-2.491631333130653325e-02
-2.329929835700753071e-02
1.196922205862549937e+00
-2.737599561504868578e-02
-1.083187662477133910e-03
7.178748318032026482e-03
8.172098600937576646e-03
4.884536425874898974e-02
4.994393761714021468e-02
-5.897258004344570551e-03
8.090094242372565525e-03
4.026634780309075456e-02
2.201301297149101388e-01
2.326517582662086525e-01
4.676016315904276133e-01
-3.055125885914881656e-01
-2.157102539754401915e-03
-1.087538053759773415e-03
9.252595696194604313e-04
1.239479051380848185e-01
1.249627247429664495e-01
-1.599480053863236717e-01
-1.884163969757574053e-03
7.699448809660863757e-05
5.487035209015278525e-04
3.647304783097699010e-02
3.717249078110616833e-02
-2.158646107676427395e-01
-7.026866726185967971e-02
-3.660558833975421922e-02
7.618535198443465717e-03
3.629138476230966970e-02
2.062983197844169059e+00
-1.051420420837578390e-01
-7.092636570283736286e-03
-3.547794693471634231e-03
6.260236393204562932e-02
6.351067650316741253e-02
9.886930750356353048e-01
-2.181653086898850073e-03
-1.610533577633300930e-03
6.786834851377968394e-03
6.258721364499349182e-02
1.146796031038176122e-01
1.199304909516766965e-01
-3.975065494286025153e-02
-8.100682494399123745e-03
-6.205313905777221084e-03
2.648499093163834278e-02
1.013441928827748528e-01
1.080528422152904622e-01
-2.717537075612249439e-03
-1.385242156282013443e-03
1.135322045243513170e-03
2.118005452281588111e-02
2.270105958732461862e-02
2.208405109495099328e-01
-1.845522306821508959e-02
-1.733580453456909712e-02
4.391341283793427988e-03
4.626411381988191490e-03
3.162408635768158144e-02
3.349696395998782994e-02
-3.893925948682464694e-02
-4.638942713525939787e-03
1.003983557734986626e-03
2.139049499269518595e-03
2.895655871210989565e-02
2.911119297423607477e-02
-5.762064394521185934e-02
-7.787918766028571749e-04
-7.342568429387526241e-04
3.417779170389843857e-04
1.893553096702986147e-02
1.914004352001790268e-02
-6.374736006517714437e-02
-1.156266323530021761e-03
-7.729372688927912960e-04
4.442052480589938658e-03
9.126339305189679757e-03
1.066371408682058493e-02
-5.955566288244245055e-01
-5.189506808684376526e-01
-1.263779535302340107e-01
-4.131026074271482162e-02
3.347766504137944521e-01
6.674645627212314025e+00
-1.816860778991661041e-01
6.480030821625403468e-03
6.614770104638977022e-03
1.389458731343644615e-01
1.620554386151394910e-01
1.631542324172315372e-01
-7.572792421966040299e-02
-1.524308135659990793e-02
-7.169914970051677328e-03
6.036328136044571968e-03
1.423623638312158657e-01
1.502093165953853060e-01
-1.664562687189397872e-01
-1.621661407946339839e-02
-3.225441159266817515e-03
2.914097450463185024e-02
1.266975989580551576e-01
1.415765196096506473e-01
-2.239199984813632083e-01
-1.169749377882667307e-03
-6.666840215219654864e-04
5.668855080480511566e-04
7.537288110551543241e-02
7.635687813553783398e-02
-1.847040286297522982e-01
-1.354093757956684185e-04
1.201820122201519014e-04
5.556083506222525559e-04
4.553157588932428557e-02
4.596687658271429722e-02
-2.301761318093874242e-02
-9.460894443990564007e-04
2.474656578329098577e-03
3.152112564175675591e-02
6.460029573753151011e-02
6.677219070772000276e-02
-7.446545838273699314e-02
-6.722267154702227243e-04
1.332170879517410866e-04
9.705732784091453125e-04
3.990653539938172206e-02
4.012500611879799700e-02
-7.191690494835639713e-02
-7.133586052061394178e-04
-5.843357806804075349e-04
1.016368029480126806e-03
2.792170661564248590e-02
2.876274952278724470e-02
-4.440573939520136432e-02
2.300624976075155842e-04
3.665760206002909721e-04
5.027356564061644800e-04
1.116810678313169373e-02
1.130450541362244127e-02
-5.019765483302758291e+00
-1.386171009691457456e+00
-2.089636216261387958e-01
-1.423634654706962266e-02
3.092692872514568592e-01
1.196746184753347819e+00
1.357883377774319555e+00
6.464245344433229512e+00
1.610248686800051487e+01
-7.497066122832298785e-01
-1.343539671453123363e-01
-5.298183135990619519e-03
2.133350580494353110e-04
2.192230722105403817e-02
4.305273748443643189e-01
8.957824147428894435e-01
1.923836544199056808e+00
4.293259487003442842e+00
-2.573301474051920557e-01
-7.243174104099731059e-02
-1.043991751190798123e-03
1.250467650198477942e-02
8.496135722937159240e-02
3.290757091877700158e-01
4.739989683705272960e-01
7.196109078548162952e-01
9.444034863989070328e-01
-4.831893157385911408e-01
-1.026168060536408744e-02
1.625821216949707715e-03
9.205972145557794750e-03
1.325970736590142973e-02
1.740131382287263273e-02
2.542558311605541688e-02
1.150806017399939596e-01
1.440705073927122548e+00
-5.673893400454837338e-02
-4.127069802201079052e-02
-1.810688268282915903e-02
1.082438131445088991e-03
3.660728367580481923e-03
1.927736166667037843e-02
2.523604772017228048e-02
6.412633046532673076e-02
9.325518070410262483e-01
-2.268772932741725534e-01
-1.607766927175785787e-01
-7.746820245417507245e-03
1.195669653385117437e-02
2.128315256684640278e-02
6.163546236609335205e-02
9.492228721987538975e-02
1.639707841160281121e-01
3.258649771334044543e-01
4.508584341419989983e-01
5.589530019168085229e-01
8.841232409534289793e-01
-2.086724030567257138e-01
-1.867231493920719632e-01
-4.851463298811684033e-02
1.119105887471105731e-03
4.204660240935409465e-03
1.262615785521081779e-02
3.913822825415427809e-02
8.876079678704881792e-02
3.165139276745219110e-01
4.281571350162297618e-01
5.597860433589011420e-01
8.771790118927728086e-01
-2.080456529108622166e-01
-1.843540114169237021e-01
-4.827432177649712552e-02
1.137525514074561039e-03
5.360773765104603905e-03
1.341285532891126064e-02
3.776772081702980954e-02
8.250666770030945507e-02
3.156688277957663269e-01
4.262037701257727074e-01
5.640152608685318203e-01
8.754166484352807753e-01
-3.116923138533473914e-01
-6.160749392843284378e-02
7.751684564338787720e-01
1.073139650798299760e+00
1.497483463584726060e+00
5.498127290415203205e+00
-2.565091914106517289e-03
6.805467247124456255e-04
2.550783232473187011e-03
4.403053516141192808e-03
2.031523038746710363e-02
5.523334211479797862e-01
-4.147266133475137340e-02
-5.749290520612598820e-04
1.119299734538697910e-05
8.895432660022566107e-03
5.463662403226353381e-02
5.637109601184753238e-02
-1.254838805665335011e+00
-1.049472837349112009e+00
-4.463643747418833962e-01
-2.778032185453086500e-01
-2.204503969761189008e-01
1.096854683266971442e+01
-4.880986128514724354e-01
-4.706870867078865595e-01
-2.177571701992482844e-01
-1.751487552483472210e-01
2.621923262157943579e-01
6.258551180413827630e+00
-1.632876957653402739e-01
-3.490426057427442608e-03
1.554307391255227433e-03
2.587488447415020598e-03
1.795301981441942696e-01
1.815767831362357920e-01
-1.858008288267999630e-01
8.405838235867130193e-03
9.274274494225492882e-03
1.183658366236933768e-02
1.385676152909556258e-01
1.406609873013816570e-01
-1.727643672989860324e-01
-3.680433965773874383e-03
-2.132561850140560211e-03
3.778763823875791461e-05
4.265962520386031021e-02
4.654595331346859932e-02
-1.670983635532052314e-01
-5.162712383973706853e-03
-4.910978793717012125e-03
-1.147670801218872438e-03
4.418210500693050408e-02
4.924126180351784399e-02
3.361449158463494357e-03
6.787683255628400476e-03
1.043718492573260555e-02
1.567240555136813207e-02
1.375754589247311088e-01
1.191224699122413355e+00
-7.448345126108422976e-02
-1.030830615947461726e-02
-7.335736581844165549e-03
-4.300014025669554596e-03
1.140440866233358302e-01
1.144621114744044238e-01
-1.888172787468727076e-01
-3.713315592402385845e-03
-3.586134637903470868e-04
9.895171019685330971e-04
5.662731969254915926e-02
5.793019879721458126e-02
-1.702501812914652413e-01
-5.916946552918869728e-04
-1.483100000638794518e-04
-1.407957635252890646e-04
3.974928510183986519e-02
4.047969445783951292e-02
-1.272139416700294179e+00
-5.081831467674564617e-01
8.490721287261056016e-01
1.373105820438131675e+00
1.675476261261212629e+00
8.254633341387622281e+00
-5.066422784870338036e-01
-4.991609692571923884e-01
-3.091452007796132162e-01
3.892630023438026221e-02
5.408386242164131552e-02
3.836195786205482516e+00
-3.747021164033984691e-02
-6.324373047674941573e-03
-4.934050162857979427e-03
1.165036454018990308e-03
2.937705315050364793e-02
4.149619375868336679e-02
-5.193427375314640243e-02
-5.941508498090788959e-05
1.982790660583974574e-04
2.640784717784359914e-03
2.175377603048674752e-02
2.274361566979813884e-02
-1.052868658281153752e-01
-1.044708515470035431e-01
1.177579549716398222e-02
2.141223023384888902e-02
1.253727769058204378e-01
3.349278920989958941e+00
-9.008636938401415328e-02
4.250922289802727683e-03
8.895747279254878626e-03
5.733494492051978420e-02
1.713600837256191167e-01
1.723580047874845311e-01
-8.585770224306764342e-02
-3.496613271111792542e-02
2.232068846711708372e-03
4.816351709975373596e-03
1.468405296267999982e-01
1.508205795353655121e-01
-1.749751715888870351e-01
-6.397878304143865547e-03
-1.317969180473013702e-04
1.391805352384811734e-03
4.255124456581457770e-02
4.368951171087867569e-02
-4.347918741604275827e-02
2.048605662513205972e-03
1.264322337150334402e-02
2.413077341197854969e-02
3.717058452632893834e-02
7.706650411850523019e-01
-4.695550402796758865e-02
5.256912573909013064e-03
1.946732952545664197e-02
4.370208112033822923e-02
5.471653474532707506e-02
4.366444147161023248e-01
-1.785856031276404285e-02
-1.138486082561844526e-02
4.446890044366332007e-04
1.631358847618686464e-03
5.881164465387544310e-02
5.926871801161818359e-02
-4.515497052518087362e-02
7.728012783773594019e-05
2.729981473986384244e-04
8.115692990160131709e-04
1.098229822714946215e-02
1.117799666894576244e-02
-6.889690942202634005e+00
-5.999713902189007797e-01
-3.115652374711750383e-01
-3.219254842335317335e-03
3.567760210883008654e-02
1.171107045198004570e+00
2.714457719714044259e+00
3.882858605690474363e+00
1.670250653142517550e+01
-3.026914617319704348e+00
-1.595020411668750526e-01
-1.088511321989864555e-01
-2.501344515281722636e-03
9.171940614357332322e-02
4.188275767977582831e-01
1.804000907486323690e+00
3.241717643755907652e+00
7.451338538136369927e+00
-3.256246012463301365e-02
-7.116800824115400437e-03
3.519244505190581573e-03
1.598557182802286258e-02
3.880342673768628903e-02
7.322003355316394901e-02
8.592886337908377248e-02
1.597939036136512558e-01
9.095767154416168898e-01
-3.368735341922725612e-01
-2.788235242304210049e-02
2.819265466976306200e-03
1.220881382533695048e-02
1.768627883162160463e-02
3.373494484262540283e-02
4.508061987176631424e-02
1.158784197225319335e-01
1.282311547668287144e+00
-6.345572793943691892e+00
-1.437198331011352082e+00
-3.155962889598313836e-01
-1.999188508432485634e-01
2.746614176474970748e-02
1.157547785258419282e-01
2.667309291919170988e-01
4.299449650175297677e-01
5.258634862698805534e-01
3.081059584974137344e+00
6.480540046217051930e+00
1.055063709832947794e+01
-2.253904903529016512e-01
-1.642586084873063346e-01
-3.781064576410522737e-02
-1.168638619967349301e-02
1.740161822385596913e-02
7.279470968848056334e-02
1.686555941718513307e-01
3.140795363890852010e-01
4.018010326633551510e-01
4.564607005633199432e-01
6.505494784562160238e-01
8.720609753941543918e-01
-2.228140361240489309e-01
-1.741156451398049865e-01
-4.879789518613886212e-02
1.223661702552225616e-03
4.199824738927493417e-03
1.073423254323360720e-02
4.079360898031025862e-02
8.766878768671176880e-02
3.234134253209951515e-01
4.266603880696893114e-01
5.606647668169595367e-01
8.736484578776082532e-01
-1.415380420699579034e+00
-1.322884994619950572e+00
-2.647659475732968559e-01
-5.614744211961220088e-02
1.636234701599315056e-01
1.134390686369146550e+01
-2.940158401050922965e-01
-3.908921325769823540e-03
-1.816578309864425034e-03
4.839641084969231732e-04
1.074032349895027022e-01
1.086912506480617185e-01
-1.815716924804793575e-01
-4.591777964514339935e-03
6.177425214507265743e-04
1.132986335178603511e-03
4.996669986985384504e-02
5.110161501017723013e-02
-1.588852862048471259e-01
-4.104952327824951466e-03
1.454283157398921812e-03
1.692085099906244158e-03
3.664890219149379014e-02
3.849230386253939262e-02
-3.713450566875224901e-01
-2.490511271939132021e-01
-4.023261343429973547e-02
1.116629766240210819e-01
4.152765683357131921e-01
5.378071612021662062e+00
-2.980140421292790665e-01
-2.256543345964274749e-01
-2.227952533624507347e-01
2.033211820962677052e-02
2.293536390175349160e-02
3.460826489097440284e+00
-4.990673553118427086e-02
4.091610414549903818e-03
5.111013470811359705e-03
4.403975186400857500e-02
4.490857665572245416e-02
5.576382105810919754e-01
1.572781805021359995e-03
6.915538013346116467e-03
2.079204670096926680e-02
9.330624163897346945e-02
9.554265125889528643e-02
2.541901864937937128e-01
-1.838469187810755009e-02
1.114846508430203387e-03
2.430053317465555307e-03
1.262667550957836254e-02
1.225498948772091451e-01
1.225738924147573294e-01
-1.517678872403130652e-01
-7.815488364438086255e-03
-2.288217679721954445e-03
-7.813933711521420244e-04
9.491858225943342053e-02
9.519121465985963537e-02
-1.792226675490711518e-01
7.486678128633753038e-04
8.855653052763715061e-04
1.201477935094938387e-03
4.560434102297822312e-02
4.645664266319167457e-02
-5.894231153640049348e-01
-4.957394626634370471e-02
5.762307522095340140e-01
7.864304702475342079e-01
1.311104901038195436e+00
6.292233150475416537e+00
-2.771245014952304284e-02
2.391199721629044816e-03
3.331976208296807268e-03
1.807072431359597539e-02
2.347896498804635454e-02
2.159573786602876633e-01
-6.128134676138323467e-02
-6.900025059561505636e-04
-5.347624604722586716e-04
2.407303873901832370e-03
1.939369974274534822e-02
1.948440502249783324e-02
-8.705066442321385267e-02
-1.419219944899351507e-02
4.251138167637459261e-03
4.807109108597605249e-03
1.707548930030396983e-01
1.713500256354320850e-01
-2.304296651459569745e-01
4.337725986088220367e-04
5.158218102484922896e-04
8.972229785531207757e-03
1.020848973061387888e-01
1.041304991087643322e-01
-2.241839944847645594e-01
-7.083197205477731462e-05
1.331097767711383884e-03
9.795521433347983975e-03
8.313578045876048039e-02
8.587332430150027007e-02
-2.157327301160176236e-01
2.265891267297537315e-03
3.033798064040582609e-03
3.149291359677050539e-03
6.937928485739623674e-02
6.956392928260665687e-02
-3.267856718074358541e-02
-2.028127389235117456e-03
8.853894880816517987e-04
6.219508913078426043e-02
6.297820139501308923e-02
2.959058344750992720e-01
-2.759310197043896018e-02
-1.812394828603625108e-04
2.073221409414398309e-03
3.169843221282060697e-03
5.715353316198735351e-02
6.133736305578223191e-02
-7.142667133084150410e-02
-1.832928835403872217e-04
-1.576500926454846101e-04
1.967792361963101311e-04
2.870342498906253842e-02
2.878347698326885057e-02
-5.463519010749336158e-02
-2.588445955052955105e-04
-5.124689951899186191e-05
2.249045062901796482e-03
1.651030040801435700e-02
1.683648205576835158e-02
-5.047230713830900412e-02
1.873185809582351979e-04
9.933598490666651487e-04
4.439290744513095521e-03
1.193440182061964588e-02
1.277775910348467880e-02
-5.098289840476042833e+00
-1.087776931353408472e+00
-2.154402952658722725e-01
-1.314293903785479500e-02
3.281977037087475679e-01
1.196098332999103064e+00
1.514635690039958682e+00
5.745143119090660555e+00
1.529425424654665377e+01
-3.453016619623071326e-02
-2.662237424506936484e-02
4.338704532247314449e-03
1.410818778234012444e-02
3.938890484959482741e-02
7.402627929269119111e-02
8.474730108207918777e-02
1.784759845750039375e-01
9.209507697208441090e-01
-2.163411953650107855e-01
-2.830909308826926041e-02
3.395414626532311519e-03
1.450123638576178431e-02
2.563446799596633130e-02
4.090438098548257462e-02
5.477920085622942081e-02
1.150116435693359918e-01
1.130736305336135006e+00
-3.411951855484188223e-02
-1.897526751410362825e-02
2.916031710018709977e-03
1.017979805307716451e-02
1.741219498674428934e-02
2.332084772282943391e-02
3.266086703454725709e-02
9.646802553712668926e-02
9.321413128759351574e-01
-5.313525792943609577e-02
-3.968762781515375315e-02
-1.580605727274292382e-02
4.922363071076518715e-04
3.250711279957914368e-03
2.021107410618955269e-02
2.269647355716675197e-02
6.498710497506574035e-02
9.298718727085135693e-01
-9.798761948217676876e-01
-2.835070187974889633e-01
-6.909618327483002531e-02
6.592725529213416813e-03
7.056997941957887654e-02
1.335480743003920612e-01
3.323359153589342530e-01
4.275957223258759488e-01
6.613681805296671712e-01
7.115554189304651445e-01
1.513261191287309515e+00
2.347852869723991098e+00
-2.236267725570205422e-01
-1.575648370221934269e-01
-3.576058404952994763e-02
-9.233066367854980694e-03
2.084842616914109326e-02
7.208265506376951293e-02
1.780334135657221373e-01
3.133173360195559143e-01
4.018108498803538708e-01
4.580898419545186284e-01
6.616210257905903447e-01
8.816928512787804983e-01
-2.153944670772867109e-01
-1.715289198555795536e-01
-1.718597418945860822e-02
1.240985766546576219e-03
4.983757435677360625e-03
9.458721529370384129e-03
5.250329803490499936e-02
1.156915413211173638e-01
3.295260673193184386e-01
4.393947014143870788e-01
5.561834965252758778e-01
8.799587264177244350e-01
-2.203476666715312449e-01
-1.740279366630769764e-01
-4.638406791466012646e-02
1.978638615068084583e-03
4.720193312216375281e-03
1.141979718198457561e-02
4.357698310974744693e-02
9.429143229450348551e-02
3.247952485128484668e-01
4.301536474592766446e-01
5.587327879789056873e-01
8.759651450133859596e-01
-7.932037272892672464e-02
-7.548778800975614045e-02
-1.126301653131042690e-02
-2.384681017406631298e-03
6.657026825146943050e-02
1.149997665377928469e+00
-2.382302389237125895e-02
1.878143684406800851e-03
5.738923490505358493e-03
1.045782976343843235e-02
5.066770907922294592e-02
5.173630498979740755e-02
-2.380261003358634109e-01
1.532602611152095173e-03
3.575381961120061014e-03
1.124918717198991613e-02
1.784002890859951451e-01
1.801472299886064388e-01
-3.022445919704278561e-01
-6.377239141218959961e-04
-2.124250156648743726e-04
7.564640632406360865e-03
1.289273353947974765e-01
1.290945735196789013e-01
-1.530024935602360969e-01
-7.701477701667694409e-03
-1.118743796823362668e-03
2.744523771593398997e-04
3.592435776370849626e-02
3.609579556719180043e-02
-6.068286940885778691e-01
-5.875998827477971753e-01
3.398050759120074815e-02
8.383678247073877987e-02
8.544333424097350083e-02
6.187539544205458597e+00
-5.890801675452332284e-03
-2.464690805519349423e-04
1.764229183772553569e-03
2.779453866912860033e-02
2.894939270115533952e-02
1.218816752521617142e+00
-2.078828949020025685e-02
2.815950990373988772e-04
1.987589659155991617e-03
1.082618768076659549e-01
1.244340902750572103e-01
1.247299920372844234e-01
-1.901766483282161246e-01
-1.129897454590661487e-03
-4.547259090823124739e-04
-3.637771495624622653e-04
5.722428770631757949e-02
5.789668439180053333e-02
-1.691948096453588235e-01
-1.016362520288416338e-03
-7.096129841377349368e-04
-4.839260556993366102e-04
3.922411627867997130e-02
3.936978177380422855e-02
-4.774583943001477482e-01
-3.565720253332414491e-01
3.540415844012266278e-01
7.783337401713996684e-01
1.286879249579335749e+00
6.316392316547419838e+00
-6.145609528726791310e-02
-4.758133563671341354e-02
-5.370981419227868932e-03
-3.448405840086537100e-03
4.246458285103977583e-03
8.158394814751913637e-01
-4.304741844849173209e-03
-2.929916778148817375e-03
1.456525069102713316e-03
2.799908805397338055e-03
3.048223270761496462e-02
3.049649334521644523e-02
-8.658752419299331482e-02
-6.345345681327478615e-02
-6.751828480181618075e-03
6.975771075371062224e-03
1.509360416623821699e-01
3.151424929880204839e+00
-3.775207773261072403e-02
-3.054369694589033346e-03
-1.846461818354676321e-03
4.590265905206309532e-02
1.953596900196198638e-01
1.965677779862030627e-01
-1.862157409016065579e-01
-1.070629652967272638e-02
-5.263938152526681513e-03
5.022372410057540648e-03
1.357847042512513036e-01
1.366211646443301897e-01
-1.938894552674500504e-01
-1.560117889364096011e-03
-6.743783088117502600e-04
-2.723160388019771339e-04
5.209849646674977880e-02
5.241361097317806528e-02
-3.372380290825913174e-02
-1.535365290392037146e-02
1.563724417616911555e-02
2.574832428406318569e-02
5.561018418426989796e-02
8.531238980528432769e-01
-7.293778219428947995e-02
-3.859220369745106072e-04
-1.433505622375486066e-04
4.473795012543274607e-04
3.359672263098188727e-02
3.439775158176545944e-02
-5.605175642443248341e-02
-8.798438779134692966e-05
-1.109310952168360287e-05
6.637597797094635377e-04
1.665917885335307241e-02
1.670448415351658000e-02
-4.295418438944469813e-02
-6.392885639510438589e-04
-1.752474529841188677e-04
-5.139160395261840875e-05
1.120968682581534315e-02
1.133359561001720181e-02
-4.521667301693025998e+00
-1.002246263730584896e+00
-2.958931622012537233e-01
-4.029219171549858203e-02
2.490989591147014792e-01
3.542696464353163321e-01
1.672820936595385000e+00
5.904511886063978032e+00
1.477203827614393106e+01
-5.419607817417977369e-01
-6.245437313306190230e-02
-9.024670523084532547e-03
1.246029088622480074e-03
4.040783782652601630e-03
4.259159532915750557e-01
8.374805448217386150e-01
1.951310467769692858e+00
3.389680682114157406e+00
-4.834624600878012490e-02
-3.683103200767334773e-02
-1.681144174868152291e-02
9.899591706937910240e-04
7.619594842778305843e-03
1.660745204172246053e-02
2.790836030019141351e-02
8.090102320262421154e-02
9.372829623439578040e-01
-5.355629904967672966e-02
-3.997130319927395814e-02
-1.785481632931670143e-02
1.110189427130474360e-03
5.800818532580374887e-03
1.859985156750078999e-02
2.639495727380399698e-02
7.185571234416998632e-02
9.348638572062487606e-01
-4.455895612653344884e+00
-1.642380706050451167e+00
-4.546311543192000926e-01
-2.344462971686098740e-01
4.909940164505854909e-03
6.389247625809346687e-02
2.564641931544269227e-01
4.262527279450143425e-01
6.540666594156228086e-01
2.808656762361247949e+00
6.237710364483518788e+00
9.387407653705944099e+00
-7.474318785032340040e-01
-2.742878308382992181e-01
-9.842564400184217188e-02
-7.310957710182053315e-02
6.944891465410774067e-03
9.937290225737838156e-02
3.286452901362849621e-01
4.255935019574451639e-01
6.290019849346989433e-01
6.890666690878778367e-01
1.608469698876687115e+00
2.279343661068592652e+00
-3.172762975110650641e-01
-2.676535412820330029e-01
-3.957609947501683489e-02
-3.325825949694027894e-02
7.981801484951422943e-03
4.322490066248779739e-02
2.514036300444069671e-01
3.470412889817259816e-01
4.377493110873575399e-01
5.237867625365684177e-01
7.189836594032967820e-01
9.811769492570918683e-01
-3.055691529532987838e-01
-2.085701928523075177e-01
-2.135898887066856044e-02
-8.438382668432498068e-03
9.361238004883531971e-03
6.238489000494951142e-02
2.000369954494178870e-01
3.389438387307170952e-01
4.320911870704541302e-01
4.749943976066246520e-01
5.693576432080317273e-01
9.524763450189629443e-01
-2.904566367162577101e-01
-1.981539611104531085e-01
-1.301006342841748431e-02
-8.975271863526756988e-03
1.355216691189814471e-02
8.268532702483349928e-02
1.539512397923327724e-01
2.816925110093656537e-01
3.293582274455636449e-01
4.426433506844834609e-01
5.418259519347852216e-01
9.497860011962258042e-01
-2.188812052626299132e-01
-1.708659678574678265e-01
-7.958757000774696611e-03
6.047139112711319431e-03
1.122192310682595950e-02
2.885386993855587612e-02
6.351431891987704970e-02
1.401322135866463758e-01
3.250514322179808291e-01
4.431571468055498508e-01
5.542346960841905146e-01
8.853924614270356486e-01
-2.227644951263954565e-01
-1.733798510973227347e-01
-4.947280620521632422e-02
2.064191131554232728e-03
4.984770924000736514e-03
1.259881167024839987e-02
3.950327833289873913e-02
8.617410869867520029e-02
3.233127038409062126e-01
4.270119771915328877e-01
5.629420259305994989e-01
8.744483323460134905e-01
