1.550344278593383438e+14
1.095830169318008750e+14
2.050576295918331250e+13
2.129076587658550938e+14
1.590724106409278750e+14
5.426569979115083594e+13
1.929283055631595625e+14
7.969067306990201562e+13
2.050179598293586719e+13
2.190599710119558125e+14
5.423712267858060938e+13
2.001308095228223047e+13
8.846521333801370312e+13
5.972961212782360156e+13
6.069679444969804688e+13
1.046866734435117500e+14
1.429185401595406445e+13
1.863743744209275000e+13
2.024793312049518359e+13
1.904675374242812109e+13
9.864533297696093750e+13
4.818921195522011719e+13
2.157729343018289844e+13
2.056100169745745312e+13
1.761043984098974609e+13
6.804097690625851562e+13
6.868536977137185156e+13
1.722299286157682422e+13
2.135796510932713281e+13
1.653222292077146289e+13
1.017412997696922188e+14
2.174902498151350000e+13
1.938463373102568750e+13
1.882773724741297656e+13
1.760455674655025000e+13
4.527102930116067188e+13
1.782939923551697266e+13
1.314689791796086133e+13
7.355922162994143555e+12
1.745674611219847070e+13
9.612793898699798438e+13
1.505827861734908984e+13
4.644182718481339844e+12
8.539340527889351562e+12
1.652085476302065234e+13
9.364856633410637500e+13
5.386903361394969531e+13
5.444219591980851562e+12
1.682233123385036328e+13
1.595753740553895703e+13
6.936416253000346094e+13
6.939149751663888281e+13
2.617797857712219922e+13
1.617570440044240430e+13
1.484567657575380859e+13
9.619285835174442188e+13
1.317001577325602148e+13
1.595995052210008398e+13
1.621178205041993750e+13
1.566896797758475586e+13
5.485220801513346094e+13
2.599486180051912598e+12
5.598872545299794922e+12
1.263730496478472266e+13
1.659801143080498438e+13
9.535733444892548438e+13
1.619606174711019336e+13
3.164320141573586426e+12
2.483472295005829102e+12
8.725323594957520508e+12
9.094661934289392188e+13
4.603150181865134375e+13
1.015468765787121875e+13
7.736756623638536133e+12
8.731365851204038086e+12
5.880543515336941406e+13
5.880543621723242969e+13
2.175173342322939062e+13
7.590222865784300781e+12
8.513826669101444336e+12
9.410940644282403125e+13
5.391348198874935547e+12
7.217245072881610352e+12
8.135642431967214844e+12
8.718926269981234375e+12
4.434740377031953125e+13
6.313563834603582031e+12
3.867218609961733398e+12
2.786747263042479980e+12
8.692430860957119141e+12
1.072354359604472656e+14
9.497689224232292969e+12
9.468934724608585938e+12
8.257605496394548828e+12
1.916420589458395312e+13
1.087312369162964219e+14
5.057735732143151562e+13
1.280928900927058789e+13
1.980101989166094922e+13
1.832640935646773047e+13
7.028507839999313281e+13
6.970696954066010156e+13
2.198455382546616016e+13
2.004503886256382031e+13
1.745451765184397852e+13
1.061455833605461406e+14
1.675552156311589062e+13
1.869573769012600000e+13
1.726884101792471484e+13
1.695442083251481250e+13
5.158740109330763281e+13
1.339958869298161328e+13
2.140279242751057422e+13
1.452124820143875195e+13
1.930591782738268750e+13
9.273755633424554688e+13
2.640967060226622266e+13
3.028814574471047266e+13
3.019899721903940234e+13
2.640149909933623828e+13
9.730531371879431250e+13
3.898126049863032031e+13
3.053052355127136719e+13
2.901888801518138281e+13
2.445553931067763672e+13
4.092120637018976562e+13
4.277051459071335938e+13
2.054756443012723438e+13
2.909834634929593750e+13
2.351401083490041016e+13
9.410747838007489062e+13
3.037420547201649219e+13
2.899697942368706250e+13
2.768860261354629297e+13
2.463202656716771875e+13
4.099869899358350781e+13
2.953297971595747656e+13
2.883009925060744922e+13
2.925708834167044531e+13
2.643161964601433594e+13
6.354787436826012500e+14
2.223771959680772812e+14
1.987457157727535000e+14
1.992606270356190312e+14
6.558310027696505000e+14
3.036116507921110000e+14
2.169850967964745000e+14
1.646478840548199062e+14
5.148690728558341250e+14
5.242403833412130000e+14
2.663918614752670312e+14
1.697591525628315625e+14
5.167484154867315625e+14
1.973428215315984688e+14
2.048935324657497500e+14
1.715587083781528125e+14
2.879618520339172500e+14
2.056229594383179375e+14
1.896812402219945625e+14
1.773035131087237500e+14
7.257410892558510000e+14
4.180058830701426875e+14
3.777001442667718750e+14
3.539614240105008750e+14
7.107043149651125000e+14
5.442464730407036250e+14
3.916406615652726250e+14
3.445542057768238125e+14
7.893999805886430000e+14
7.955001951880775000e+14
4.303128895648491875e+14
3.352839173553148750e+14
7.153996145480457500e+14
3.469391449596594375e+14
3.529332785502720625e+14
3.392204561902276250e+14
4.113177780719033750e+14
3.752285331184067500e+14
3.530444010767937500e+14
3.454498208590783125e+14
