1.652169161060081875e+14
4.894919911361337500e+13
3.889485687710357812e+13
1.661414317650062109e+13
6.739202918324839844e+13
1.451520582185715820e+13
2.137448737970479297e+13
1.873386947368077734e+13
1.645056747607572070e+13
5.827327729851892188e+13
1.986853172026646875e+13
1.695132004179397852e+13
4.900626913152325000e+13
2.523640320455852734e+13
1.683236831033941797e+13
8.659875094330776367e+12
8.386609764279167969e+12
9.515271638086283203e+12
2.026120455168750781e+13
2.882593626852373828e+13
2.940333645285950391e+13
2.835735114294900391e+13
2.724169372545488281e+13
2.321297489558984375e+13
6.747797474030630000e+14
4.951473003402800625e+14
2.351713838652205000e+14
1.617591281134095312e+14
4.472791109773510625e+14
3.517342094897495000e+14
3.457303966947301250e+14
3.492435787944396875e+14
1.679371166868797812e+14
5.052028880635385742e+12
2.815709937400096875e+13
2.275959093771556641e+13
1.646794105941854492e+13
5.533805484366799219e+13
3.830952677532064062e+13
9.638709329650039062e+12
7.681539269161666992e+12
1.661528870535688281e+13
4.803172550326302734e+12
6.976898051235297852e+12
8.487066561718026367e+12
8.926878405316296875e+12
1.077719867705770938e+14
1.561632724061348438e+13
1.064454522226130859e+13
1.653370025378693945e+13
1.970133292524444141e+13
1.789186338470342188e+13
1.995386454736301953e+13
3.035498958224239062e+13
3.000782572530192188e+13
2.360514358888686328e+13
8.338966974026775000e+14
4.850181771701370000e+14
2.328014891171185625e+14
1.975595615074672812e+14
1.633131665763312500e+14
3.767026479861058125e+14
3.484949776944210625e+14
3.479373881957301875e+14
3.599325613365436250e+14
1.140812809486275312e+14
1.447762818898685156e+13
1.363717581306046250e+14
1.030117580759514375e+14
1.663897835251509570e+13
1.774899435280902344e+13
1.711500347514034961e+13
1.683201079619798242e+13
4.205066551892281250e+13
1.051492039532982812e+13
1.674159800644214453e+13
1.589717030168686328e+13
1.015821553561621562e+14
6.924985905049931250e+13
6.844025847190462891e+12
8.057411836095599609e+12
7.633667531239475000e+13
9.969355748263248047e+12
1.211511184223071289e+13
1.740361215914517383e+13
9.625547925678673438e+13
7.303390884322821875e+13
1.065701900918174023e+13
2.381432390973219531e+13
6.470069507919935000e+14
4.812457843794045000e+14
1.518572420070067500e+14
1.842062682306003125e+14
1.021484063603751500e+15
4.440881977425789375e+14
3.479876510010514375e+14
1.386855519202816719e+14
2.232725129152602344e+13
1.754583180952730664e+13
1.641314244790981055e+13
8.934892437088296875e+13
7.167471557290023438e+13
2.877082462108553125e+13
1.942475112921600781e+13
4.329329797049137695e+12
1.500949212030963672e+13
1.631069701960616211e+13
8.868923889166450000e+13
1.643056719914745508e+13
8.752511426847579102e+12
4.920544373294807617e+12
2.000010693784142578e+13
1.972692984823530859e+13
1.933385148043351172e+13
5.995303924750516406e+13
1.743177944929876953e+13
2.989960110881982812e+13
2.676627436323817969e+13
2.552263277206489844e+13
7.444395308054456250e+14
1.858149223911700000e+14
1.740233228418233750e+14
1.580089899473853125e+14
1.481510145995833750e+14
4.805123635435573125e+14
4.460337823261410000e+14
3.600198117422896250e+14
3.494066033227933125e+14
1.646122704751142812e+14
1.569764945916339062e+13
2.008917990224479297e+13
2.263753654592422656e+13
1.610642471066849805e+13
9.583740257487551562e+13
4.253488252875378906e+13
1.267692274665939844e+13
1.680175453664332422e+13
1.584782081394191992e+13
8.885933683815056250e+13
3.193529041175345703e+13
2.319755195119254395e+12
7.403691446949146875e+13
9.261248361405705078e+12
1.784458152946753125e+13
1.832087672303628125e+13
1.063384813984019844e+14
3.017921422110098047e+13
2.648139537626182812e+13
2.315716912398566406e+13
7.235383531363991250e+14
4.456998466735598750e+14
1.578231481345680312e+14
1.617341729261434688e+14
9.446349339652105000e+14
4.766974167432098125e+14
3.793490091236376250e+14
3.762588114813560000e+14
4.095602841908900625e+14
3.554765600430240000e+14
3.473242555435761875e+14
