1.437378087754623279e-01
1.011417175906312721e-01
1.117921871490458186e-01
0.000000000000000000e+00
7.472702573962362871e-02
4.090143504711459335e-03
6.036901712598262477e-09
7.068263672915525361e-03
4.091744627403291236e-03
3.721037709752170620e-03
6.626564410151577350e-03
6.234574272659464990e-03
4.196172813769825580e-03
3.486742144349976123e-03
1.859823550718833632e-03
2.129362149801059673e-03
6.475810241303549437e-03
5.372738044562291523e-03
1.774971920014639529e-03
5.370037473130592244e-03
7.128445783283609595e-03
4.100394700082607598e-03
1.267652156497817706e-01
1.773465016231134169e-03
8.226453802650862332e-03
2.314620175256067343e-03
2.172978697411873800e-03
5.050478787178797578e-03
1.557092239421063035e-02
3.498712203539938986e-03
2.353281619959382478e-03
3.727089900863599266e-03
2.520648750512720082e-01
7.346328777595959036e-03
3.796672790610786542e-03
0.000000000000000000e+00
1.359816895874680319e-02
6.060832506993405096e-03
5.631711492798574699e-03
6.270164087543082972e-03
8.770101931599419767e-03
1.192245697938152521e-02
2.840644766556375475e-03
5.119252099542858682e-03
