1.212123471816566392e-02
1.183214349968977029e-02
6.621582555405007564e-02
1.406378129842010029e-02
8.748548180882610844e-04
5.722974414923530893e-03
2.940362924542704705e-12
8.262831009808718069e-04
3.786751825927543139e-04
6.341842208976979046e-04
4.246153487596298856e-04
3.830793579086418338e-04
4.596400312989331553e-04
1.695845843313113430e-03
2.807185771190250458e-04
2.398167967282123172e-05
2.648743280768934096e-04
4.459712538575244956e-04
2.353372563997860938e-05
2.608336262146891270e-04
2.628606631174451374e-04
4.342303891007635668e-04
2.455729863751226387e-04
3.336618426788160331e-03
6.140104836761899585e-05
1.532029568648685287e-03
9.327897970789823454e-03
3.414357616961647595e-04
5.423807962980469778e-03
1.703521589282130412e-03
3.214621601397913211e-03
4.695339089480939782e-03
3.541945882505012112e-03
4.729945787892330853e-04
9.134496141278287658e-04
0.000000000000000000e+00
7.731222341687022260e-04
2.439169012166205602e-02
2.091960761426707826e-05
1.550803370658666858e-02
1.953165096404670901e-03
3.297795279916592576e-03
3.488149476327227945e-03
5.336652769883103338e-03
1.389140099267371399e-02
7.060889750986900585e-04
5.947509769618276355e-04
1.273968860054356560e-04
9.288791611005082702e-03
4.397278171371578510e-03
2.839872109889269355e-04
1.071348980480112210e-04
2.621725729893461523e-04
1.226673419888044863e-04
6.713695527459430943e-04
8.948680248536853513e-04
3.680803783061060319e-05
1.351134202690351682e-04
3.197336154681199331e-04
6.851439269361588068e-05
1.335815281968337855e-04
2.175413653898617826e-04
5.068013254194472230e-04
4.967945477709631091e-07
5.360781721711554244e-04
1.443003858738581594e-04
1.445592769272322683e-06
2.861101223826468328e-04
1.102267017082018372e-04
1.110386889807622388e-02
8.182198647640621589e-03
6.294187896317159081e-03
1.761257335755974165e-02
6.002446518064953329e-01
4.373415103832544305e-04
0.000000000000000000e+00
0.000000000000000000e+00
2.335601234091802341e-04
6.029351487701628282e-04
1.763236767882730332e-03
7.882886396763115933e-05
5.892464328170281783e-04
8.387398840884619650e-03
4.776077596011666336e-03
7.708653360515296208e-04
0.000000000000000000e+00
4.342468448842125078e-04
4.606666959997037306e-03
1.473898890534966152e-04
2.622331271960731268e-04
3.097426368062027729e-02
3.248107714934509675e-04
7.317032466064116126e-04
1.171670141390309490e-03
6.678486013339131311e-05
3.696214735497290425e-03
1.967550474177898103e-03
1.594595054817443854e-04
1.526920167188029179e-04
5.129382411411326703e-04
3.413196799578816962e-04
2.763395672013741508e-04
5.068440094928128303e-03
3.292408547409656264e-04
1.584186092506096113e-04
1.644288981202247967e-03
5.889299433411335867e-04
3.070758090123252432e-03
2.783936058400966122e-04
4.464084341873254423e-04
3.542681218000975560e-03
7.888535858077555529e-03
4.675093205565466516e-03
3.379691790224408684e-03
1.573167235297670335e-04
7.350720186352874578e-04
3.618521929893185433e-03
0.000000000000000000e+00
1.267648537376756825e-04
5.851132835349642314e-04
0.000000000000000000e+00
2.128447736092101226e-04
6.429126714126540305e-03
3.734834781945414045e-03
3.510453266197822216e-03
1.860851323417853868e-03
