1.382839199408232300e-01
1.058803117589468407e-01
1.134962139421883121e-01
0.000000000000000000e+00
5.633008046809610120e-02
2.681759983367794017e-03
3.997374632906549354e-08
4.623990473943552504e-03
1.499474285977779424e-03
1.620810513651406871e-03
2.901879710464781194e-03
2.329289189539077154e-03
1.634484841569793304e-03
1.482450858542111059e-03
2.027169279185506417e-03
1.482246457355381646e-03
4.807707747572649223e-03
5.225547267432024967e-03
2.413871703864797335e-03
2.954110460747319013e-03
4.977080010554294463e-03
8.643599376151739604e-04
1.235434176478362733e-01
2.107650255193227202e-03
2.577696251973527093e-03
5.753408231423999541e-02
1.255112839322054851e-03
4.687189199795242442e-03
7.002049377777753297e-03
2.192170846892370264e-03
5.255178510649617532e-04
3.115018733520494992e-03
3.111609281208235211e-01
1.785381264398542720e-03
4.753810257287306718e-03
0.000000000000000000e+00
1.710143824626804030e-03
2.223445601261381504e-03
2.012733785824423385e-03
4.492962842413350533e-03
2.290715582839871443e-03
1.830625998698218529e-03
2.774937505539025462e-03
2.907611093487392356e-03
