7.803176162846119090e-02
2.434985591153242535e-01
6.345880962044682383e-02
0.000000000000000000e+00
2.277807521828432644e-02
1.603543141822757687e-02
4.633007156628203037e-09
3.952345600832590095e-02
6.916050590962170841e-02
2.724987332425627719e-03
2.437760809257203103e-03
1.133099483919354153e-02
1.438343665041324658e-03
5.337566856517973919e-03
4.587741662409240521e-03
2.150913381799295782e-02
1.067816091433503728e-02
6.267456546950943112e-03
2.437449775860132950e-02
6.099370100767817493e-03
6.236757032100100247e-03
9.320501484529456621e-03
4.175531274033169107e-03
1.534891482841400576e-03
2.784009302785251782e-03
1.334047942722374870e-03
5.063431071863096385e-03
3.528776286044890860e-03
4.868461581379534935e-03
5.586989688315657614e-03
2.560782157170897553e-03
5.668655740587827917e-03
2.249295392603832822e-01
5.707739964901875282e-03
4.440355409399407600e-03
0.000000000000000000e+00
3.187309132897722923e-03
9.809794145199866172e-03
2.331712612485901948e-02
1.344043969917565681e-02
5.452740388873718140e-03
1.265110553372343627e-02
4.304832721149136690e-03
1.082356471987150348e-02
