1.322908885273663959e-01
1.041829689035072282e-01
9.340562779443258024e-02
0.000000000000000000e+00
4.543866337458479093e-02
4.124751945118688458e-03
1.574736852276996814e-07
2.178342073629050898e-02
3.220452268167707608e-03
2.340895363923047728e-02
3.469487058087980004e-03
1.682449784609774644e-03
1.905913735728812907e-03
9.584562451041655010e-03
1.642480283171237742e-03
3.004003419219673180e-03
2.575793139482890782e-03
1.559059491857973413e-03
2.603598064930679693e-03
3.105262460681331750e-03
2.450954183775310921e-03
2.714952904548204645e-03
1.048880943445201913e-01
2.428363826824547420e-03
1.874839744927648752e-03
3.589449715017450828e-03
3.034704513736184283e-03
1.468489078500316396e-02
2.687670910256526480e-03
4.537625164021635675e-03
1.637873083736314734e-03
3.738397732069664078e-03
2.915206455510957473e-01
3.936966859080572381e-03
3.077740958679516230e-03
0.000000000000000000e+00
8.767798400910421439e-03
1.263917552115572870e-02
1.815674528430865839e-02
6.859642941999145350e-03
7.031891445804470779e-03
5.747037783334753812e-03
9.090019600885951637e-03
2.591602419311268835e-02
