2.109672149390174334e-01
1.229571276072480984e-01
5.719721467499579159e-02
0.000000000000000000e+00
2.050627245253139677e-02
1.042487405383574033e-02
1.255082083671844165e-07
3.760849643978821100e-02
2.342658667466266352e-03
1.186060184489603131e-03
2.063805549905574788e-03
7.279107897160595753e-03
7.303643489017994789e-03
1.793672978532196522e-03
7.024575049250628665e-03
1.053730910469979692e-03
1.391991796997046546e-02
1.299111703138352376e-03
4.446943707664792944e-04
1.512820718658030618e-02
2.068236915948092752e-03
5.450986791745762380e-03
1.811764288908314022e-02
5.755252411489153062e-04
1.631191496808715412e-03
1.656584393803091013e-02
3.728118555882975384e-03
1.262130261429155430e-02
3.146285485209749516e-03
1.432613535829737900e-03
1.134349355712874902e-02
2.670835976345078445e-03
3.464664372852936935e-01
2.030188598658006893e-03
1.874793370185242952e-03
0.000000000000000000e+00
4.925282121203283965e-03
7.003763754015456498e-03
4.687720641489876230e-03
1.511617557495859628e-03
9.753273721342256564e-03
6.559400194129134595e-03
5.978329580380788676e-03
9.356604545979523013e-03
