7.129167324713157061e-01
9.244795398587807300e-01
7.188340658580776310e-01
7.547553634876669193e-01
7.716226598655434588e-01
6.368179477898314733e-01
7.443946690524814169e-01
5.552062773207409041e-01
6.886539331605701086e-01
6.518281513037205155e-01
7.006233641579373561e-01
9.260289715154963464e-01
7.528212283358486356e-01
7.644571622858677973e-01
7.638213771442780020e-01
6.544929200651821155e-01
7.460148796554474382e-01
5.594922666761157348e-01
6.721937246869424953e-01
6.765413419675141427e-01
7.105497052972971073e-01
9.251544619840339490e-01
7.408246627108214799e-01
7.626142989986857135e-01
7.653212692032037578e-01
6.710242362638150215e-01
7.407649658253041558e-01
5.568764977424682794e-01
6.911831082318509178e-01
6.945333032086983271e-01
7.158471448223115985e-01
9.256846748471724284e-01
7.526999051745846270e-01
7.584523238591076577e-01
7.694963498154256953e-01
6.531084196522811691e-01
7.392677029713068393e-01
5.558196788760441098e-01
6.909145978824049461e-01
7.009781604508715791e-01
7.296526233143924012e-01
9.250286265088746296e-01
7.395000984443182990e-01
7.600097217674995909e-01
7.708127125720196648e-01
6.489946726371822461e-01
7.388264180648367319e-01
5.499611429278137287e-01
6.972211640588626969e-01
7.026915151626014211e-01
7.240539879315353033e-01
9.242353807682381905e-01
7.407466018913808625e-01
7.587080241603070263e-01
7.755638547300687247e-01
6.532511909033678066e-01
7.400647369565760414e-01
5.473184885616950712e-01
6.958889943578010495e-01
7.056685724275404414e-01
7.239452551530114466e-01
9.235400294185843739e-01
7.468945230587422657e-01
7.570595337459922192e-01
7.757931905261450378e-01
6.557576800438960074e-01
7.389207096216010573e-01
5.483944707710333155e-01
6.951816362388307802e-01
6.971493739505781884e-01
