5.714734705907856815e-01
3.900774047656534460e-01
-3.917012028371615884e-01
4.465371375726849834e-01
2.567785400141714414e-01
3.978131063496820330e-01
7.644026748313217379e-01
3.596335850472975881e-01
-1.284479067934505281e-01
5.368616988894931996e-01
5.756797442003870335e-01
3.989349909326097565e-01
-3.788093064596629311e-01
4.842036319254916510e-01
2.583494359408696761e-01
4.943405209259341682e-01
7.574788265848557689e-01
3.315336805961575095e-01
-1.097158613487467793e-01
5.055877665037572521e-01
5.770894839809546095e-01
3.991434091154513197e-01
-3.939287250918577232e-01
4.661622769341098316e-01
2.517476269683011081e-01
4.870662859662143740e-01
7.430782914732034783e-01
3.561377357129617005e-01
-1.380797757265959103e-01
5.026260581569210739e-01
5.711946897996507122e-01
3.984075741406936100e-01
-3.723062102717991095e-01
4.534566075635966254e-01
2.429359670697985862e-01
4.686617099244755336e-01
7.351849542804579363e-01
3.562380828553393108e-01
-1.142321636081218283e-01
5.103435023631816003e-01
5.762886150770500926e-01
3.904849819310125536e-01
-3.641077052568872929e-01
4.638167210009792596e-01
2.457808811756729828e-01
4.795352998092152763e-01
7.340803399334249191e-01
3.655265367452928960e-01
-1.201579042951721465e-01
5.157602531737004448e-01
5.760274688120015085e-01
3.903067027925788413e-01
-3.650210243205522787e-01
4.611195206996424600e-01
2.485012960358826684e-01
4.875072146276666629e-01
7.396971119286090968e-01
3.508075828649895866e-01
-1.075343924314271504e-01
5.283647606503721894e-01
5.723964212312142585e-01
3.892427765747461521e-01
-3.514742311780461037e-01
4.551627199388699196e-01
2.491756978040229331e-01
4.918958811128445463e-01
7.354397445690936674e-01
3.507793636086679046e-01
-1.036124899427588453e-01
5.309670779372130944e-01
