-9.793091490103776608e-02
-9.751560306135222123e-02
-1.862478001477943512e-03
1.281703329105904343e-03
1.694691561877612052e-03
9.916644332595498934e-01
-3.588139286388772678e-03
-1.951352412074433985e-03
-1.534878782495013600e-03
-1.519712230074892617e-03
9.723474220363768211e-03
5.541233234880038605e-01
-1.705719876937030269e-02
-2.140932258686556455e-04
-1.812076142049916239e-04
5.275321682627724662e-04
6.228548648355870798e-02
6.248476710962272418e-02
-4.748191155443549638e-01
-4.747035073578682596e-01
-1.689654105203626799e-01
-4.060793096129805546e-02
-3.997718424434920648e-02
2.172305764756893520e+00
-1.563648568931357008e-01
-1.558014358208134886e-01
-2.841045325105215347e-02
-3.571019838072619912e-03
-2.858327835474627765e-03
1.036513291385212643e+00
-1.826669905188992027e-02
-1.080927409670626171e-04
-5.404636791718139821e-05
1.807530923108048235e-02
1.823744834682248031e-02
1.455248712155368940e-01
-3.100915121359096305e-01
-3.047091430849186988e-01
-9.710159425179481357e-03
-4.327790324512741094e-03
1.863402209525517189e-02
1.852249664275269048e+00
-2.708289928393173979e-03
1.121227619386761746e-03
1.508449734090075867e-03
4.674488714317939775e-02
4.809576457695834140e-02
3.170601745221131584e-01
-1.763748410139520315e-02
-5.275348723082167563e-05
5.978435075094491269e-05
1.065142046494659293e-04
5.853250866891603066e-02
5.857923857230958042e-02
-4.185720548878852365e-01
-4.184463875516689635e-01
2.722749837047427901e-02
5.469035613956818587e-02
5.481602321649043513e-02
2.016590885353681362e+00
-6.494560278240717925e-04
-7.890335667273329964e-05
6.029330594411063185e-03
6.279287227043132968e-02
6.291526395630805957e-02
1.187932421113468001e-01
-1.626590058944572467e-02
-5.802854763213328992e-04
-4.257347271389537446e-04
-2.359156566812681266e-05
5.941103536030343385e-02
5.942659142760409186e-02
-1.052655992382698150e-02
-1.595062388073954437e-03
-1.176361351285395637e-03
3.340811455282600984e-02
3.347661308411694486e-02
3.301964433802433430e-01
-1.511314281731592109e-02
-1.491522758659902595e-03
-1.065157743115425701e-03
5.378144703784803332e-02
5.542904383915956551e-02
1.714984095140838771e-01
-4.850343150174952892e-04
5.288776594918687471e-04
8.017267263946651224e-04
1.091415877997268299e-03
4.332330308422887438e-02
1.711933422035704366e-01
-5.891466902277547879e-01
-5.873884303355487724e-01
-1.728939060334566680e-02
2.379648981727389145e-02
2.584733270284678142e-02
6.629324339680522371e+00
-1.213070130575059358e-01
-1.789856901605625314e-02
4.633581613605796713e-03
5.081088064142745900e-03
2.106665451535448541e-01
2.115020331009338506e-01
-3.122001098957950527e-01
-5.595940710170277388e-03
-1.515241545298806614e-03
3.731012028993146989e-03
1.324415851617888884e-01
1.327344013008176782e-01
-3.078964604320907905e-01
-3.477240185204704152e-04
2.089589210174226316e-03
2.667551526083752726e-03
1.148362119742528387e-01
1.198378351511013573e-01
-2.094397837448741528e-01
-2.658514278811842380e-03
-1.240093173402900817e-03
1.774075285337260721e-03
5.040889613474044961e-02
5.423520003801138301e-02
-6.035626871277833816e-01
-6.031188092666308620e-01
-3.398175882464413156e-02
-3.241750825312320061e-02
1.808850764667345457e-01
6.699378968299784631e+00
-1.896192918960399806e-02
-1.520805719645969278e-02
1.265061128934375223e-01
1.272116720355842556e-01
1.437819721845383369e-01
1.635826174431503022e+00
-2.766495252601061661e-01
-4.886508089289254286e-03
-2.031069225033543812e-03
2.995444798893853733e-03
1.774223725154552567e-01
1.828397594117477654e-01
-2.769965853099369268e-01
3.438490462326013186e-03
3.591304733715550146e-03
4.768752200441941924e-03
7.546920294504118332e-02
7.590154197274665004e-02
-1.781162593130314054e-01
-4.854860218082075740e-03
3.711194608207282514e-04
8.118574409815332207e-04
4.121301418527492655e-02
4.181136828670282274e-02
-5.578611806278233054e-02
3.081197388212393584e-03
4.517461761131456865e-03
1.693964775226964453e-02
1.867435631958645065e-02
2.835036720763921547e+00
-1.716216271295973803e-02
-7.865463967537261736e-06
2.379115357950937343e-03
1.330983890561463628e-02
1.366517976739107382e-02
2.899919057269308542e+00
-1.698763473615819489e-02
-9.659958865604785505e-04
-3.410036749906704412e-04
4.207300231334001883e-02
2.265250476986089001e-01
2.271500899334257806e-01
-2.719471013072767840e-01
-3.588748969394470190e-03
-2.396257837944296143e-03
3.767472200140217775e-03
7.968588885931539301e-02
8.171475207916091554e-02
-1.588777660410140291e-01
-2.946769601232593350e-04
-1.043517576879843256e-04
2.310763663202524548e-03
3.274314658111853599e-02
3.340819186283738862e-02
-6.056975691433216236e-01
-6.021968337297963769e-01
-4.680591189591084000e-01
5.633149538694592895e-02
5.747640226572681144e-02
7.006286013372881705e+00
-3.048056573709841399e-01
-1.026894020588929590e-02
4.604700301292482048e-03
5.534466354072919460e-03
1.226522335794700685e-01
1.226889618943730331e-01
-3.050861765755097377e-01
1.912294627372579381e-03
4.173111712318378075e-03
6.124141886687195502e-03
8.055859597075429313e-02
8.358686076537855114e-02
-2.744922008479843134e-01
-8.942651232621209867e-03
2.485178516717057376e-03
3.370252482705554144e-03
6.681006270132174019e-02
6.970048567352903068e-02
-1.769451756196030179e-01
-1.199740782092978408e-03
-3.662536162037724474e-04
2.014560381050772842e-05
4.196706173329598638e-02
4.238217013179320508e-02
-2.302877730908341539e-02
-1.890179648412306304e-02
1.002868874879191269e-01
1.261345097392052306e-01
1.339737395561954869e-01
1.566072709377883454e+00
-2.026646983536424251e-01
-2.801133833044744392e-02
-1.315102857817052051e-04
3.880172757690147911e-03
1.378250837025488673e-01
1.428495381346339410e-01
-1.123828171247979180e-01
-4.043155300199630098e-02
-5.711170922855141052e-03
-2.787718861266968995e-03
1.251605302538389419e-01
1.295408827360783055e-01
-1.378431365803756969e-01
-2.885687785841259401e-02
-4.179030101504443984e-03
-2.513286965047503707e-03
1.083222662368236999e-01
1.086951479625178490e-01
-2.134853807775325407e-01
-2.244772382429559288e-03
-1.859468354928207889e-03
6.207833585526595366e-04
5.147569980180801558e-02
5.290391295552988871e-02
-7.936689143232230625e-01
-7.936688628558611347e-01
-3.361758282375865853e-02
-3.361751640480240000e-02
5.587418382428510633e-02
6.389127366638061467e+00
-1.759915625059408142e-02
-1.142691628847170016e-03
-5.666472474062274334e-04
1.253820888921095555e-01
1.256528651412903153e-01
1.885395000497803730e-01
-7.107944679130068222e-02
-2.337123506578683840e-02
-4.954162696517494524e-03
-4.582539182510850240e-03
1.108971438666531556e-01
1.113364353377976068e-01
-1.461547273827354387e-01
-9.253723498993532415e-03
-4.012779974684868578e-03
-3.057866205631865064e-03
1.086246393113737968e-01
1.094279846310068777e-01
-1.843800429720751644e-01
-1.516356629115145349e-06
2.852004924349740844e-04
5.186738807268567730e-04
4.880378592077597860e-02
4.984448006710021778e-02
-7.401971194104246532e-01
-7.401970714284192843e-01
-3.019814577128467417e-02
-3.019809478593977331e-02
1.378979231919491011e-01
6.346796712478829150e+00
-8.105177003016511561e-02
-4.943854098394365876e-02
-4.891425936452507145e-02
1.318308340684543056e-02
1.363312268286259732e-02
1.937663408125590792e+00
-1.039017891168234628e-03
-7.077817835544925485e-04
2.944229527217989782e-03
1.062251446955595792e-02
1.302032951820367990e-01
1.305093885842457668e-01
-1.943168689916025538e-01
-4.674688829809925394e-04
-1.679669945682527032e-04
4.034722120762057607e-04
7.005306212623263473e-02
7.174936214884289343e-02
-1.699227973144393500e-01
-1.036014380322421158e-03
-2.577098435448399449e-04
3.306534690685064559e-04
4.117838377134055289e-02
4.216904291756405632e-02
-2.263814153579719601e-01
-2.261604784718772854e-01
-4.347269467828593532e-03
-3.838163636850170160e-03
2.858876206903872286e-02
3.167948326720144703e+00
-2.280529192347649781e-01
-2.279089225870218338e-01
-3.549630778576970489e-03
-3.405457777088409868e-03
3.880904821973686636e-02
3.178168613375036422e+00
-7.968521028018909352e-03
-1.104687309840714747e-03
-1.244556205807160337e-04
1.095351858890623031e-01
1.104225023999922950e-01
4.264892023570511781e-01
-1.812133195734591529e-01
-1.277490243963486094e-02
-2.439868557727389864e-03
9.108791563811058367e-04
7.254407920464701898e-02
7.368540678446008907e-02
-1.452001600457042962e-01
-8.544102120720306615e-03
2.724963291030127466e-04
1.043539826655337510e-03
3.200464004974781090e-02
3.249677085991849873e-02
-7.686427208195230065e-01
-7.686426770573339118e-01
-8.926425165526985506e-02
4.996675312394292107e-02
4.996680188007003587e-02
6.392229146662811168e+00
-1.712432608445638160e-01
5.806657321605901423e-04
1.921856974033561705e-03
1.154686561540858858e-02
1.111560193623378906e-01
1.119177852362910341e-01
-1.646585347332564508e-01
-2.372614254567501774e-02
1.215458058912143383e-03
2.505412393832925737e-03
6.260626978275843357e-02
6.320160701809532378e-02
-1.715777310723447246e-01
-1.659748447510401431e-02
2.643212789256669387e-03
3.680345118589762807e-03
4.819481421322818759e-02
5.043181327670773206e-02
-1.752454939916829324e-01
-1.501080531737031265e-03
-1.088018046876582101e-03
5.278486506570992387e-03
4.182294469602981790e-02
4.192326844902891092e-02
-5.182288022372139730e-02
-4.856609129461147978e-02
-4.836398049421893747e-02
4.325145937592020373e-03
5.087945798966174438e-03
1.849091098409659129e+00
-5.911945350347996841e-02
-1.060654990215784133e-02
-7.987753953255447015e-03
-5.542971921081177311e-03
1.141447856412303313e-01
1.150903861290785146e-01
-1.196224168588328057e-01
-9.107622762284342532e-03
-6.245718139821609949e-03
-6.125055624288291978e-03
1.012059653739314363e-01
1.032186535346291817e-01
-1.621814400145114021e-01
-3.511663566439541043e-03
7.632081085893536836e-04
1.396969382612479969e-03
7.985005295317164353e-02
8.089176636057748837e-02
-1.855166342921179823e-01
-4.411650473623504598e-04
-2.214841872149458935e-04
2.165686188143681190e-04
5.033236858447324297e-02
5.079097050707455374e-02
-8.455795689596607989e-01
-8.455795689441748531e-01
1.482548117989112169e-03
1.482550169288714137e-03
1.406021229751862611e-01
6.325291821242731594e+00
-1.714976713400992361e-03
-9.402748709790015444e-04
-4.361094333124619291e-04
1.958090910754395689e-02
2.016595084609069249e-02
2.136512374833910710e-01
-9.359484138334463188e-03
2.110449744089568092e-04
5.071079360260636465e-04
2.479518221752149282e-02
2.507032349227006351e-02
4.447429855444109265e-02
-4.892489299646296357e-03
1.783639234741144983e-03
1.889395899832482274e-03
8.811135397428688371e-03
2.442356167489983729e-02
2.444984563141083117e-02
-6.047963999876297680e-02
-2.330078395466568530e-03
5.773181907196937857e-04
9.951389210645523314e-04
1.504552350344903061e-02
1.511998675999608362e-02
-9.454234274403857663e-01
-9.454234274337318666e-01
-5.241574983845720404e-02
9.154291830112788741e-02
9.154292070495342881e-02
6.455604560489189403e+00
-1.264387038869634605e-01
-1.263920486413480926e-01
-2.922107635842226270e-03
-2.875452405748793634e-03
3.759769912128156644e-02
1.329337723369961033e+00
-8.480970974863104306e-03
3.102465937726960749e-04
4.957461614099756969e-04
2.254286444337132850e-02
2.264469811554067902e-02
1.042516484661021592e-01
-4.526787434417256506e-02
2.976336937972334784e-06
2.029766193989875067e-04
1.554163658570195672e-03
2.172063586454241885e-02
2.194986622472345703e-02
-6.116078876663222363e-02
-7.879190802054132636e-04
6.536957811105297000e-05
1.989681148589945991e-04
1.318871538587231343e-02
1.331456327599544673e-02
-3.206802852372973578e-01
-3.168269956399804022e-01
-3.853296886919432840e-03
-5.424103408903486799e-06
5.431418578425294022e-06
2.766291323449023842e+00
-3.206802852375488788e-01
-3.187536404361214215e-01
-1.926659839708522171e-03
-5.375552347143256856e-06
5.390616166050215594e-06
2.766291323449555861e+00
-6.021080231983781846e-03
-5.818675098615563347e-03
-4.251237293627064227e-03
-4.023069832398967240e-03
-5.827167940490197290e-04
3.673986065233388887e-01
-4.201418472315533725e-02
9.172819139598220649e-05
9.265858467378923458e-05
9.232055733476816906e-04
2.106985657021049133e-02
2.129341998252781698e-02
-5.681066542299900712e-02
-1.015462296066423076e-03
-3.504490904842096077e-04
-1.333795423448524975e-05
9.558507697571282796e-03
9.857098699212779591e-03
-8.269759106972074392e-01
-8.260125882486010207e-01
-2.875599828863716345e-01
-3.765141046334619102e-02
-3.668808831484471344e-02
6.502633407318396230e+00
-1.231735795586730905e-03
1.636416561373772467e-04
2.266380892791768596e-04
1.935047789658541142e-02
2.663484840922348412e-02
2.670213440402820215e-02
-3.743077343128857482e-02
7.099552883494363031e-04
1.282753432359357709e-03
1.572757560510836677e-03
1.963071166364938752e-02
1.976451025708653164e-02
-5.305689124579793942e-02
2.595171922428994582e-04
7.798895501208644165e-04
8.356991445849122624e-04
1.671629695251530476e-02
1.711812915066749513e-02
-6.155887823678102971e-02
-8.324613473749877673e-04
4.328685077946078930e-05
3.346634676870893776e-04
1.279100582920726821e-02
1.287831887714907704e-02
-1.481993633714800973e-01
-1.481472257375724966e-01
-3.397133093226602230e-02
-1.010522277149721905e-02
-1.005308502815136298e-02
1.469502629890307110e+00
-1.098010963505110507e-03
-1.385126321094455474e-04
-1.295700497351492345e-04
2.419423846872362921e-02
2.420318105344084619e-02
4.788890781051799439e-02
1.188234766152854031e-04
1.286876583948782995e-04
2.358117869631617004e-03
1.105867969584707275e-02
2.354266761469740038e-02
2.360199253614680970e-02
-2.228416321215579907e-02
2.581722462475243593e-04
2.721456503006274789e-04
1.006870282610657086e-03
2.354206561351196089e-02
2.358309780781811180e-02
-6.148774714877176806e-02
-1.560682038494703387e-03
5.572160115754442970e-04
8.094700345502303662e-04
1.479839709918367302e-02
1.495672095762352362e-02
-6.262891565015530349e-01
-6.216807817134748504e-01
-1.761013874760072317e-01
7.679139981428229067e-02
7.851090951294248388e-02
6.170027030081129737e+00
-7.076644130605161225e-03
-1.864779381021476092e-03
-1.545453617199130797e-03
2.436038381320680332e-02
1.915926058412931177e-01
1.919139055336576694e-01
-1.806478146587752187e-01
-3.878803763982141550e-03
-3.394161726011174496e-03
-3.028706795927732509e-03
1.585794133715773824e-01
1.625749801769515723e-01
-2.040771672554154426e-01
-1.595777147958887809e-03
3.265788364295030277e-04
5.356989175961668348e-04
1.375177555960563069e-01
1.409419436472919562e-01
-2.153064044821201284e-01
1.436008424045009946e-04
5.309953604357153800e-04
7.922231908941840262e-04
6.449559157085066330e-02
6.563450723170116685e-02
-5.647164738769705483e-01
-5.544572469698091366e-01
-6.192302190874643397e-02
3.559535910990496710e-02
4.714678802616456554e-02
6.284530968890444491e+00
1.225954499131450166e-03
7.212261532652135265e-03
2.900180821559450103e-02
8.446096176069051165e-02
9.155802895934038454e-02
1.627503180061595778e+00
-1.334372604261130635e-01
-7.687184366940574831e-03
-2.271126697956676876e-03
-1.402476587112011508e-03
1.737570077981650807e-01
1.741030377269573159e-01
-2.353971422738048713e-01
-8.514782571724666127e-04
3.102290582189110024e-04
4.840865711651098913e-04
8.878869663837921089e-02
9.266795500638018435e-02
-1.985184952721685825e-01
-8.175454658705602617e-04
2.352417663359779310e-04
3.251239710393358240e-04
5.342159097103327953e-02
5.411742250979714036e-02
-8.820471262500456655e-02
-3.940179963343766467e-02
-3.477552639962470243e-02
2.154071173855447163e-02
2.997992754486773770e-02
2.846518172262657131e+00
-7.374116369241130731e-02
-4.386380936537249975e-02
-3.814952718055292930e-02
2.047903082343688341e-02
2.809974844378906877e-02
2.908675932428791633e+00
3.334375127906907821e-04
1.695153265291737821e-03
5.286391584156036050e-02
1.889263476036587563e-01
1.903699629643803570e-01
2.453569979198199913e-01
-2.353932526702914585e-01
-1.872209601279956059e-03
-1.762775486123621671e-03
-1.892774068336794402e-04
9.120862575577395881e-02
9.232382672825403813e-02
-1.590139182417008301e-01
-2.133472679242042619e-02
6.283908641189185022e-04
1.078870834840821042e-03
4.184520845798968269e-02
4.264951969517084829e-02
-7.081643702311900546e-01
-5.992648788651255831e-01
-5.954430624391328086e-01
1.314704041416046021e-01
1.350317780126050193e-01
6.429136363161886081e+00
-2.294708512872712103e-01
-2.129170523307905363e-03
4.986917632720537855e-03
5.015222321491438241e-03
1.358846906591624493e-01
1.372772286962040122e-01
-2.299882744048898364e-01
-8.048496373604802079e-04
2.009674597655553008e-05
3.505897854492665000e-03
8.818814502036884106e-02
9.014457156674600402e-02
-2.000314554129706268e-01
-3.711362675964127722e-03
-1.976940274947575071e-03
2.342161088800698981e-02
7.086004139955760783e-02
7.292965215065105866e-02
-1.978216079037739550e-01
-1.195358954059790035e-03
1.151690312098038738e-04
1.301107074908124106e-03
5.136030681593459213e-02
5.338329816961451257e-02
-4.054403450467566894e-02
7.521679941548245485e-03
9.789626304119836142e-03
7.759199210950541714e-02
7.909501683499314817e-02
1.742383357428513913e+00
-1.787399981042586405e-01
-3.541237446906042585e-03
-1.746303254452186149e-03
3.052313401715162078e-03
1.509932481102073676e-01
1.558507756441936953e-01
-1.931642368418498290e-01
-6.067906602758493806e-03
-3.811506567074435248e-03
5.070718901859061489e-03
1.309907311811340236e-01
1.316413216116889828e-01
-2.208992767232108856e-01
-4.584775788272751895e-03
-4.023578882503445198e-03
7.062443379663871368e-03
1.036165769081294624e-01
1.075045876660256777e-01
-2.147797197323585150e-01
-1.099677304795709798e-03
-1.088545683728819879e-04
1.221420998579886286e-04
6.600031721489513226e-02
6.607317211344032604e-02
-2.713240782902484171e-03
-1.343045771374439109e-03
1.215540059076229869e-02
2.946655291834232929e-02
3.015783708514035641e-02
6.139062736282003829e-01
-5.475977515815763641e-02
-1.831821575767243748e-03
-6.303954318535864854e-05
5.546024055912632256e-04
5.436022075037270918e-02
5.440601549664608738e-02
-7.135080363822987604e-02
-8.709799111732141608e-05
4.799974211930138623e-04
1.298644808977032772e-03
3.959261087263693524e-02
4.019213633020708026e-02
-7.207401124041705465e-02
5.107085899190774714e-04
9.399112848562235500e-04
1.060237108774952919e-03
3.373440474906241882e-02
3.431636305047129631e-02
-5.570793343934780928e-02
-1.379163020157544994e-04
1.197452278652276492e-04
7.327746076658692848e-04
1.608483541966816005e-02
1.628765301799789400e-02
-1.985267565302278273e-03
-1.299457516080250973e-03
3.065028742383545460e-02
3.087964510797803000e-02
3.137635518151994651e-02
5.992767631658832972e-01
-4.058287579721084337e-03
1.771598341533550669e-03
2.692701646556105999e-03
6.919532777346880381e-02
7.029710881800137201e-02
7.481315694216045253e-02
-6.833252970808620375e-02
-1.975857102808273313e-04
3.363218560614722463e-05
6.365844282604157800e-04
4.800022581167683738e-02
4.837021312115673960e-02
-6.743357902914005886e-02
-9.594801632253902035e-04
-5.497461289560787168e-04
3.838808640136345818e-04
2.398603065400591386e-02
2.408564027213536130e-02
-4.830938071539504775e-02
-1.427514605881660334e-03
1.349758656584391784e-04
2.714568610040000280e-04
1.314073740916543546e-02
1.322006750328207081e-02
-2.146542836154659870e-04
4.137042930057682408e-03
4.557967815590337896e-03
6.852778746475679528e-02
6.889327917349465091e-02
1.523767451390489747e-01
6.560227502808056114e-04
1.218921663740180203e-03
1.287926133831220413e-03
7.202086587284221852e-02
7.227025123105620952e-02
1.538793254632492835e-01
-3.638268891106897357e-02
-3.591374856960864725e-03
-9.348567506603996935e-04
-2.839476785012340354e-04
6.126228810225648608e-02
6.149188374226854242e-02
-6.696552719109091778e-02
-1.774601210208053004e-04
1.570885909329272634e-05
9.632354340997836828e-04
2.340975072001822907e-02
2.381379787573377482e-02
-4.331999395335805331e-02
-6.328855756826297363e-04
-1.109451760029772638e-04
-1.789683769556037196e-05
1.076979154170110316e-02
1.086305194520480015e-02
-1.915720125326781601e-03
-1.795594759878470876e-03
2.874017761056618311e-02
2.923656650100149926e-02
3.082372097085040244e-02
5.931905861424553450e-01
-7.397747001869037220e-02
-2.677924340662510283e-04
1.388318904331567460e-04
2.714038549607930562e-04
3.499510627006858360e-02
3.516583071379413700e-02
-6.816178429699895625e-02
-4.762635652421458310e-04
-1.158097943486577353e-04
2.042223396052457451e-03
2.295343511500208544e-02
2.317106560186850059e-02
-6.224776098176876965e-02
8.553326178075901232e-05
3.952273069780520842e-04
1.123632398241328212e-03
1.919712191799603437e-02
1.931606693860592194e-02
-4.818418999796527519e-02
-1.425817966968893208e-03
-1.098348503087431816e-04
-8.586152920360932972e-05
1.364041773019259406e-02
1.369836690825385582e-02
-1.552166904380636314e-02
-5.699291701422808771e-05
1.116137215740352405e-05
7.214452501695620135e-02
7.223431034952067231e-02
8.630385128751880131e-02
-6.864848755894176202e-02
4.305804067054885831e-05
8.047375048676544407e-04
9.276491254176996715e-04
4.119219076429119636e-02
4.158344395019471923e-02
-6.837789325821402864e-02
1.455130449951047567e-04
3.459878788405063021e-04
5.557511537863310536e-04
3.543616707217456946e-02
3.622720935925102803e-02
-6.820667979126553149e-02
2.116426682501199030e-04
2.460321449414548667e-04
8.403702910501735512e-04
2.937562941072674808e-02
2.987322535196412429e-02
-5.570003432829685741e-02
4.913689495310574214e-05
6.078457162167533363e-05
1.868709115295866252e-04
1.593538947253715990e-02
1.634191266565555509e-02
-2.322775859820864763e+00
-4.649205859441263300e-02
3.199645713234389177e-04
3.417111225146918230e-02
7.521832719475085582e-02
5.049126833723693863e-01
1.254747014318697840e+00
1.513732762504495621e+00
1.447168359414114391e+01
-1.541196482083686259e-01
-9.867323819248172145e-02
-4.168787251909139568e-03
3.803620006520569419e-03
7.243916308963363471e-02
1.029111624530122671e-01
1.616705112624071405e-01
5.141377687006324360e-01
8.978043633775510957e-01
-5.928894171649037176e-02
-1.766869080135360925e-03
3.441670181701605991e-03
8.732681494305158387e-03
2.515456134643870301e-02
2.924280718578611826e-02
1.074378904722771977e-01
2.245076512852365591e-01
9.399331413732130436e-01
-2.042969246744689715e-01
-5.352603660796789731e-03
9.422508701405485354e-04
2.391569886048522386e-03
1.459415227656296610e-02
2.152809401065677863e-02
8.293237989213173011e-02
2.890259713287589571e-01
9.518478828426302218e-01
-2.054016027031920988e+00
-7.246733386039569957e-01
-5.708769592420059880e-02
1.476751460060654608e-03
5.100725560414121063e-02
3.360706340760195587e-01
5.457816406121649422e-01
2.115999749544704489e+00
1.565258276744662247e+01
-3.679873773339062404e-01
-2.394389222388774163e-01
-2.404758040163040844e-02
5.552557061596297139e-03
7.379320639292974437e-03
5.822036926556706238e-02
7.313096230002962272e-01
1.563530724537191441e+00
3.567534939781459080e+00
-4.322815362296875824e-02
-3.045053691089701434e-02
-5.152083713595267955e-03
2.070430559611986798e-03
1.460243451354650140e-02
2.012075569659266261e-02
1.351987520939001985e-01
2.907906668276791784e-01
9.849857569194629958e-01
-3.812559363370614240e-02
-4.979213978005492258e-03
4.367835768399955243e-04
3.146954283843303446e-03
5.912638054001079224e-03
6.900741419254528830e-03
4.879173359617150485e-02
1.234167467511746580e-01
9.558958206054279927e-01
-3.217582371222417859e+00
-9.395214286043858110e-01
-2.178656879556859494e-01
2.627817435030666005e-02
7.770086077273630210e-02
1.399716442138374539e-01
1.422239778277926359e+00
3.638618807829608226e+00
7.621248822897070951e+00
-2.536044390019780881e+00
-5.741521609801893966e-01
-1.515858078518865781e-01
1.098027517551303234e-02
2.140392044838135277e-02
1.147706586656638272e-01
9.980417589134416012e-01
2.789919525883341134e+00
7.921817124092513041e+00
-1.776704049356070958e-01
-9.488098852287513152e-02
-5.836895786136053754e-03
4.575941234339298003e-03
8.957393439174099470e-02
1.573697710053610921e-01
3.598130259792401975e-01
8.362202541917915788e-01
9.784726214971437575e-01
-7.498664222239150023e-02
-6.917946913293920863e-04
-6.003500842482467625e-04
5.874223594448668706e-05
2.041502782880455502e-04
6.840442443597355426e-04
9.766546222934879840e-04
6.097886079761344336e-02
9.463777025694690703e-01
-2.424013380193046796e+00
-4.433938090421563061e-02
-1.452833101272110738e-02
6.884175531278735605e-03
4.274497151109768467e-02
4.605471334657242899e-01
5.673755458592735224e-01
1.907356854515448230e+00
1.513467080326842762e+01
-2.621436596004384501e-01
-6.101416017484007082e-02
1.591121999517774999e-03
2.098816959865579257e-03
3.108272980857584855e-03
8.319129459967766760e-03
6.815108768949612594e-02
3.181138505965593333e-01
1.023000807841345949e+00
-7.913932846937072885e-01
-5.614655144815183796e-02
7.017678271559191217e-04
4.858329644332748387e-03
1.038313471093055274e-02
4.706752238676714661e-02
7.204878344481524532e-02
7.668484377816070507e-01
9.876451743859241406e-01
-7.290911933356949981e-02
-4.902628424977573118e-04
-3.193939856085681317e-04
-6.839761315069470271e-05
1.255901035042139569e-04
4.394148724441160336e-04
8.319119146654313512e-04
7.108946070637713055e-02
9.478795498061690639e-01
-1.763287629455572159e-01
-8.609522685205188430e-02
1.184770889609665367e-03
3.995017324707611506e-03
7.161458240421844645e-02
1.398850445459236813e-01
3.501773483037816659e-01
8.182951859413706286e-01
9.738972594793279258e-01
-4.317484246428696798e-02
-1.156169343128662930e-03
2.086138705228487988e-03
4.112186047389491950e-03
6.677337022323447113e-03
2.836211740011988780e-02
1.132216996098383971e-01
2.092813875401985935e-01
9.593846729273175500e-01
-1.250358965365558073e-01
-2.248450153335901369e-02
1.275254789285640289e-03
3.539990477286730775e-03
9.192083709988058127e-03
2.167971057498999099e-02
8.377608786994142354e-02
2.057234674658155460e-01
9.626091625676054253e-01
-1.118320910258879530e-01
-6.477326139069672362e-02
-1.249212518500553148e-02
-2.488784322592918485e-03
-1.009922195126827793e-03
1.725243445698275424e-02
3.319861320611165734e-02
5.805045663508283382e-02
1.010195307152133681e+00
-2.494782622699406982e+00
-2.176805048588589031e+00
-1.467369487274053252e+00
-2.554656005614961423e-01
2.939818670846694459e-03
5.373049257242490384e-02
1.462502219488404087e-01
1.763474043389385848e-01
4.449294493579651899e-01
7.347899087014200248e-01
7.930993634020340188e-01
9.731171962336759407e+00
-6.704362431138884137e-02
-6.692450815193234925e-03
2.013833846008727946e-03
3.060491356657410456e-03
8.934763730973349638e-03
1.949920214372699578e-02
1.062639474369347775e-01
1.315580751829599215e-01
1.578299867861683858e-01
4.654460984212587249e-01
7.803760687690731723e-01
9.814417219698184924e-01
-1.238913139972191643e-02
-5.607354157650726832e-03
4.000806654241047602e-03
6.073347802283099103e-03
1.578937116968604643e-02
2.491123159576695556e-02
8.716618306384515957e-02
1.070656477863819039e-01
1.451785501305599135e-01
1.493817594014850703e-01
7.012554728539918125e-01
9.649842348884664078e-01
-7.808356910907430885e-03
1.012036749863869795e-03
2.511852058219802425e-03
3.492586661545971430e-03
1.001413645640522598e-02
1.580663446615125645e-02
4.510475552038301778e-02
9.298938470085287011e-02
1.250676066498958017e-01
1.487814896759673544e-01
6.968821348662370685e-01
9.652872199420546862e-01
-2.115255335398789516e+00
-2.086646696375217047e+00
-9.812582655177641833e-01
-2.582153026024729403e-01
-3.770233705774295174e-02
-8.644349112180815808e-03
5.166326428592959985e-02
9.346081057043376106e-02
3.330197306780164901e-01
5.927152307348730886e-01
6.597384554096139553e-01
9.877069436569971828e+00
-1.435707460761183052e-01
-9.754500246608321934e-02
-5.742975491383531250e-02
-2.952537018671297364e-02
-1.243127127858373315e-03
5.689186170516391527e-03
2.499336872901414264e-02
5.893791170078638286e-02
1.653430923450961709e-01
6.502871967048343693e-01
7.870319211411088700e-01
3.812007027393263581e+00
-3.594151070260383912e-02
-2.404259809882888788e-03
-1.119315174357843334e-04
2.317835789293599957e-03
4.910722641677085776e-03
1.049014939101244187e-02
1.080198112182185477e-01
1.211824614813697132e-01
1.505641995100316377e-01
2.378279079391721063e-01
7.377911960350181930e-01
1.027005913500464995e+00
-5.876484001731236209e-03
-1.135040162742502988e-03
2.621158825067172737e-04
1.774555454902755798e-03
2.449793084683956484e-03
7.748008051169144247e-03
9.767767463123078198e-03
9.304421412055145779e-02
1.220003090885423414e-01
1.444413496451661394e-01
7.079822866272907911e-01
9.867385746992052287e-01
-2.341676102571364382e+00
-1.145682093562605086e+00
-4.714183984571511665e-01
-4.548200010548808514e-01
-6.496404424101420716e-02
-1.923406693057438943e-02
2.125692354985377897e-01
2.752927475586512962e-01
1.064694988428083189e+00
1.644497738428768674e+00
3.588016832976594461e+00
5.393409197044654491e+00
-8.334983163603308931e-01
-7.809093435911172998e-01
-5.589332017576615907e-01
-4.717749255878405656e-01
-1.280768779490518705e-01
-2.385398763630008911e-02
6.080637120119003480e-02
1.090966358898421973e-01
4.620114190774368135e-01
1.232923614505057941e+00
1.373372403898697858e+00
6.880009092573105001e+00
-1.420737724372056199e-01
-1.987275984663092188e-02
-3.271632946058561364e-03
1.298748152173012649e-03
1.979809590139369746e-02
4.807913581333922437e-02
9.637268309389759868e-02
1.537564893481042083e-01
2.041901072041409915e-01
5.576624855285271520e-01
8.136146323797851521e-01
9.683296053845412699e-01
-5.649563948228114585e-02
-7.149218333911688816e-04
-4.941057284365904523e-04
-2.466839632635497992e-04
-1.470938678356861762e-04
2.385967025338373015e-04
5.978224607856366668e-04
4.361371679303088084e-02
8.412343499376215283e-02
1.312392168046908059e-01
6.908374493946921602e-01
9.728608456390460679e-01
-2.055928552556211653e+00
-1.914315583610661786e+00
-1.085749556450618769e+00
-2.787569915871859205e-01
-7.368896502356858669e-02
-6.259152194274775205e-02
7.586340733877428022e-03
5.441179291592757039e-02
4.183786849851935941e-01
6.015960988561794842e-01
6.542114171671387091e-01
1.008734479773002946e+01
-6.211076293811132812e-03
-1.006896623376142552e-03
1.361646638321320490e-03
3.280031470182462501e-03
4.900830932499684357e-03
7.021616147175303684e-03
2.286770739557428267e-02
8.998959801635025846e-02
1.220708281414843999e-01
1.361082315511297214e-01
7.016639859241552424e-01
9.837431205089790520e-01
-2.746131914859639006e-02
-1.010162641836489031e-02
-5.701787363771318451e-03
1.283270809413657176e-03
3.062226008070326883e-03
1.594900530209986123e-02
2.480349847895036569e-02
6.591313335117721106e-02
1.104614949538341856e-01
1.360906326468505068e-01
6.997459853628933413e-01
9.829118954541088415e-01
-5.591514826950405581e-02
-7.982919482927494648e-04
-4.888496305089154448e-04
1.031625911491335090e-04
4.003651627232859833e-04
1.658210293084154408e-03
3.828756898263729891e-03
5.138324723722659942e-02
9.011808432868237406e-02
1.335600944239459797e-01
6.881946765728427229e-01
9.703888983830502024e-01
-1.418084742643467289e-01
-2.505966328213042604e-02
-5.265642814894916368e-03
-1.092282942298433701e-03
1.066652800524636735e-02
3.124885141334085570e-02
8.710953835893045505e-02
1.409875066687504008e-01
2.121754854317854100e-01
5.407346576142609829e-01
7.878027178513117290e-01
9.864254517810493450e-01
-1.139566400280154004e-02
-8.025633181103122848e-03
8.710284153064015017e-04
4.137133853254934893e-03
7.580076060333208743e-03
1.808293645820089127e-02
9.059090215690865366e-02
1.120259702191707951e-01
1.428515471711032936e-01
1.493621547290110430e-01
7.143517825830506540e-01
9.901501622815660486e-01
-2.171511422109096909e-02
-5.229609189367639271e-03
-2.328229257986674794e-04
2.855394644518022967e-03
3.728011826285269198e-03
8.587559107040183826e-03
5.304220558989160283e-02
9.553057349941049270e-02
1.256670608409278800e-01
1.440577026880605349e-01
7.039634930278843017e-01
9.815864545152407361e-01
-5.053522244640409194e-02
-7.198415631276738891e-03
-2.629386387067320086e-03
3.524840370503226628e-03
1.086631372794261835e-02
1.706056264111537046e-02
2.110650121841942117e-02
3.424289646654336827e-02
6.803750629743333944e-02
1.144969308644779721e-01
6.854072607189657385e-01
9.558349894143413072e-01
