-7.894920573510628981e-02
-7.790590295955555911e-02
-4.041838930465681268e-02
-1.719530030765834688e-02
-1.237573266575839326e-02
1.158879408481067408e+00
-2.446901549579571112e-03
6.158549698968189892e-05
3.152549017581511570e-02
5.987762089705555429e-02
6.217426243226574500e-02
1.076711514624537486e-01
-3.866459279023709561e-04
3.199831205141917545e-04
2.840596175093673681e-02
5.946593246507370090e-02
6.042631769137650488e-02
6.493468212300146369e-02
-3.195490138173624761e-02
-2.897972995932168727e-03
-7.046462706732231629e-04
1.042533647405516350e-03
5.214833344037686502e-02
5.632688760922564819e-02
-1.366962733204502359e-02
-1.226749070421258823e-02
-1.792397071265026259e-03
-1.370214221582665218e-03
3.887397781653729179e-01
2.855199340771078731e+00
-2.444538965596875467e-04
1.698283582063737571e-03
3.394019447615931329e-02
1.054239091443596593e-01
2.138390862746826215e-01
2.153866282112937569e-01
-2.683919552395468422e-01
-2.475024120086585788e-03
-1.364652638744592861e-03
-1.204943277048425854e-03
8.701459080531281920e-02
8.913542994278095266e-02
-2.093674992849845484e-01
1.368995868470071486e-03
2.047478170410579890e-03
4.941238412052718909e-03
5.868810423422796824e-02
5.959413558848988823e-02
-1.588034401942913232e-01
-5.075695016759848577e-04
-2.852457968536004085e-04
4.020787413940643540e-04
3.511342480437130292e-02
3.523144332272210716e-02
-1.127040781799898972e-01
-1.054865019230993711e-01
-1.025219716450247731e-01
-1.740193562893554979e-02
4.179986172175853554e-05
2.362561305379658805e+00
4.971512530562304140e-04
7.158615481793872276e-03
1.177331663536449954e-02
1.129669947509139294e-01
1.159519552154003180e-01
3.120850313684702670e-01
-1.931326268259899726e-01
8.952855792199176932e-04
1.099058676018160050e-03
1.116107557342743001e-03
5.570101614828501524e-02
5.622957620745730467e-02
-2.042330573526857096e-01
-2.009757135749151713e-01
-9.522542741272960187e-02
-2.372886497020720853e-03
9.425834445182801336e-04
2.026341292487171764e+00
-4.520014616866995655e-02
-8.640638323651597674e-03
-6.455183224874122550e-03
-4.001292831799715954e-04
3.700771765137368663e-03
5.496329490642360982e-01
-5.245946440239575292e-02
-4.878552290887988585e-04
7.789969178706543373e-03
1.407138138300562114e-02
1.789571769196068862e-02
2.822642988808111708e-01
-5.965472428095690283e-02
-3.712489616318776636e-04
-1.037806599674361008e-04
4.633870249932253715e-05
1.209022629291595097e-02
1.251436654147439556e-02
-5.578765769581351536e-02
-7.003354763634225127e-04
-6.775594690465788078e-04
6.382720469465461011e-04
1.002583812119523486e-02
1.037933177474847923e-02
-6.181905320328617837e-02
-1.397053390677152618e-04
8.550633828498938049e-04
8.026341781827123212e-02
1.936791272677425291e-01
1.946701733461559114e-01
-2.354384966441144811e-01
2.644439015651173230e-04
8.755220150782339061e-04
2.418594756486563968e-03
9.149406256960843087e-02
9.191559099870927341e-02
-6.581916958191971756e-02
-4.327475837725837382e-03
-9.026683104265895152e-04
4.534668300785055228e-04
4.191856673108345505e-02
4.636623506974324460e-02
-7.044000358145613427e-02
-8.398180020625263531e-04
-2.945310522829112931e-04
2.632912081488705813e-03
2.817093122722350365e-02
2.889576073375601725e-02
-6.494114221860267100e-02
-6.762389993528496179e-04
-2.408098403740878413e-04
3.675235135062775854e-03
2.369927280763849814e-02
2.374744836579488136e-02
-6.048634121860980983e-02
-4.089292921049432483e-04
-1.583704645778151454e-04
2.279107251840759019e-03
1.962115375418105323e-02
2.071073688793722070e-02
-4.419667747526231927e-02
1.467353219999252556e-04
2.175554875232053181e-04
2.297852708344084310e-04
1.118925053632064022e-02
1.126021511991750525e-02
-4.465632960688563635e+00
-2.574783822501773400e+00
-1.409773342150121067e+00
-5.595859255820290201e-02
1.112271350606075515e-02
1.677657948272495148e+00
2.742279962117634362e+00
4.026641092344791062e+00
1.639036290606413360e+01
-7.880071027561241781e-01
-8.254738815400730623e-02
-4.223837630587479186e-02
-3.548274750906355024e-04
5.989750440185814817e-02
2.430121523700352615e-01
7.485345039727333560e-01
2.465350517980952283e+00
3.575888986383671586e+00
-8.338895675088370263e-02
-3.120320645618048644e-02
5.029942519960875491e-03
7.762934638894838923e-03
5.226940643881787529e-02
1.030578812026010233e-01
2.996779835152194038e-01
8.442159732646009607e-01
1.034082179844135752e+00
-6.511436682905376305e-02
-1.379655098462231888e-03
-4.796606830311522796e-04
3.694460894438089671e-04
4.665235061096228986e-04
5.998853946536236714e-04
2.254070669555741091e-03
8.107452762802078161e-02
9.485596042337620659e-01
-3.342134050255197303e-02
-5.703687452000852365e-03
-3.614963914237080689e-03
3.678661430562550627e-03
1.041660492951744510e-02
1.548119010637704490e-02
1.130093508722066487e-01
1.264733562721219728e-01
1.576700404804299016e-01
4.346612944062382966e-01
7.570883301713438041e-01
9.675014058508243364e-01
-2.066977915014480902e-02
-4.794177213942759502e-03
2.056540428449722679e-03
5.941420533155772343e-03
1.114741683696626739e-02
1.176381064807950627e-02
1.431029813115091559e-02
8.627951813558179528e-02
1.264743233777085862e-01
1.472576486380461347e-01
6.959444874221472066e-01
9.659610389659682994e-01
-3.665612032392596281e-02
-2.578436494774580257e-02
-4.752224375012915891e-03
8.584469999146429608e-04
3.682694928624476172e-03
6.759524106890561768e-03
7.721778693526394621e-03
7.066337805255976101e-02
1.126316110550703575e-01
1.371688930916778182e-01
6.939746180721904079e-01
9.686741374223968304e-01
-5.976700465697380033e-02
-7.261669617989296999e-03
-2.946710120458190252e-04
1.258450899380009202e-03
5.739931232094076796e-03
1.125707729775431848e-02
1.445868304133415133e-02
4.733703434641447355e-02
8.957678790524239987e-02
1.393049828918851984e-01
7.004754031723510188e-01
9.672882523842142310e-01
-7.083425995874789716e-02
-6.573028417298969195e-02
-6.260325409897407600e-02
-2.418092173383282889e-02
-2.094512704798914826e-02
1.104293879006199131e+00
-2.997168462453349280e-02
-7.845078201043020893e-03
-1.041049149281311759e-03
-7.163519785920863248e-05
5.553587744718683356e-02
5.819156727519669836e-02
-2.501833533978605438e-03
-6.008824124494774148e-04
1.999083323881382240e-02
2.224458375669422228e-01
2.240379377341253364e-01
5.215248146942117469e-01
-3.056248751709939038e-01
-3.311874357680488767e-03
1.373902458780829061e-04
5.880878653615195795e-04
1.243539932849855034e-01
1.255969933611173484e-01
-1.597819823095220082e-01
-1.252852051742074429e-03
8.688060201986680040e-04
1.784956516341641621e-03
3.537297261163090123e-02
3.767566299075924413e-02
-9.398276682551619243e-02
-7.662551499554379197e-02
-5.629631466533580042e-02
-9.164436959947133698e-03
1.113769139409373499e-03
1.884423657772267946e+00
-1.609474174472939612e-01
-7.500555517306550790e-03
-5.324094950718477604e-03
5.946834473147064037e-02
6.144840954226543639e-02
1.010627383618250219e+00
-5.205437478351799402e-03
-4.613194415447911464e-03
2.562529033062362419e-02
5.989399591101254167e-02
1.169791032490730687e-01
1.188807188787573826e-01
-3.052933928744640604e-02
-8.158431778660969746e-03
-6.139271120504104923e-03
4.391192799854172490e-02
1.027597928392122023e-01
1.062291948805243330e-01
-1.696818730456350205e-02
-1.121141850063935019e-03
2.725263776421210649e-04
1.840950280627845839e-02
1.908086580167185978e-02
2.348714732010347694e-01
-2.841547460260021238e-02
-7.776240103621687855e-03
1.809586167596533186e-03
4.026903742486740573e-03
3.376596110496257741e-02
3.390098355384279366e-02
-4.182512668044095772e-02
-6.562482021782757580e-04
3.897174394982758083e-05
2.551404894849035321e-03
2.941972610241385885e-02
3.083410314673976083e-02
-5.655864974110935001e-02
-2.311231868878174667e-04
-4.608731833813731193e-05
2.117232072922255182e-04
1.851821102172164502e-02
1.909058997398810353e-02
-5.936201028393096185e-02
-2.405725916680718363e-04
2.778311025029706061e-04
5.561618181792600882e-03
9.069528329025319455e-03
9.579263976945223691e-03
-6.809907150214188354e-01
-6.402521599816827225e-01
5.335804449104009084e-02
6.785639065268056491e-02
8.806512324107063083e-02
6.952075909456443270e+00
-1.530382208645498510e-01
2.765934401054270797e-03
8.019006959355839959e-03
1.022074979303357611e-01
1.673820247823525897e-01
1.683283424294523822e-01
-1.006296180330092105e-01
2.409316807752748257e-03
6.826239883312296142e-03
1.991692914762452360e-02
1.433605276839438059e-01
1.511386832020431836e-01
-1.567067139581795887e-01
-6.114681545473898971e-03
5.673357911155918476e-03
2.824779598099880218e-02
1.241015572814992696e-01
1.325272327446665732e-01
-2.243627212795062942e-01
-1.471263690842924965e-03
1.206512886109109561e-03
1.836838373353494314e-03
7.540955175897201546e-02
7.698788116524818426e-02
-1.840611698286034881e-01
-1.282883801207508612e-03
-1.564837421831610786e-04
1.249743476689386956e-03
4.653238123029500989e-02
4.721702653150918610e-02
-1.878015293965815818e-02
-6.179883200963035006e-04
2.309416787372429308e-03
1.718382757943452688e-02
6.440777555474683225e-02
6.572334086770020845e-02
-7.331634563084143963e-02
-7.914754278093225071e-04
-2.075778703754943555e-05
2.413164176267926231e-04
4.006093166121737353e-02
4.080419208201090803e-02
-7.190584423363936828e-02
-8.286848821795964048e-04
-2.311522255547329707e-04
3.963274970949642872e-04
2.830531107423480547e-02
2.870357072237757906e-02
-4.393906752805749188e-02
-4.293911488017865350e-04
1.685630164644988643e-04
2.148547406823340152e-04
1.121202986290141188e-02
1.125847293164440252e-02
-2.115469218216746050e+00
-4.910102397662849949e-01
-2.606834233089632136e-01
-1.025344804508141472e-01
4.310894495592965114e-03
6.046637994863930388e-01
1.527226951182632853e+00
2.750598811846165503e+00
1.581706030034100330e+01
-6.672864897513247628e-01
-6.921781120615755345e-02
-4.598425143462869791e-02
-6.039789503852310837e-03
7.483693006207381426e-02
2.892497711848319719e-01
7.754735763742152121e-01
2.061532491675518663e+00
3.399105937897310525e+00
-9.459048004933318099e-02
-3.388586545535435951e-02
4.595089179896441611e-03
9.822129066754975435e-03
4.048251375455962087e-02
9.915629591220935513e-02
2.906203365068396605e-01
8.495609016450877959e-01
1.049008450952672478e+00
-3.388502235675113217e-01
-7.823713492568495909e-04
1.257110163685626336e-03
5.993574739308671351e-03
7.946035964355502301e-03
1.285503169734553142e-02
2.830108401084052705e-02
1.150287804615602871e-01
1.298359695779671696e+00
-7.532030941359761644e-02
-9.685965348983638368e-04
-4.465420086340737837e-04
1.957390931882352358e-05
2.125061892155055698e-04
6.396108165992731021e-04
2.206840295006895492e-03
6.112056820483537101e-02
9.447279633601530779e-01
-1.867124066613973232e-02
-3.696091083956359533e-03
2.903741461029046150e-03
4.973468644021740437e-03
1.340969295495199679e-02
2.415969837278130264e-02
7.479860831545515065e-02
1.117330797639670137e-01
1.372366759951401116e-01
1.451175644637704154e-01
7.128090356721871190e-01
9.873773787734581031e-01
-5.517280738080908992e-02
-1.691913324223942583e-03
-1.125230220429013217e-03
4.741719019270979052e-05
1.022930182404853394e-03
2.228653501309491025e-03
3.463759026013348008e-03
5.231978812386022665e-02
9.146408136512912401e-02
1.325598903851285815e-01
6.917001304331746869e-01
9.750695722555812184e-01
-5.342411740289629979e-02
-4.430272653156402951e-03
-1.062307447394515714e-03
2.046425894642461829e-04
5.937282435361720956e-04
1.171113037097049059e-03
1.289360658083826827e-03
4.559065559429347630e-02
8.547654415578462284e-02
1.315173710384206773e-01
6.907837452233198672e-01
9.722637590792775342e-01
-7.468451679242229524e-01
-7.397505678310067889e-02
4.228344236247759680e-01
1.032826650486153408e+00
1.782807298377058203e+00
6.078009281812998488e+00
-1.455517175764086020e-02
-1.145427429225635146e-03
-2.350325763993098283e-04
4.447870695994542850e-03
6.662708310804336953e-02
5.267395018878953117e-01
-2.690895050203913341e-02
-7.884021889140266359e-03
-6.264331245137144677e-04
2.527844620928892949e-03
5.226457991191866409e-02
5.309691479484533738e-02
-1.199656334924688705e+00
-8.756809957001674416e-01
-2.374515662405642935e-01
-2.260938868649809974e-01
3.890459176838700905e-02
1.059227923137863314e+01
-5.052732576297598310e-01
-4.283073057019389229e-01
-1.212759179110594332e-01
-1.204072998191286215e-01
4.926683514034582156e-01
5.992323240194762590e+00
-1.780181883443488211e-01
-8.819781268716853084e-04
1.012634534821144072e-03
1.547923738213824452e-02
1.756196325479442155e-01
1.817605649543161395e-01
-1.971697428819972342e-01
9.473024809856761541e-03
1.002916472519260749e-02
1.434430508294040618e-02
1.360107296713783942e-01
1.403762221532947885e-01
-1.712303348411156334e-01
-5.348774232790169669e-03
-1.825335805182362603e-03
-1.161118267510488633e-03
4.472996420784357274e-02
4.644874545775548591e-02
-1.705207984025493562e-01
-5.395411388482269921e-03
-3.278072021567324246e-03
-1.551236103770919916e-03
4.608462636515889277e-02
4.864965360321129445e-02
-1.791659430358175879e-03
-1.479390255790240033e-03
1.829178154577789902e-03
6.300870945283317849e-03
2.763721317507105216e-02
1.296917827198551754e+00
-6.679718241743232143e-02
-1.552907084518323488e-02
-5.366518166714601135e-03
-4.197117152010529373e-03
1.122253170958963930e-01
1.135897602171118403e-01
-1.893477824973365531e-01
-2.720865321919327395e-03
-1.346630233520620945e-03
1.113774139174864009e-04
5.695932944312834950e-02
5.829229403173077223e-02
-1.703080258402092928e-01
-1.211364887764743159e-03
-2.153795992813345439e-04
2.268621529374209578e-04
4.055584865078915024e-02
4.084037164052858881e-02
-1.479983769320530218e+00
-1.401420321947475234e-01
3.950209284458352510e-01
1.236435741203595118e+00
2.324393722456261635e+00
8.927530359911227009e+00
-5.817471727151256600e-01
-5.686920242391773073e-01
-2.960778135607144979e-02
9.333884658724389549e-02
9.657797983579674561e-02
3.433997816481332510e+00
-3.226937017882011705e-02
-3.142381137249995737e-04
1.379630617056950420e-03
2.796326161909983704e-03
2.579856884098111203e-02
2.612515132593031669e-02
-5.172061710506275362e-02
4.214573133910735903e-04
1.199783717187066084e-03
1.824799942843218642e-03
2.197481105334525564e-02
2.222560170596319870e-02
-1.978994971712982054e-01
-1.062766630081852653e-01
-8.734128538580007706e-02
3.257838747579455685e-03
1.904058452295642745e-02
3.676511942102254515e+00
-3.961365884900223955e-02
-9.567931722148925733e-04
2.892812960247015397e-03
1.143272941135124038e-02
1.751699996911842971e-01
1.760569074431008185e-01
-1.296991166695946884e-01
-4.083358512934814888e-03
2.454866939396671555e-03
4.316303553668576765e-03
1.512203407809702138e-01
1.513921545726616413e-01
-1.799219143307451141e-01
-1.780315197166960905e-03
-1.716877619892497042e-03
6.858512919345818859e-04
4.331696018073294407e-02
4.536414491080346945e-02
-1.144662372167896611e-02
1.541117932747202227e-03
1.598181289340896288e-02
1.903150948473170817e-02
3.465031703486183556e-02
7.799952837235967218e-01
-4.130223324694318014e-03
2.298586526579544757e-03
9.815044738736618951e-03
4.979124152338752773e-02
6.131929844855639467e-02
4.381394735571002008e-01
-2.937120128906343941e-02
-1.311668555969799921e-03
-7.510227720963630338e-04
2.377252830772877412e-03
6.142837748770411943e-02
6.178412244498612121e-02
-4.457695023658963390e-02
6.591975473081018722e-06
9.397633462800147885e-05
1.739077582468221556e-04
1.114449729698808317e-02
1.131366015458702343e-02
-4.055017990733381872e+00
-2.268115522011276752e+00
-3.452373267794790479e-01
5.995449722157708550e-03
1.432189757012078957e-01
1.463576041363718439e+00
2.012130136936612246e+00
4.025270279630327686e+00
1.663657110365056369e+01
-1.814313462997745763e+00
-3.950113904200018844e-01
-1.085118682724617312e-01
-3.683915718907915249e-03
2.563256094064334523e-01
5.357972928288081693e-01
7.037693031220235707e-01
2.249698469584868299e+00
7.679475514383968360e+00
-2.152428746261231957e-02
-9.564223597668987387e-04
1.990933435012699759e-03
2.727488460372635981e-03
1.184970580432281873e-02
3.813550369332142920e-02
1.049437500594380818e-01
1.762836011072753117e-01
9.339801960604688924e-01
-1.602888217593836928e-01
-5.764694648203699812e-03
3.301506312162472145e-04
1.675155484917506543e-03
9.840044240377376905e-03
2.408347010274791700e-02
5.674827548646402264e-02
1.175573583887953300e-01
1.092323957872233686e+00
-4.154804528638198491e+00
-1.618358190235998251e+00
-1.102226788679754765e+00
-2.000262575879929727e-03
4.813167456483036233e-02
8.745061409797560970e-02
3.501871873506328114e-01
4.791566500312871568e-01
5.427276762554402723e-01
1.041452578820784680e+00
3.638360182025900613e+00
1.380531111273260869e+01
-5.512487871395677086e-02
-9.415456095639082590e-03
1.302828621683446708e-03
2.408815895858097689e-03
3.788811690878593486e-03
1.524601757020788151e-02
1.059437929346908058e-01
1.309866721836832337e-01
1.500450753128134418e-01
4.321881435018189999e-01
7.651658030015463519e-01
9.752928759804134762e-01
-5.627493331846503133e-02
-1.345100769332481516e-03
2.598476258497198210e-04
4.229713625042222369e-04
1.216688149508690642e-03
1.617167206843864169e-03
2.815468300511027311e-03
5.053061463839653156e-02
9.045926240821139386e-02
1.301011522570653944e-01
6.906657654440959693e-01
9.744776510131386571e-01
-1.372120855161304442e+00
-1.165351937471291954e+00
-7.233977225147847356e-02
2.124294032270268584e-01
3.582639672292315947e-01
1.105522258997777563e+01
-2.946526666073998046e-01
-4.638118587175499297e-03
-3.332138323767719346e-03
7.509831888794921140e-04
1.075807260677222876e-01
1.097631837794092041e-01
-1.858627801313794126e-01
-2.589068222541783103e-03
1.239769200587896927e-03
1.655529376622290414e-03
4.985082976668456234e-02
5.087669502719309456e-02
-1.602335616728807755e-01
-2.131186758181718988e-03
-7.122006154488200180e-04
4.513883651208958070e-04
3.886932756175386777e-02
4.019700369230284204e-02
-4.216595538567679546e-01
-3.563163920531675077e-01
-6.294378511684944888e-02
3.424177927540611455e-02
3.448903419882398125e-01
5.592126982288793791e+00
-2.531725557766860701e-01
-2.248409197759401179e-01
-1.605843891487448993e-01
9.133292301078566044e-03
2.469837215063175329e-02
3.363605604161326479e+00
2.853404765806521418e-03
3.179667506732834683e-03
1.430756107069816596e-02
4.603089778159202838e-02
5.389780684360089696e-02
5.652233134629017774e-01
6.176464417165848306e-03
1.073746644803539457e-02
3.748847555572219076e-02
8.955798809756321255e-02
9.484263002379587915e-02
2.417213001970500152e-01
4.880680012431395736e-04
4.926349571305038005e-04
1.737064829828614864e-03
2.916020741546347401e-03
1.243703752991748845e-01
1.254663580730761563e-01
-1.540854329142022916e-01
-8.776239927714812872e-03
-2.043453858272190060e-03
-1.691241574911808709e-03
9.504957545070481795e-02
9.698421693139730460e-02
-1.789485353001437351e-01
-1.630206780975779202e-04
-1.099557455207372803e-04
5.736470251346548199e-04
4.628271454141900249e-02
4.661663262754163484e-02
-3.420426321234930067e-01
-6.896907229043308662e-02
1.177902041623087870e-01
5.639715769281550273e-01
1.763045738736720880e+00
6.493364648043731258e+00
-3.488944652034694257e-04
2.709491875859532648e-04
8.303422605800404172e-03
2.173736158884143760e-02
2.528516278954162297e-02
1.915561406774337061e-01
-5.784636042227010722e-02
-1.606080447885092910e-04
1.329393926668281933e-04
3.379637186831721540e-04
1.856448249496199174e-02
1.916977480641334983e-02
-9.016403941645279030e-02
-4.064419752768787947e-02
1.350980222317920039e-03
1.744520730310955428e-03
1.724526661127541716e-01
1.733582134079243720e-01
-2.304042042271568502e-01
4.536819100938033200e-04
2.591967190108887542e-03
1.398306364088973408e-02
9.797485647128767461e-02
9.828015492711168755e-02
-2.250909820061136046e-01
2.394390406999374887e-04
2.610571479677206708e-03
1.049007898877264700e-02
8.246895742925913764e-02
8.453201171987233253e-02
-2.187228763461117609e-01
2.321195490380359439e-03
2.492626495140995435e-03
5.173047281928286334e-03
7.009209614662617605e-02
7.041519878286989220e-02
-8.129389038927683012e-03
-3.264942524513350999e-03
4.334121704411740550e-03
6.013372301296729394e-02
6.224468781573150311e-02
2.846241050399969663e-01
-2.115070111607699616e-02
-7.260146953579696416e-03
-1.000509705394791310e-03
-6.737101684646425170e-04
6.070450432336792213e-02
6.103447692931472657e-02
-7.253428143525021687e-02
-2.937143967902226815e-04
-2.354443213172692506e-04
1.430824441498362853e-03
2.854971818465612890e-02
2.883654882903680453e-02
-5.564418087729819384e-02
-4.422571811795970864e-04
-5.018582218151157459e-05
1.709847404687721284e-04
1.634899719717188352e-02
1.706803240668553975e-02
-4.560996910620350453e-02
1.580368010116323108e-04
4.194024583378235665e-04
8.836597669782206982e-04
1.215656464731832906e-02
1.292126824722418521e-02
-1.978915945927836262e+00
-7.529004166675601351e-01
-2.787936043195005098e-01
-7.018492541588172706e-02
3.304664481726504732e-03
6.448749883233952929e-01
1.712479123347847576e+00
2.652776608336033792e+00
1.522383240511324232e+01
-1.835544332663940556e-02
-2.985846910475998747e-03
2.842945903985247269e-03
4.027890680441306714e-03
1.985947736683690498e-02
3.569917118674541257e-02
1.126088147781156290e-01
1.703612024152239279e-01
9.344672612569333570e-01
-1.751084739762153453e-01
-1.090695909973701805e-02
3.029732586282196660e-03
1.016325038765653055e-02
1.888666004339106808e-02
2.261906134300667448e-02
7.219905295061676553e-02
1.132082233299044893e-01
1.110076498499259046e+00
-1.996513791897039716e-02
-1.140776155823304029e-02
-1.191410482604859239e-03
1.157240234016036068e-03
6.747499961376853678e-03
1.456158223911752786e-02
3.286604254876403231e-02
9.954721533075558404e-02
9.427504014751113548e-01
-6.493876380044330543e-02
-1.538347909784293366e-02
-6.533360742437814561e-03
9.439565318990067455e-04
4.418475725795983911e-03
1.097327411129035701e-02
2.309381201958718433e-02
5.812459388474003341e-02
9.283049800994123135e-01
-4.136161544080294017e-01
-9.861640520984160663e-02
-4.412999239341258706e-02
-2.749248134810933220e-02
-1.694007627408267158e-02
8.215527404762001940e-03
7.349632220452279041e-02
1.335977481964036317e-01
4.551155563558241801e-01
6.272589427136474605e-01
8.507467487404980488e-01
3.257124619793318132e+00
-3.268006770952916473e-02
-1.073389711729593257e-02
-4.346529882331209849e-04
2.179518863678737983e-03
5.543007802089418290e-03
1.534305653333015856e-02
1.105712813286461316e-01
1.277129500267014939e-01
1.538940683557969979e-01
4.118396639758562516e-01
7.651490635917056471e-01
9.841517992905856049e-01
-2.727207217927472144e-02
-5.033134097567039389e-03
-3.414598422237118125e-03
1.184584563438985383e-04
1.567414208302433942e-03
2.574702273706278022e-03
2.918479869241860647e-03
7.890208033795427511e-02
1.175303190434131145e-01
1.366712409248846405e-01
6.964093257875324516e-01
9.814639700335303640e-01
-5.400497954583947241e-02
-4.186085134546407849e-04
1.066260266188029382e-05
2.980014584595541693e-04
9.606718760122520684e-04
1.281053331571045673e-03
2.061219557478621844e-03
5.852077163881120453e-02
9.514634724468098992e-02
1.333782892200118531e-01
6.928046751751293364e-01
9.772856589136458272e-01
-9.090051077512815991e-02
-8.061707411092002007e-02
-5.911510988646443560e-02
-3.617055816283182984e-02
-3.098836363032934915e-02
1.140648269665339720e+00
-3.368429799827608873e-02
-5.215929863681273426e-04
3.530364764635154917e-04
1.518674316589107426e-02
5.128131730087776008e-02
5.628970912741152605e-02
-2.373647522323905912e-01
5.307337565434805393e-03
6.510616258453255645e-03
2.483415575722694446e-02
1.751617510955494339e-01
1.761827049283929969e-01
-2.902670428348783638e-01
-4.789040871688216017e-03
-2.217944549673472876e-03
3.308142639098177185e-03
1.289716095902244675e-01
1.311574379329187856e-01
-1.549450250076135349e-01
-1.853931224402437239e-03
-9.214222950795700195e-04
-7.747711674639251589e-04
3.480326699175610716e-02
3.974380562813573797e-02
-5.704504761351215647e-01
-5.174089293007287926e-01
-2.443463216645844760e-01
4.135680033197519645e-02
1.500514146436243701e-01
6.306138331236499361e+00
-6.455921621481610848e-03
-4.613539386456888894e-03
3.564061475904872767e-02
3.981777268069000564e-02
5.667780917056292750e-02
1.150323771114305504e+00
-1.940340429330958405e-02
6.766441818247814766e-04
1.264780246645322292e-03
9.015449304826622656e-02
1.246011222423752812e-01
1.258453581965316703e-01
-1.917427339915476758e-01
-3.529202559870159295e-04
3.162371354780771360e-04
6.599041366989119584e-04
5.624099851985834425e-02
5.700452202116597367e-02
-1.680840144722523244e-01
-1.406392623725293001e-03
1.132549122267040298e-04
3.923587771864633922e-04
3.838297335598167548e-02
4.102791896124903526e-02
-5.595210263903205306e-01
-1.556132235492880267e-01
9.160430391238194581e-02
6.024401319915779762e-01
1.157421307651594011e+00
6.333714618302716204e+00
-7.391936721743122551e-02
-6.777763977758131941e-02
-4.657111093720969763e-02
4.580794627003725861e-03
1.467096554826866073e-02
9.608864548522826343e-01
-3.908934193380705739e-03
-1.045058542775271961e-03
8.508270022208113889e-04
2.510381844759154019e-03
2.951519485346416199e-02
2.958111505004529240e-02
-7.759245701899496195e-02
-6.362491306966797100e-02
-5.851858653128944043e-02
-8.734517243219719340e-03
-6.266234161518099977e-03
3.384263934426534171e+00
-4.102231575766170091e-02
-9.533935059493486852e-05
4.877194828743700028e-04
7.230728790265117389e-02
1.930934016769575157e-01
1.936765927406052523e-01
-2.126066558317862287e-01
-4.787297019566261191e-03
-1.748369152368062229e-03
7.249394977863837797e-03
1.300091920645593535e-01
1.346003691622970622e-01
-1.925176245902588679e-01
-1.934817332625793362e-03
-4.581453200086724187e-04
3.625699914624261333e-04
5.142324956463065894e-02
5.233869774713370560e-02
-2.474108055812436133e-02
-4.215060740836738817e-03
1.294926852995582911e-02
4.419205809097218052e-02
8.784712810715181175e-02
7.681242471022138307e-01
-7.326507435753917830e-02
-6.398640431776181359e-04
-3.643914062034653290e-04
1.751097626417411068e-04
3.401134723353202438e-02
3.468874024857996480e-02
-5.665880996603762237e-02
1.319767304372963801e-04
2.089633178159223947e-04
7.573655512480535756e-04
1.644402769806883532e-02
1.662577586830105494e-02
-4.380627720678537812e-02
-5.666094556137143273e-04
8.467257008834203069e-06
2.871639570312528589e-04
1.096960252191281175e-02
1.124831759244624731e-02
-1.911456790130157346e+00
-3.980721359604360021e-01
-1.996557711253039713e-01
-1.248102881456802926e-02
4.107187677817620841e-01
5.255789873158243086e-01
1.026439236424340207e+00
1.647260915961499039e+00
1.497657361581333824e+01
-3.681114587351123069e-01
-8.895362058568001551e-02
-5.468385082643789641e-02
-7.861697009444834627e-03
5.119813725032251739e-02
1.511290215004604254e-01
7.278956052722644898e-01
1.517397999953129517e+00
3.127997651779326649e+00
-5.838135739580112282e-02
-6.182288570218234802e-03
-3.317431952268939943e-03
-6.402073055374393751e-04
3.599242444111971917e-05
2.546687878803716165e-04
2.852891874300711450e-03
7.806661941367165625e-02
9.459985201945310118e-01
-7.166531357594609075e-02
-1.845124040804613230e-03
-6.482858463618401679e-04
-1.543880535959801792e-04
6.253802782746342714e-05
3.484063043296681261e-04
1.525772950920337157e-03
6.871695298894618664e-02
9.463828034265180378e-01
-2.305058782950720087e+00
-1.856967454861989220e+00
-1.009734884533451948e+00
-4.353624206011494913e-01
6.817103183633044239e-03
6.931363575874716076e-02
1.506394547687270880e-01
3.216705225672420454e-01
6.013994493179950496e-01
7.808156745620187245e-01
3.969185792676646951e+00
1.187329398924295099e+01
-1.950123976358328071e-01
-1.230241777592931823e-01
-3.613586886324685055e-02
-3.084212312064382733e-02
-2.066007586850451827e-02
7.697853185978709156e-03
3.456479908085541286e-02
1.055266845471755088e-01
4.754850650262345546e-01
6.444971649495750965e-01
8.247955428616176032e-01
3.262981754411094393e+00
-1.798513435715503039e-01
-1.000573456293920027e-01
-1.086991424534849981e-02
-4.685299949960419763e-03
1.108807487081153731e-02
5.026019365487902069e-02
8.158461053361992787e-02
1.234143204573703301e-01
2.286609377675481447e-01
6.240699658703200425e-01
7.957875624560198924e-01
1.037123042780015547e+00
-1.104163561929022153e-01
-7.271371236190488085e-02
-5.160197738762681285e-03
-1.960580337889705760e-03
2.193357357573395838e-02
5.338602360607745678e-02
8.307975406601160462e-02
1.322916597886269474e-01
2.038603982144218674e-01
4.231758047785927346e-01
7.285987000293686622e-01
1.005223767940792268e+00
-6.625464325690404166e-02
-4.384493927084189002e-02
-2.692724822853306832e-03
-1.430608989482343163e-03
1.969278908958117802e-02
4.467054179494368837e-02
9.187755660601137908e-02
1.224717599105743793e-01
1.678190348935381382e-01
2.288005187727142897e-01
7.124046285691145730e-01
9.867817086231021051e-01
-1.175136698886201231e-02
-1.800717723030781370e-03
-2.924982442344490480e-04
3.746346939953666341e-03
6.643684519327387045e-03
9.516459198844251510e-03
1.105413860732681886e-02
9.020280801821803363e-02
1.225335397925532144e-01
1.370762022216835407e-01
7.003879953614728926e-01
9.792437016522483884e-01
-5.718226858235522791e-02
-1.516557311230702643e-03
-8.177930655154583284e-04
-1.823468706142125639e-04
2.786083451189400040e-04
8.874796100453372083e-04
1.637147353240213377e-03
5.050679072169810685e-02
9.011790608362721389e-02
1.322349161245340854e-01
6.907535467226469938e-01
9.728878209399678401e-01
