1.243715065141952942e-05
2.319987649313067491e-05
2.535015019334990342e-05
8.018997108372046239e-05
9.048157546951877484e-05
5.098928669724327847e+03
3.057759880802195173e-06
3.803000284113134404e-06
5.928750387859682975e-06
3.701522153236238427e-05
7.226703082270857998e-05
3.811533867861537146e+03
9.089256476661723775e-06
1.959321672183167356e-05
2.550376157687410077e-05
6.599814550623121008e-05
8.763788008592224483e-05
6.687294095216798269e+02
5.617972646988402409e-05
8.101951553441514328e-05
1.770173507416204154e-04
4.710933476186124542e-04
4.729990722108882452e-04
7.546699291567114415e+03
4.651783628075146632e-06
2.984543868560798096e-05
3.742443025713699942e-05
4.898677103639864964e-05
1.251701690970773195e-04
5.212955356655217656e+03
1.094646048194072521e-05
1.948119045400860440e-05
4.425433768540510386e-05
1.100458362047830911e-04
1.112835557718496962e-04
1.953283042508217932e+03
1.317321377352696399e-05
2.945013495082113856e-05
3.601597109315549371e-05
1.104799509105694130e-04
1.445340616454171600e-04
6.968612735782194250e+03
1.397217100626701771e-05
1.671798509930385286e-05
7.226703082270857998e-05
8.019890847075425162e-05
8.765996794776350872e-05
2.883151177260918757e+03
6.700578211572717627e-06
9.430173012785294281e-06
2.669109413141948896e-05
2.694554703572614549e-05
6.134261149810281487e-05
6.800093521270073325e+02
4.432457937023494521e-05
4.901322084553051575e-05
6.227487871702875385e-05
8.271331676730787875e-05
2.044020302038178935e-04
7.271189577355851725e+03
8.484136481544763623e-06
1.271983620029962413e-05
3.052718938643776692e-05
2.694158610317305691e-04
2.748881679692839232e-04
1.764787567350039126e+03
4.944307785102705292e-06
1.029379430594708406e-05
1.908545433503393775e-05
3.390447144125112878e-05
5.508947102635142776e-05
6.530337466894756062e+02
1.095839756057314359e-05
1.141849523202169642e-05
7.226703082270857998e-05
1.382505614451416524e-04
1.398495985486078355e-04
2.942271624796862397e+03
1.030923862365507192e-05
1.782606375713992309e-05
2.537740516041826443e-05
2.926872677377602983e-05
4.793759089943435515e-05
2.120443066824808284e+03
2.164615711974469394e-06
3.779153366336796595e-06
7.876280031233775551e-06
1.936362467360597798e-05
5.713210428433775821e-05
2.118556268592513334e+03
3.447058517838806747e-06
1.714566488876854996e-05
1.945448293211520682e-05
3.073698968818533894e-05
7.226703082270857998e-05
3.536448678408125488e+03
6.387563442643830375e-06
2.184358095922742202e-05
2.285506337595687761e-05
3.133513675086632472e-05
3.195119193311423788e-05
4.783829370137698902e+02
7.010590584831531390e-06
8.176702812279401897e-06
1.177341290271860858e-05
1.498016406493114103e-05
2.039236338258892267e-05
7.674485184109735201e+02
4.516689406250193412e-06
6.582585931658197309e-06
1.547823904225461159e-05
1.751177517046443422e-05
1.805609167527958884e-05
7.621405592958208217e+02
7.350192306319048713e-06
7.559521119687353956e-06
1.139306672955370050e-05
1.277512688620709638e-05
1.314894875894266599e-05
6.285825444144649055e+02
1.423382894433534792e-05
1.656083879284608090e-05
5.373120412415767174e-05
5.870348353320938646e-05
8.850867537081020771e-05
3.555085082245224385e+03
9.498848874267984342e-07
3.128851170741502302e-06
4.425433768540510386e-05
4.533928574118171355e-05
4.613739195977319363e-05
1.756714971970891384e+03
1.068225343402614415e-05
1.792020250377014887e-05
2.072275567676685088e-05
2.642538062276246992e-05
2.753171498284604160e-05
7.224331912375648699e+02
2.165554233406086192e-06
5.028074619849852427e-06
6.628312090668523451e-06
1.000385814400032510e-05
1.953253227463128068e-05
7.228861996300352075e+02
3.657395257990232728e-06
4.440073953507115151e-06
4.564358723507016303e-06
8.521375671701939382e-06
1.154010234050180547e-05
5.796749177826775394e+02
8.127304599612928443e-07
3.212211763268956180e-06
1.462069851681031043e-05
1.863613559797712072e-05
6.258508454853865973e-05
2.312661499440526768e+03
3.424488122228792385e-06
4.938588319143241858e-06
5.460634207974180179e-06
9.114358667162892507e-06
5.110050755095447338e-05
2.338975454066068323e+03
1.550582844226466380e-06
4.708347979407703181e-06
9.215295136559941959e-06
2.106641654322515575e-05
2.591602723146136606e-05
2.817308971926053687e+02
4.387104479785464390e-06
4.739596652247764378e-06
1.183601705868919989e-05
1.236589436030079869e-05
1.861581872506997909e-05
7.162670008237884076e+02
3.588487196504460808e-06
6.309212647126802858e-06
7.578058772984551574e-06
9.033378851261195555e-06
1.190641457853106530e-05
5.474749952900410790e+02
1.623476586065775349e-05
2.802088142852242754e-05
7.715712187257238420e-05
1.515513920186844273e-04
1.555046551661223842e-04
3.635604709660470235e+03
5.627866211502360288e-06
7.193850317776456407e-06
7.774514893475939747e-06
7.861546730806628555e-06
9.614339454423840651e-06
7.583055559003411190e+02
4.169925851547360687e-06
5.363478025504667091e-06
6.387563437310030871e-06
8.704775311816455039e-06
1.107778451437415266e-05
7.586544181116611298e+02
4.519396950008985786e-06
6.195382164940204138e-06
1.328581160396680995e-05
1.391567331515166495e-05
1.456865704912603628e-05
7.196108964604825360e+02
3.654126898225515152e-06
6.032737674326731882e-06
6.186476055180246112e-06
9.033378845463002616e-06
1.094934480159586790e-05
5.777661438264539129e+02
5.583946439270590204e-06
8.949383494037520885e-06
1.997587893812666454e-05
2.350824630906054235e-05
4.425433768540510386e-05
1.718852804091161488e+03
1.289813709675883745e-05
1.501197350838234013e-05
2.067104871418678035e-05
2.303068747250800957e-05
2.423023447264904684e-05
6.183320808363525884e+02
1.132344231520460944e-05
1.523347999156431016e-05
1.628515529150832149e-05
1.664158656137745726e-05
2.620853711959908306e-05
4.604502185395177776e+02
8.410815656988163084e-06
1.342198525007213423e-05
1.532764606431384077e-05
1.644642683897221927e-05
2.142453904197978427e-05
5.099473034306482759e+02
1.947830503775395153e-06
4.874634856603336600e-06
1.318157159632107294e-05
1.355006820754904554e-05
1.776622393455085013e-05
6.346244447156507249e+02
1.604376372984437629e-05
1.937764854645333828e-05
1.939617403642110343e-05
3.520026468221978082e-05
8.850867537081020771e-05
3.248475863398969523e+03
5.790024356753119321e-06
6.083802259659628527e-06
7.826642828099396443e-06
2.240634190472298986e-04
2.243132976556358080e-04
5.580332115408899654e+02
6.957641441563951966e-06
1.043974516506254958e-05
1.124352457417622902e-05
1.507424665630945192e-05
1.825897217467770860e-05
3.426343427980863225e+02
3.432267458875777069e-06
1.066160278587546949e-05
1.552468847375085468e-05
1.714619777003755787e-05
1.954933554585410127e-05
4.913209749085021372e+02
1.089037653684632352e-06
3.142137054256389572e-06
1.009962456770678516e-05
1.300671468010413954e-05
1.604600795933331503e-05
5.518433675547672692e+02
3.293176673015920891e-06
5.573018807447698395e-06
9.844639435059495333e-06
1.352672855103451271e-05
7.226703082270857998e-05
3.237696720674138305e+03
3.693712934632374054e-06
4.343475404422999080e-06
1.134233797322690680e-05
1.908100631929147048e-05
5.110050755095447338e-05
1.788949331819820600e+03
5.138524889999334538e-06
5.229386855969978645e-06
7.395433242765719104e-06
1.005128147760922329e-04
1.010882522619248688e-04
6.973402020727390038e+01
1.022505567762177363e-05
1.057466225466852777e-05
1.106358438781268116e-05
1.126514435035481796e-05
1.484257361535257883e-05
5.665185349700088864e+02
5.259597523102550301e-06
7.741408955264855862e-06
8.698716279119852313e-06
9.550942143653838698e-06
1.195003696197185984e-05
5.297667485464802439e+02
3.304808460786687233e-06
5.896377589688524189e-06
1.484480565590882868e-05
2.710169303245457483e-05
5.700618403927478259e-05
2.287430543658102579e+03
5.115621437260940711e-06
8.086558131746393211e-06
1.012545306731255768e-05
1.917030497104182268e-05
6.258508454853865973e-05
2.291117373175800367e+03
3.457326893799826062e-06
9.309341477484909809e-06
1.508558538461024865e-05
6.747521244586019329e-05
6.993489375204468817e-05
8.392916289888062238e+02
8.968662306410116044e-07
1.096260676220672140e-05
1.271104279365182198e-05
1.290132190431807219e-05
1.428302605983174237e-05
5.470838939078076919e+02
3.399680573567539153e-06
4.180961505163872802e-06
5.944572876292339958e-06
6.781641028642655511e-06
1.106358438419188975e-05
4.897138861169879647e+02
1.196233894223732744e-05
1.867726069728166464e-05
2.078596789290079806e-05
5.021993129716404867e-05
1.022010151019089468e-04
3.249264299310231763e+03
4.133574325467146764e-06
1.239364017088012572e-05
1.288207251114256729e-05
1.447434461070316725e-05
1.569233507029189776e-05
5.318211636008752521e+02
1.807547166526616953e-06
6.989375049920060703e-06
9.524142193782216356e-06
1.125609198342178338e-05
1.151422933776218378e-05
5.214960154781966821e+02
3.273548270587923665e-10
7.470395566370149044e-06
8.741438757041313767e-06
1.216677835341595571e-05
1.354714580074472363e-05
5.323402835128761126e+02
2.846623228029412761e-06
3.259193403855617163e-06
4.509910717088286697e-06
8.002435530114903150e-06
9.581345135899342312e-06
5.380000317696393495e+02
4.677298319877091213e-06
5.601575148235870649e-06
8.446650720612286996e-06
1.713055296708204626e-05
3.613351541135428999e-05
1.747583860782519650e+03
6.357969177482576105e-06
9.687815080204758658e-06
1.059257557831533189e-05
1.290159888592836118e-05
1.890055802078628174e-05
3.124813316704984913e+02
9.772859814823013823e-06
1.114587148955699161e-05
1.277512687617587661e-05
6.715762633936857501e-05
7.019781255982928271e-05
4.444932371407096525e+02
2.063360092985887024e-10
6.766993168705907476e-06
9.464133365333431510e-06
1.469490214748076485e-05
1.666931635173108550e-05
5.175585022932833681e+02
1.236528946246862998e-06
3.980143467791170741e-06
6.534914011098275305e-06
7.938775286063171340e-06
1.106358440881471739e-05
5.535416444693256608e+02
1.184195575762056746e-05
2.312753995069491127e-05
8.079699672582446525e-05
2.178017833316942117e-04
2.184736434749084283e-04
2.966139908674363596e+03
1.553275339072697267e-06
3.687711406559978507e-06
5.469044208688652953e-06
6.560906611704024662e-06
8.169821506034523356e-06
5.451349858006664135e+02
3.603741506270124642e-06
4.194025041771056302e-06
4.516689426419286249e-06
2.431401729303895039e-05
2.496957650093601340e-05
2.487172472808813666e+02
2.010754288861227174e-06
3.332202561882341852e-06
3.425712452469563662e-06
5.314590656603871701e-06
7.995449969866433421e-06
1.107050127616290922e+02
9.826667524782977151e-07
1.506328159638746971e-06
1.714087256525900910e-06
3.441645485133541458e-06
5.845235305729877297e-06
2.900386984475234158e+02
2.130608994820689498e-05
2.461000607935655808e-05
6.723594087556332140e-05
2.043412442551476298e-04
2.063027422344036906e-04
2.996538132731701353e+03
2.477077253863128199e-06
5.252600180021806574e-06
6.565289310735899716e-06
1.322214160442974020e-05
2.555025377547723669e-05
1.359781140525196406e+03
7.993658751644958191e-07
1.152404315875498183e-06
1.277512688773861834e-05
5.314151605362648576e-05
5.329936322119922413e-05
3.807963827774922265e+02
4.355638664637692065e-06
6.206279591758437917e-06
6.549537426583914612e-06
6.681698234978938068e-06
6.910024999907429428e-06
2.509264253117946168e+02
1.076734465713199178e-06
1.450552278900075666e-06
2.870567743672574733e-06
3.741852461431031713e-06
5.296287814694423509e-06
2.916673983017595333e+02
7.128905554462092128e-06
1.195883981828538063e-05
1.266320055737046887e-05
1.364696733383130856e-05
5.110050755095447338e-05
1.961554170452986227e+03
1.055986610572382404e-05
1.429114240396005089e-05
1.797051170833674372e-05
2.143169440251115469e-05
5.110050755095447338e-05
1.961554170453175402e+03
9.294835573333917656e-07
1.206490760458133178e-06
1.540870357803174512e-06
8.625100908744177868e-06
1.806675770567714499e-05
7.148585259119015518e+02
2.032796524003626077e-06
4.100360157758347696e-06
5.749223675145192839e-06
5.975018470126491505e-06
8.845977592184370820e-06
2.417404460656397873e+02
1.645597024703138324e-06
1.697139505407876506e-06
2.356870312361445186e-06
3.726740144934613796e-06
4.224976080917098499e-06
2.811035219739123932e+02
5.429856608771210398e-06
2.013101605512861554e-05
2.608803986692220407e-05
2.846134770788417712e-05
8.079699672582446525e-05
3.007433162476327652e+03
1.810039323253421941e-06
2.230561122397902280e-06
2.913369229824476040e-06
3.040772644581948611e-05
3.088937753475722909e-05
1.640579182614456499e+02
1.555325949577907247e-06
4.275692072586878244e-06
4.757079760670831467e-06
5.595819195648024384e-06
6.960685867825396117e-06
2.281737864375438960e+02
1.634022102225687129e-06
2.228048987177491546e-06
3.444390665266818685e-06
3.950405581462942607e-06
5.975018478412626040e-06
2.716578434819531935e+02
1.323394955962366987e-06
2.835099041858954920e-06
3.431301951326046762e-06
3.736229283939275191e-06
5.049812284480299451e-06
2.926150757118875276e+02
5.279415335002431038e-06
6.228106255222776504e-06
6.979902780328855670e-06
1.212986060550268084e-05
4.039849836291223263e-05
1.429672398467748963e+03
1.730335966496051928e-06
2.015029831346808833e-06
3.821045997333164546e-06
7.141513035542219777e-06
7.322268909540539952e-06
2.580885959720729375e+02
1.131759187223817213e-06
2.411967768806274484e-06
3.529740761108373427e-06
1.023612889065808838e-05
1.075794073960246110e-05
1.240232159526944145e+02
1.824914279915935171e-06
5.808339958835222174e-06
5.825156176710890185e-06
7.579758891035568501e-06
9.725684434556648855e-06
1.760554664077747020e+02
4.353993276281479224e-07
1.331264167385113905e-06
1.487404862537564801e-06
3.397522979122329033e-06
3.911567789630340637e-06
2.924459689525381236e+02
3.315590837900666155e-05
4.061371906795211274e-05
1.022010151019089468e-04
1.344193549434175548e-04
1.372114780178879253e-04
3.455194607588288363e+03
1.155621892062754952e-07
2.587181243022793887e-06
5.700993848640660834e-06
2.106021998591684136e-04
2.125438220317447989e-04
1.188422697440826283e+02
8.744370137934223201e-06
1.205135609843586973e-05
1.221154911281883284e-05
1.934427121249781967e-05
1.968779273975489928e-05
5.897049434648226907e+02
1.623516731102817540e-06
6.023950368452898992e-06
1.009037023409205830e-05
1.088590578568532965e-05
1.844186474047561152e-05
6.266944214334544085e+02
2.011361412253094417e-06
7.156603887295866523e-06
1.237452109936212209e-05
1.309856268475142410e-05
1.963550980900664983e-05
6.440988638354073146e+02
7.694266042343655268e-06
2.236053494822100760e-05
2.529237202294801518e-05
2.806413735067243544e-05
1.022010151019089468e-04
3.492279327512162126e+03
2.570151481186636558e-06
3.603002340292500886e-06
1.268228183753666459e-05
1.865846936041879001e-05
4.425433768540510386e-05
1.772348022645912806e+03
1.166193097745179226e-05
1.660567492364836632e-05
2.212716882850278318e-05
2.348112677596460513e-05
2.676657860950428053e-05
5.072739127574764098e+02
3.854629229065486184e-06
9.162712647224460544e-06
9.496802621396887819e-06
1.280203991529422160e-05
2.155295246894165849e-05
6.731635607485350192e+02
4.528599009962891217e-06
8.112279372877563777e-06
8.909332772839910521e-06
8.998371215954039024e-06
9.033378826585360585e-06
6.183254778383297889e+02
5.475845841631971178e-06
9.354732218173328527e-06
1.316926393583144288e-05
2.673863521694177099e-05
5.713210428433775821e-05
2.341358006456444400e+03
4.468044193001090074e-06
4.704953480662416688e-06
1.651919908527086771e-05
3.003489251639391156e-05
4.613652286786125840e-05
2.366783392039387309e+03
1.601217914117546776e-06
1.277512688773861834e-05
2.063783521843774203e-05
3.292995065773889296e-05
3.551080006304371247e-05
6.838436302012859187e+02
1.144503821598330862e-05
1.294790467253260601e-05
1.564627105464675777e-05
1.963265787988284155e-05
2.407833271163975901e-05
6.731652586967202296e+02
2.332780764450527957e-06
4.510544371281804866e-06
6.100196456654173192e-06
8.532644085181521689e-06
9.461708118748806337e-06
5.531973346475264179e+02
2.275887688111255649e-05
2.347524290379333320e-05
2.457218618550991907e-05
3.238302160290843862e-05
8.850867537081020771e-05
3.523861787414537048e+03
1.340628931446463639e-05
1.428302611422590448e-05
1.757972079331510890e-05
2.042381426803853206e-05
2.046129994763304532e-05
6.656076451251707340e+02
6.986147810813386591e-06
7.609035815707764974e-06
1.324064821521803730e-05
1.765012567543868246e-05
2.241479382310326203e-05
6.651811438964664376e+02
9.183147878844405071e-06
1.178975445999017246e-05
1.450471662329130910e-05
1.466041200435558802e-05
1.572258927791955421e-05
6.202795282933118415e+02
5.081640103817448704e-06
7.563191002277372835e-06
8.636870452494141464e-06
1.309244984227899101e-05
1.355006824408340445e-05
6.170855524790073332e+02
4.239097463949019529e-06
4.997121261551320958e-06
1.463441896434580182e-05
1.697477787343257144e-05
3.613351541135428999e-05
1.832175465587122972e+03
1.031495538119805256e-05
1.318027866894139321e-05
1.368737520872382299e-05
1.606728842218384175e-05
1.749306289480054665e-05
5.871479935026178509e+02
1.606549092061820049e-06
6.288960738875089999e-06
9.074837007382157561e-06
1.311465548122331913e-05
1.663954560634763603e-05
6.099899445503721154e+02
9.084089940357194129e-06
9.958925718942746789e-06
1.824999316071435830e-05
1.979055696274024945e-05
2.160718845046962706e-05
6.525193780415877427e+02
8.136650889809106624e-07
4.589891983085505562e-06
7.204378118893569398e-06
8.663577479265336127e-06
1.009962458046548659e-05
6.432990638982978453e+02
3.702022518461186180e-06
5.502510912118763366e-06
8.850867537081020771e-05
8.975715116086462921e-05
9.763084128219360637e-05
2.919996954335532337e+03
4.956481036165113115e-06
1.108913204048292781e-05
1.427401799689274615e-05
2.087248785759710651e-05
2.141872037146987703e-05
8.691965099247707940e+02
6.250342451663914635e-06
7.400739293539329016e-06
1.151534374362948149e-05
1.247586773813918607e-05
2.173090067218095130e-05
9.927062313198234733e+02
6.622277801892065819e-06
9.347402512577237995e-06
1.277512684376345954e-05
1.875656412638259865e-05
2.973872415099743902e-05
9.980540158712301491e+02
1.060776728869303074e-06
2.575611972891667110e-06
4.237788386493477491e-06
8.573556960947929925e-06
9.581345156006195168e-06
8.802748289599873033e+02
3.381740057540093294e-06
8.144620073855683896e-06
4.506249425675264852e-05
6.511910326391976529e-05
8.850867537081020771e-05
2.876208692182976392e+03
5.184196071386179363e-06
5.956444917106547045e-06
3.379980871225095362e-05
3.943861534195839503e-05
4.324297465123501486e-05
1.016238551290172268e+03
5.351854200594989233e-06
8.279264674710194824e-06
1.376955842391092285e-05
2.911716710431517648e-05
3.225497173598241760e-05
9.657091425979619999e+02
1.657505660696866291e-06
7.467858671779365820e-06
7.918871824179114403e-06
1.207255555684759492e-05
2.750621005257509281e-05
9.672757794254195005e+02
4.923923765692957344e-07
3.563203165961980801e-06
5.280857039316953197e-06
5.531792216441143073e-06
1.490647401604554592e-05
8.181547113726787757e+02
4.672322450296068560e-06
5.646652918501529233e-06
4.425433768540510386e-05
2.811504003996891294e-04
2.819061260147904613e-04
1.450327298790108443e+03
2.518119200244424336e-06
8.523808422153839691e-06
4.039849836291223263e-05
2.838967608444681106e-04
2.916319545618866610e-04
1.457460563335741199e+03
4.811474772489177597e-06
5.598024086904167796e-06
1.373697457365572624e-05
4.043254507775748835e-05
4.487195843825827411e-05
6.960290801489439900e+02
2.065071140784081731e-06
6.989931995195165604e-06
1.009962457227100017e-05
2.195543899252345015e-05
2.991993722445725207e-05
9.627317095887382266e+02
2.235146842925167799e-06
2.283451888880194494e-06
6.756122345360817877e-06
1.433711755760039514e-05
2.046579766717962086e-05
7.740518822951530638e+02
3.407987626112411890e-06
8.023794043642587821e-06
7.000201736653251315e-05
7.632314606746313200e-05
8.850867537081020771e-05
2.847479274397375320e+03
2.423499466746686791e-06
3.833991584232397059e-06
1.596890858641504204e-05
2.044181963680165334e-05
3.052277505968849089e-05
1.010684760789281768e+03
2.272427543508114003e-06
8.419970703064693821e-06
9.104698947457404501e-06
1.663686660868316162e-05
2.130680810341892739e-05
9.736540802627913536e+02
2.165673478223522260e-06
3.283198077868065070e-06
9.033378826912427111e-06
1.488184278696023928e-05
2.437541133280473767e-05
9.295057483541864940e+02
1.701950778899684866e-06
2.153314658656809900e-06
5.953559515831831085e-06
2.064967471020163429e-05
2.183606655947533071e-05
8.162956468188905319e+02
3.915770293854593962e-06
7.379918485023168351e-06
3.613351541135428999e-05
6.654494210373765176e-05
8.455300172126360920e-05
1.084955674577767013e+03
9.748470345131424178e-06
1.046167950075862716e-05
1.316829931415627804e-05
2.838352123218097130e-05
3.378320281278845977e-05
9.736370817059412275e+02
8.021726615209715493e-06
8.112910087565948164e-06
1.355006820686511556e-05
1.599749963004511326e-05
4.141821725563729037e-05
9.715827223028836670e+02
9.301826610818209473e-07
2.848687509260922402e-06
1.258834697039087537e-05
2.259375399279139852e-05
3.230779481662190251e-05
9.702832808007502763e+02
3.797607704301265333e-06
4.774397954158643732e-06
7.015738148293041543e-06
1.083064071856538159e-05
3.046381014986366094e-05
8.797321993075496493e+02
6.260022049065145679e-05
1.458507259527496228e-04
2.111655502277794106e-04
2.113653129605538546e-04
3.676853812130818542e-04
5.036714710065081247e-04
2.536619479264651545e+03
4.552075272489740200e+03
1.393512962932420123e+04
3.702733360292444507e-06
5.166047866260739735e-05
5.338267069845360128e-05
6.265702704801463232e-05
7.687021600275852724e-05
1.060064684030741005e-04
1.051221473243373111e+03
2.495066414954732409e+03
3.658209433537697350e+03
4.911446166599688387e-06
1.230390434287908460e-05
2.264291393092799490e-05
2.511869108983625268e-05
3.684988808228896099e-05
5.551872936116910944e-05
1.454032636874187574e+03
1.632061459863699838e+03
3.608652745055740979e+03
1.050757230807531469e-05
1.802577743177768746e-05
2.870710132896506331e-05
3.537340430358186679e-05
5.959995230927194327e-05
9.370956166226634509e-05
1.351958232843871883e+03
1.904383290188884075e+03
3.634136533882278854e+03
8.280200992695971036e-05
8.850867537081020771e-05
9.292303327778370439e-05
1.441928076044531656e-04
3.358791510141402397e-04
3.371959319611466960e-04
4.217723469342776070e+02
4.675265863021088080e+03
1.383169894176113303e+04
6.986491479657536483e-06
3.774111050976917888e-05
5.327090166256707548e-05
5.399640501425569724e-05
1.556774501768831372e-04
1.942623687495148143e-04
3.735052597175224491e+02
3.829269588011849919e+03
6.046681585002769680e+03
2.120997598645872099e-05
3.007891744358488385e-05
3.761033357625001062e-05
4.522454464210616748e-05
4.604227094804038876e-05
5.513505276508460557e-05
1.574689520405664098e+03
1.960856085040825064e+03
3.623422748905232311e+03
1.620057243421315680e-05
2.044362469633519554e-05
2.839602096393896950e-05
2.967710479762470071e-05
3.570744481921094059e-05
5.269148198495793425e-05
8.681199593629786477e+02
1.374067841566411062e+03
3.631886669112082927e+03
1.270964709538725636e-05
1.082202360632901218e-04
1.755216874608447495e-04
2.379057720712835671e-04
2.850943092765344006e-04
4.238277853319908370e-04
1.789910340422227364e+03
7.465989575900411182e+03
1.066648822712216133e+04
6.249145416599893909e-05
8.096377702938349435e-05
1.195551808917204561e-04
2.037033076127343955e-04
2.102429917712996855e-04
2.775792139683237649e-04
7.993320034754598282e+02
6.742527164315608388e+03
1.098305963659772351e+04
2.205820067956377795e-05
4.603803967693112877e-05
5.980574151189332432e-05
8.145247982954981019e-05
8.448448894860363710e-05
1.375621707022470512e-04
1.369070223215230953e+03
3.376777716534902538e+03
3.738820565660432749e+03
1.784971040483364772e-05
2.166968705952536370e-05
3.730868046364254806e-05
4.269832258764981979e-05
4.319053156165914887e-05
5.094124308837869644e-05
9.601956494387994780e+02
1.088260636243697718e+03
3.618655867849455717e+03
6.474827915414016293e-05
1.209435646452276119e-04
2.451920643171270702e-04
2.657061889016421518e-04
4.452083993843012895e-04
5.222677876054069787e-04
2.971335758565129481e+02
4.528361187926848288e+03
1.399534799453741471e+04
1.623321252880771578e-05
2.457326742357882245e-05
3.349478576332449835e-05
3.602630054594870051e-05
9.439128880538391630e-05
1.282418423852688745e-04
1.312674842327982105e+03
2.043456683535080856e+03
3.755666719434192601e+03
1.814333851510754232e-05
2.360526365748476601e-05
3.173412621379420866e-05
4.719351148328322491e-05
2.129901019431253606e-04
2.557383901013600522e-04
1.310744893801135902e+02
3.268994337439316041e+03
3.652338971624004898e+03
2.422611039905144046e-05
2.441354112618213031e-05
2.555025377547723669e-05
2.893458283246873734e-05
3.410790514479552490e-05
5.827022173927310468e-05
1.038628586117261420e+03
1.070728315504631382e+03
3.618556916683012787e+03
2.121596037026163392e-05
2.608318669594129004e-05
2.849750747923664071e-05
4.395647683880876493e-05
7.340309143439627032e-05
1.156410635029539528e-04
1.170756049412001175e+03
3.371512098960291041e+03
3.741314359906846221e+03
1.488692128007344013e-05
1.647574839648220429e-05
2.450438673098356905e-05
2.570712495713972117e-05
2.997813257448675507e-05
3.048903735576736685e-05
1.440827585005514493e+03
1.665221603853425904e+03
3.599325566026957858e+03
1.341047440798298744e-05
3.580265886663640035e-05
4.241393089643926708e-05
5.008590426211611949e-05
5.686507876084508691e-05
5.971734264414335533e-05
1.396772309624188438e+03
1.610346926465973411e+03
3.656622389024809308e+03
5.355635294480895691e-06
3.436328184968669960e-05
5.406233920199601854e-05
5.947351870705214850e-05
8.419997386711249314e-05
1.025530734600544377e-04
7.367324357882253594e+01
6.895276854340661430e+02
3.667733962877410704e+03
9.802835902374557866e-05
1.092948570812726539e-04
1.762294204401779218e-04
2.199028588872380607e-04
3.304656451939020495e-04
3.897224810711259757e-04
3.304284108983148599e+03
3.480187031306541030e+03
3.576108939435252978e+03
4.613225414464464848e+03
4.815858079854259813e+03
7.600246284718595234e+03
1.374572895982308994e-05
1.853546309646797024e-05
2.250403258095787657e-05
2.999244120360654065e-05
3.168992331052880319e-05
7.602423012399642645e-05
1.190051544475601077e+03
1.588138791709003044e+03
1.684605298324533123e+03
2.714950177561553573e+03
3.432461865779252548e+03
3.462469829695849967e+03
1.492108189914002201e-05
1.888810413281415346e-05
2.056184315243474734e-05
2.270067644381559656e-05
4.118728596465999605e-05
4.965365518039757263e-05
1.033708079109896744e+03
1.416584996568635006e+03
1.485921755938390106e+03
1.539748178918484882e+03
3.399292466631363823e+03
3.424740920964435645e+03
1.497581259240545750e-05
1.750028777095016119e-05
2.244949394365209816e-05
2.396954045807709252e-05
3.439604964916547619e-05
5.219910810902104304e-05
9.418209550141491491e+02
1.138373076000958235e+03
1.370212174966679413e+03
1.494317796797682831e+03
3.393180369741242430e+03
3.420152716568758933e+03
1.548636551321230142e-04
1.988236288609854111e-04
2.145306965585213601e-04
2.251571394458761507e-04
2.556893503349680916e-04
3.044033763554063318e-04
2.826294404751916318e+03
3.334366106174671586e+03
3.551248173483422761e+03
4.092700766360170746e+03
4.429917472182861275e+03
7.792997526162379472e+03
1.919867619798312365e-05
3.498794709874653122e-05
4.272532709876088007e-05
4.575201583958287853e-05
6.430714934453023830e-05
7.220189134001282088e-05
1.029959551411237953e+03
1.397842939112093063e+03
1.427097386224374759e+03
3.453831113676051700e+03
3.509705255561631020e+03
7.437153588756306817e+03
1.900149934356660400e-05
2.062672781947332161e-05
2.327410265553498989e-05
2.596636906515883733e-05
3.562711913824199262e-05
5.716521872383198004e-05
1.191155675525160632e+03
1.592265964748475426e+03
1.612415018492064974e+03
1.924574285353920004e+03
3.417881807947509969e+03
3.455761760326958665e+03
4.423846015497612853e-06
1.682003231269992133e-05
1.843692645431190555e-05
1.962521248690976371e-05
2.990773632881411770e-05
3.456928913581116663e-05
7.558737256741810029e+01
1.167337203063193101e+03
1.406485712282802979e+03
1.486036959607065455e+03
3.403820297037930686e+03
3.444116232906843834e+03
6.092995737755894274e-05
1.005575571769366479e-04
1.784531466896395143e-04
2.041670174365857839e-04
3.190256141658321396e-04
3.811993512168027998e-04
1.400024160079668945e+03
2.650520609425344446e+03
2.949294017604505370e+03
4.580776217534945317e+03
5.491703569391833298e+03
6.681067931070362647e+03
4.256409219307277070e-05
7.362927719438865429e-05
8.410016940491825941e-05
9.379369982274704911e-05
1.042671524125417037e-04
1.377582433644960135e-04
1.688433181306750612e+03
2.646544870347878259e+03
3.184606222149222049e+03
4.334404950716240819e+03
4.989970479522900860e+03
1.010454607298327392e+04
2.964610059927309015e-05
4.104178875350534915e-05
4.327763268495307219e-05
5.619086369066667036e-05
6.151532750771724495e-05
1.086320559742734877e-04
9.826110295270204915e+02
1.574442434380737495e+03
1.904592572059425493e+03
3.151283822892449280e+03
3.338513195406742852e+03
3.467986157123981229e+03
7.637734316646537834e-06
2.019439780903152162e-05
2.136816871411956171e-05
2.250914042687789045e-05
2.541986037547025858e-05
3.396440204757584342e-05
9.412459644951965174e+02
9.676179432332293118e+02
1.011585512081170577e+03
1.431214851711763231e+03
3.398978554084119878e+03
3.446698422745981134e+03
7.092995033652347615e-05
1.313902001993985094e-04
1.478073001259290627e-04
2.398894517396288513e-04
3.078505378401788354e-04
3.261632884549764584e-04
1.186745086085320054e+03
3.515816943274776804e+03
3.569522603842171065e+03
3.980763026850956521e+03
4.150730499685460018e+03
8.331633838571331580e+03
7.430968971972990003e-06
2.123799740658048089e-05
2.246308551815725453e-05
2.712294127218509593e-05
3.286716837191022743e-05
3.837374594408030179e-05
7.052538560032359101e+02
1.163720579000995940e+03
1.383217771427043317e+03
1.494499857216891314e+03
3.404693490968822516e+03
3.445568768060866205e+03
1.448115430668192801e-05
2.526883111115641066e-05
2.716736210594150020e-05
2.764785668319922777e-05
2.907850942911983116e-05
5.087974733497440050e-05
5.765949501654962432e+02
1.058285484640415007e+03
1.230624778771974661e+03
1.460798508623506450e+03
3.400604071397540793e+03
3.429172338671770376e+03
9.292965737272593327e-06
1.753477184361595289e-05
1.893077905914149816e-05
2.349803265269287086e-05
2.994928931818577309e-05
4.918607695316531590e-05
9.831726540930736746e+02
1.000301977965419155e+03
1.036685154229798854e+03
1.431876981065595146e+03
3.396904660591045285e+03
3.438456171636798899e+03
2.590798016434410925e-05
2.980956980201962273e-05
4.077447189984070272e-05
4.576926566294783921e-05
5.980402008432608729e-05
1.001192612333073331e-04
1.010512406065102255e+03
1.460342471977513469e+03
1.729096609917168053e+03
3.092490876785735963e+03
3.202086017301862285e+03
3.445538220210064992e+03
1.456792212053272918e-05
1.672350439558292385e-05
2.552068184998964025e-05
2.849235704791054251e-05
3.607434897770641323e-05
4.035115676421833998e-05
1.069169815682627132e+03
1.426555231438074998e+03
1.522657320193486157e+03
1.573707768609975119e+03
3.405183569872303906e+03
3.448119062573523024e+03
9.828403093783307157e-06
2.198035905551379906e-05
2.240082636551404453e-05
2.319424321235613018e-05
2.476771553014278800e-05
3.665695532039245027e-05
1.012059158098110629e+03
1.191777089917905414e+03
1.411110566359660424e+03
1.516070429415188528e+03
3.404677383274608474e+03
3.444348527928014846e+03
2.126211622562668833e-05
2.157413451856221039e-05
2.645684573375184199e-05
4.121275481466675483e-05
4.603001959103580936e-05
5.056416778651581356e-05
7.138158918240090998e+02
9.103340208976462691e+02
9.905632758421389781e+02
1.363635308084853023e+03
3.344340024998527042e+03
3.376055758933535799e+03
