1.854591141873643785e-05
2.145465840891339678e-05
2.263058907063173259e-05
4.901545033383306065e-05
1.615939934516489305e-04
5.512082270727039031e+03
1.440489479554056605e-05
1.701190652544936916e-05
5.110050755095447338e-05
5.396741483412208413e-05
6.134980355348029107e-05
1.680142999268962740e+03
4.039324974828116775e-06
8.787640841004193415e-06
2.888047435136695045e-05
3.061920277382100157e-05
5.108307425105535572e-05
1.304772898452588151e+03
3.125444281889426035e-05
3.284346497355362135e-05
3.989012741451343497e-05
4.178563747697509775e-05
6.220121284975738758e-05
9.153038913115335617e+02
2.689666777907766405e-06
3.711295404533961309e-06
3.911710828242819847e-06
2.530785616437928123e-05
6.258508454853865973e-05
2.320870688042279198e+03
9.404086327408591694e-07
1.242916365759927637e-06
7.982247932540511431e-06
1.147625444613990987e-04
1.157125015339420954e-04
4.459665487298947255e+02
2.669685884121755133e-06
5.137796461073637592e-06
1.106358441316514807e-05
1.216079386412664612e-05
2.057058984789826166e-05
7.115697435526720938e+02
3.879362188803728520e-06
5.886253287216619712e-06
7.083981410225879515e-06
7.663389484655686241e-06
1.106358438926015035e-05
6.284740629454547616e+02
2.628912590326960090e-07
5.023679031558617939e-06
6.656407896026635133e-06
8.182512206159238410e-06
1.236946340607789435e-05
5.473469210359494355e+02
7.751081965982154086e-06
9.396575208961085741e-06
1.029797668314813307e-05
1.561666859362784688e-05
4.425433768540510386e-05
1.975378918821548723e+03
2.690561652680442673e-06
9.420404909196938934e-06
1.923114421619587962e-05
2.019924918145611631e-05
2.692006703078308113e-05
7.179518861880330860e+02
3.363457604264171379e-06
4.812220717398416281e-06
9.758886947451690530e-06
1.090744140794774085e-05
1.462277834648072932e-05
5.647896052057142242e+02
6.297660163964424390e-06
1.422905155215233662e-05
1.739577356025508924e-05
1.926714597712839575e-05
4.425433768540510386e-05
1.678833575129154497e+03
1.295867123998666683e-06
4.519751020951582334e-06
9.934364616940471364e-06
1.300250012972593303e-05
1.806675770567714499e-05
8.743548606696455181e+02
5.074927243746691876e-06
6.950624285378890434e-06
8.474701529590241653e-06
1.564627113713466493e-05
1.625794005230990038e-05
6.265840343095511571e+02
1.319121046862233276e-06
2.585149533310707392e-06
3.785242543767153974e-06
4.790672562924710877e-06
5.196632316694757020e-06
2.880539070813152875e+02
2.123712162446241902e-06
3.542953521713625323e-06
5.049812290675777101e-06
6.628701466175747242e-06
8.195449138676005638e-06
2.785610639874613526e+02
4.251318108703520473e-06
5.479272430097972425e-06
5.494787861123066483e-06
9.655754793489217184e-06
1.590737907803112006e-05
3.962366126448985710e+02
1.144631500002221449e-05
1.277512685564049454e-05
1.301908188999939835e-05
1.517715790621356889e-05
1.534318895651450653e-05
6.735988494184382489e+02
1.615860535230454319e-06
1.125219305976980890e-05
1.389855961473160231e-05
1.498016409936482265e-05
4.559505214893373054e-05
9.586991511860649098e+02
6.848563838346888224e-06
1.009962456888074741e-05
1.032580205102276170e-05
1.707383826681167145e-05
3.619822427041427310e-05
9.928084160991184035e+02
4.211312526164625657e-06
5.100920915343676315e-06
6.387563435188349711e-06
9.428236624210050275e-06
3.092738655300933891e-05
9.501710116551211058e+02
3.443638534217976061e-06
4.821952446920953759e-06
7.193149439748570538e-06
8.449952137199316071e-06
2.694011426289014783e-05
9.116359174016282623e+02
2.602297738306285104e-06
4.401480448643991878e-06
6.321544265615061446e-06
9.483847602644464417e-06
2.392241914165404808e-05
7.872110560382404856e+02
1.121438294246806979e-04
1.590755426758275377e-04
2.390099358391520909e-04
2.944354460243331991e-04
3.001959974942886738e-04
3.501372442486180609e-04
4.656397707627746058e+03
5.425384321298766736e+03
1.476280125944038264e+04
4.854551743251335721e-05
7.289212291636373896e-05
8.068971402386917763e-05
1.107521270900755506e-04
1.340974871230189377e-04
2.053491180320078213e-04
3.659398055947950525e+03
5.392073573235654294e+03
8.583158807477493610e+03
1.877451463292854390e-05
2.212939205698917633e-05
2.732919375922422987e-05
3.074449943259393675e-05
4.030586154231841095e-05
1.023236438010203912e-04
1.110970104811181045e+03
3.422186065251421041e+03
3.751361652672938817e+03
1.780498274240182742e-05
2.958064665905439997e-05
4.219593271523008855e-05
5.766567997416859639e-05
6.314360618379318598e-05
6.804566159602516001e-05
1.000461396142538888e+03
1.107998370287641364e+03
3.618369907044374941e+03
2.185266215780568827e-05
2.344580961332793398e-05
2.385652668150729555e-05
2.523659750844845035e-05
3.388204702897604210e-05
4.224070265704356130e-05
1.149104658226517358e+03
1.555920988785727559e+03
1.611591132951232112e+03
2.639986675357401509e+03
3.416378272274203027e+03
3.448634611809027319e+03
9.641608745772238247e-06
1.658235574189182755e-05
2.899518971705167885e-05
3.075252162484034011e-05
3.130566262086116093e-05
3.249460880750112756e-05
3.480687805632408072e+02
1.153881622873440392e+03
1.369716656270265958e+03
1.477927126759190742e+03
3.368916755115314118e+03
3.438312290840871810e+03
9.218389982990776122e-06
1.582731665627956272e-05
2.342232256185071434e-05
2.646954873844502008e-05
3.006412914379241988e-05
3.600152879095938044e-05
8.108433355201773338e+02
1.122412436372840375e+03
1.272205179993486581e+03
1.496625335035221497e+03
3.382991858783459520e+03
3.455079128587472496e+03
2.820070586432644918e-05
2.852786149835020318e-05
2.988322624987966601e-05
4.498659151706919175e-05
5.429675004130963574e-05
6.391117166218214139e-05
9.060710651910492288e+02
1.014105021356760631e+03
1.066227844815004801e+03
1.511129627736892644e+03
3.381286014861590957e+03
3.447926849044021310e+03
1.123477003122452706e-05
2.736140232305540903e-05
5.136871565875379561e-05
7.259967438646289305e-05
1.234965444852366943e-04
5.380701507593758834e+03
2.202532248367033190e-05
3.289721902659320182e-05
4.017496212005961897e-05
4.357871855117799898e-05
6.192667452697351834e-05
8.864457149373256470e+02
8.451589535228723829e-06
9.347603922142158934e-06
2.238663439615567273e-05
9.207912930639700782e-05
9.310892792998623068e-05
9.919053093923830602e+02
1.195003694496484773e-05
1.424841311984252893e-05
1.981854770140810746e-05
2.031007346394690124e-05
2.527021583514401154e-05
7.593239106240290539e+02
4.252645215696399109e-06
4.308614020647240067e-06
7.823135550698149228e-06
8.556114994230271082e-06
9.328431487438712980e-06
5.490306989648548779e+02
7.091801679933677077e-06
9.241138116202062368e-06
1.272700884186345656e-05
2.733684798221690940e-05
3.613351541135428999e-05
1.764201330530203677e+03
1.298164250328941767e-05
2.555025377547723669e-05
2.741801432856896155e-05
5.070832494323698021e-05
5.657313247557912641e-05
1.291975868851375935e+03
1.557519159720029522e-06
3.855352488010016153e-06
1.009962459072805816e-05
3.335085913720665295e-05
3.479706839840329360e-05
3.145216284900600385e+02
5.232424559295359454e-06
5.365421431421857812e-06
7.125561620640379059e-06
1.327283562108594308e-05
2.215077541060919892e-05
2.245523342941436340e+02
2.323420796242579871e-07
3.295284366005688104e-06
9.602196394712596527e-06
1.000194275380942583e-05
1.277512688773861834e-05
5.715661292495688031e+02
3.196820216831598522e-07
1.596890420651167050e-06
1.732895541631055412e-06
4.834275100714348963e-06
5.961279408918454604e-06
1.988056880724711561e+02
3.652426451452235430e-06
3.958788584258999163e-06
5.910341494636604489e-06
6.884018503786405254e-06
9.145397548534034508e-06
2.411959334664090022e+02
3.273130158507136809e-06
4.960697642303135642e-06
5.963291541282237157e-06
7.694520307852886637e-06
7.823135543963449556e-06
2.804793325243626327e+02
8.332764065237494758e-07
2.044031674068863942e-06
2.135393163811592875e-06
2.765897222222736994e-06
3.925911686551916724e-06
2.873463260950925928e+02
3.119853231759712157e-05
3.982802548925307493e-05
4.150335483574915440e-05
4.202187385067977419e-05
9.434301038716004604e-05
3.664835797080508200e+03
8.365367594468777214e-06
8.863022658596783333e-06
1.773855336783831593e-05
2.071750863320774133e-05
2.413483609704302643e-05
4.477802528239064372e+02
9.421702407725765659e-06
1.026761096555644689e-05
1.533618924287581212e-05
1.842987252113615132e-05
2.762528559145003575e-05
4.251863429285734242e+02
5.179176880972604196e-06
1.445271676130948789e-05
1.635451751029102873e-05
2.084752641668693269e-05
2.787428046120005843e-05
5.340131796774041959e+02
4.376890785407518035e-06
6.745257952533459199e-06
1.159503566487442656e-05
1.397853028467149747e-05
1.622241422834915317e-05
6.580021002468336064e+02
7.490928803130968991e-07
4.681299022689108336e-06
5.616596407521274165e-06
6.411335115799466472e-06
1.066299112235068519e-05
5.955653779589488295e+02
3.642165274491213535e-06
7.499804586197822085e-06
1.225710385613737894e-05
8.848285748580029890e-05
9.392903228425786939e-05
4.945182781199628721e+02
6.089870903470186225e-06
8.244486861360901354e-06
1.463574646788514563e-05
2.134900291337824335e-05
2.929870764775939029e-05
1.003950275766118580e+03
4.516689402276491653e-06
5.903967473323293621e-06
6.459030659619203799e-06
1.027224982944139639e-05
1.307184716619818213e-05
1.002638549873461898e+03
3.063836197031463581e-06
3.642195246163563706e-06
4.035437149967202693e-06
1.062313033305109198e-05
1.886379799372281000e-05
7.829259719590806981e+02
1.374423298858326971e-04
1.493278233715448426e-04
1.594184680128917170e-04
1.910470233624220117e-04
2.204420244299764892e-04
2.242045489245908507e-04
2.446590090855431299e+03
4.063733781562926197e+03
1.519830018019566523e+04
1.698340161160892173e-05
4.262171971906107253e-05
5.330060205816186431e-05
1.273866405754897635e-04
1.845076601894752319e-04
3.500340645093600288e-04
8.607218583670322687e+02
3.591531406170307491e+03
5.907788073795442870e+03
7.387183062879291291e-06
2.628775485091013904e-05
3.023699058744035907e-05
4.479382698554529990e-05
4.669161824950427591e-05
7.555692062961868820e-05
1.184469433629306423e+03
3.438351099162808623e+03
3.772731404021373237e+03
1.488706234973196845e-05
3.442659001133862630e-05
4.183544346771397545e-05
6.515753624221271619e-05
9.318089578626589616e-05
1.248103714611451475e-04
6.811322129978389057e+02
1.352283828259494840e+03
4.224285276512772725e+03
2.335524789589899780e-05
3.272831698173772863e-05
3.613351541135428999e-05
5.261210577380759709e-05
5.418270479466812676e-05
6.043824350735247210e-05
9.628811098617754851e+02
1.092893086319948907e+03
3.619782974786817704e+03
2.843505174577187704e-05
2.908909741294323325e-05
3.101824874078931184e-05
3.293968068139626872e-05
3.400385206018466925e-05
3.923708946294555988e-05
1.046947581879598602e+03
1.282250610792675388e+03
1.504357401787000299e+03
1.630848235752735036e+03
3.400154111433924299e+03
3.462887828767085921e+03
1.852280410946403801e-06
9.885490238121594971e-06
1.679501874453405294e-05
3.203315203265143848e-05
3.580108565984171942e-05
3.629802647634707208e-05
9.880454399127249872e+02
9.974689899953590384e+02
1.060026762689524958e+03
1.448881263164480742e+03
3.398638742999911301e+03
3.448438203858930592e+03
1.585984524297864807e-05
1.605805683304059071e-05
1.852280781184189695e-05
1.887269589271435167e-05
3.404105341039228747e-05
3.568090320515943754e-05
9.642152913107000813e+02
9.889342223985047440e+02
9.959218949528201392e+02
1.436877589013194211e+03
3.397660843038915573e+03
3.446075060998609842e+03
4.739058775403111253e-05
8.267524071601197355e-05
2.515825139974128062e-04
2.579260049207643814e-04
4.508293898807773240e-04
1.262342625891833268e+04
1.747564191707655265e-05
1.949487118751747116e-05
2.026914944647984802e-05
2.301422737003651199e-05
1.022010151019089468e-04
3.716160923536245718e+03
1.072232017755150617e-05
3.665675891481313649e-05
3.967854440077627160e-05
4.327565812465813852e-05
5.776333536953799001e-05
8.399335866166753704e+02
2.315428892902854198e-05
3.490220022219457652e-05
4.672039529906900433e-05
7.454317613899840052e-05
1.351992348490038145e-04
4.470204966385885200e+03
7.904518106911581637e-06
1.173983632806015912e-05
7.226703082270857998e-05
1.308673354849844710e-04
1.334320412133863066e-04
3.362252632621124121e+03
9.223377042269447122e-06
1.643879443563057906e-05
1.889466740390863356e-05
2.077360199218853944e-05
3.159475283854550754e-05
5.795153110505401628e+02
4.812522865065327754e-06
9.821745718118841638e-06
1.283392181912512255e-05
1.706748009094759529e-05
2.118515116693904797e-05
6.098918940223371692e+02
5.069877498454190769e-06
5.133654652326742862e-06
7.556159582607557984e-06
1.277512686279090104e-05
1.474709909336464748e-05
5.683594419627457910e+02
2.223908698054365965e-06
3.816110982513451049e-06
9.572354531094839263e-06
9.709059115009406255e-06
1.474439474677036971e-05
5.671806485929763539e+02
1.370053339112787577e-06
1.780225184905772565e-06
3.718115628350899883e-06
1.608673132969638486e-05
2.917812417458121539e-05
1.463575400526951626e+03
4.203085789329583540e-06
7.402177699373753854e-06
1.453730432957696545e-05
1.681741276277866007e-05
1.976490983234435145e-05
3.321528194308092452e+02
8.255472165927956276e-07
6.423072574081598286e-06
6.703759367292902904e-06
1.064706033140477871e-05
1.355006827678058892e-05
5.592280966022825623e+02
6.367244555095899109e-07
2.354523808991859103e-06
6.309060238853532495e-06
6.536873081875728003e-06
1.151534374622794479e-05
5.303669203026337300e+02
2.835126005227330478e-05
3.521731244852019361e-05
7.970822222789387273e-05
8.397709743164021533e-05
1.305527842961495160e-04
3.523846780898608358e+03
1.599076965375782449e-05
2.038182202748534713e-05
2.549476140744928715e-05
5.045233123422372191e-05
5.713210428433775821e-05
2.185502744493700447e+03
2.010665605770670104e-06
4.543071409058892201e-06
4.588328364795899845e-06
4.921948190177177213e-06
5.472223181143506029e-06
2.118588416427219840e+02
1.521572881878000214e-06
2.497342955373529108e-06
5.858672834212486521e-06
6.101423640215063286e-06
7.141513024947869639e-06
2.682150837692943810e+02
1.519014330452496986e-05
2.223995206743670008e-05
2.303362079879156865e-05
3.094342003073808088e-05
6.258508454853865973e-05
2.671023499154987803e+03
3.010869664325249547e-06
4.765996887180252017e-06
5.738541841673118277e-06
9.596818100276961663e-05
1.042979336214218525e-04
1.486481765498379559e+02
7.063490680952858147e-06
1.305653176194026223e-05
2.010173055274942175e-05
2.261173758388795261e-05
2.277495629070776305e-05
4.991633159714534145e+02
4.107718621598275642e-06
4.705237173475947311e-06
7.823135527087036366e-06
1.109575581372736100e-05
1.438752852760698268e-05
5.887481179140260110e+02
6.394600046049310130e-06
1.600590389928476675e-05
1.750782172295609111e-05
1.753514819951739660e-05
1.022010151019089468e-04
3.221253999798397217e+03
4.093373792574868837e-06
4.230956013864389730e-06
3.275627908772244472e-05
4.158961707532685570e-05
7.665076132643171346e-05
2.412459483653994994e+03
2.129370249917683401e-06
7.178120078757824419e-06
1.531683903564343998e-05
2.565266340842663724e-05
2.932649775358751320e-05
5.941892458369229644e+02
1.448327447372224079e-06
5.315912166326717213e-06
7.941562095119895554e-06
8.846445210795360559e-06
1.351810923824192453e-05
7.882098879812076575e+02
1.185959023935794149e-04
1.337094234509657016e-04
1.610732206460659740e-04
2.402425117424453703e-04
3.552296665346465240e-04
5.271018645034725864e-04
4.454723801693854512e+03
4.872813088521784266e+03
1.520964793886573716e+04
7.449405720119599132e-05
8.461761904570999041e-05
1.512922656640724745e-04
2.219204983817149016e-04
2.694605315073803835e-04
4.486210010614477637e-04
1.694911948354253809e+03
2.321314197272749880e+03
9.572973110547096439e+03
1.498693531703353375e-05
2.421293883653140278e-05
2.746264364486130863e-05
3.209630972694379840e-05
4.099760326540900231e-05
7.919631502598044564e-05
1.334614027638652715e+03
1.561025088164563840e+03
3.614130141118301253e+03
5.320505020337645255e-06
2.534446296087762489e-05
2.565581645919042122e-05
3.553381031287253320e-05
3.735473827155143836e-05
7.720728523417720081e-05
1.001596934218140177e+03
1.346511455361987828e+03
3.905107941224028764e+03
6.249313823837068761e-05
1.114067480867238983e-04
1.525995677244226562e-04
3.399823917529183658e-04
4.433609024436146388e-04
5.015214488044243950e-04
1.115386463837166502e+03
3.605437534317842164e+03
3.676920218688074328e+03
3.870327634456749820e+03
6.201108679664239389e+03
1.163671481289984877e+04
8.038699608805818930e-06
2.457431594729089468e-05
2.594487406998582124e-05
2.958464804696171152e-05
3.278355925385467332e-05
3.432719172617878199e-05
1.207653456359157417e+03
1.565445169513690644e+03
1.632131532233761163e+03
2.514751206477898450e+03
3.431120278340210007e+03
3.466308115393811931e+03
3.237972559301713395e-06
5.122394196394775784e-06
1.633928043234223154e-05
2.068864450219740894e-05
3.421806770766959996e-05
4.287925045061199828e-05
9.683843665281500535e+02
1.003475009868147595e+03
1.046291799851165706e+03
1.430701271753113815e+03
3.394437372494664032e+03
3.444020922567540310e+03
1.764207713957414541e-05
3.202632832273184359e-05
5.340835284896426757e-05
7.256432532541991513e-05
1.034382860486990856e-04
4.566847103639894158e+03
9.352769944772758190e-06
1.039324320594257297e-05
1.172417026126361945e-05
1.806675765564718801e-05
2.372547471649055434e-05
7.455691234585540315e+02
1.969320249518440079e-06
2.062057449061960712e-06
3.193781729414526834e-06
5.928690577717396779e-06
5.948034428101741793e-06
5.921461919677174137e+02
3.193781705373745075e-06
3.279853622405627814e-06
4.334796264532439390e-06
5.847274509044051298e-06
1.170748986349899421e-05
5.498059928999455224e+02
1.069130085306691735e-05
1.092058380172386429e-05
3.755098569037206143e-05
4.164177070669926236e-05
8.079699672582446525e-05
3.039116746036102541e+03
9.194060670295034748e-06
1.239389716187276349e-05
1.486739087198516261e-05
1.900560920107407939e-05
4.462332734715241208e-05
2.357009891094626710e+03
3.927816613805802690e-06
5.201638919554246406e-06
7.468560171973076950e-06
9.703871434074011932e-06
2.212716884270255193e-05
9.662041636614010258e+02
4.682756290280997172e-06
6.581704918198505844e-06
8.835060821273032160e-06
1.564627113713466493e-05
1.735337974345447007e-05
6.318534078093980497e+02
2.388676029740678928e-06
3.159091035740868534e-06
6.496464687978016311e-06
8.621090045522698656e-05
8.706786062890878102e-05
5.356324563397781446e+01
6.678777986004445957e-06
8.509678902910169874e-06
1.038027133465537051e-05
1.428302600568045002e-05
2.334424193203928465e-05
5.044750159920432679e+02
4.377339598309824606e-06
6.547429610391462027e-06
7.160677047872913367e-06
1.046231135434385311e-05
1.540485253017611007e-05
5.436544476334706815e+02
1.929793211579275598e-05
2.051620009149532855e-05
2.111421130186035553e-05
2.327520949447237108e-05
8.632479705980296118e-05
3.005289022358492730e+03
2.695769782535478938e-06
5.016535158836451823e-06
6.230309125699054860e-06
9.650098199465554797e-06
1.106358442135127596e-05
5.161778783210953634e+02
2.985275355793794484e-06
5.682700160809603808e-06
5.747662989049734745e-06
8.638102161352022700e-06
8.695073477416827678e-06
2.836542979845684727e+02
2.295930544292127430e-06
3.480223302287717377e-06
6.188260738276177835e-06
7.967438911249088204e-06
1.865053188177714290e-05
4.184738194939445179e+02
2.230107811289117441e-06
8.111253515010979871e-06
1.081333981870656831e-05
1.216708661427140787e-05
1.938449290441032410e-05
6.674773152539534067e+02
5.295047827337064985e-06
8.055921947231780737e-06
1.203307184812010460e-05
1.535208482226425156e-05
1.606007244638392952e-05
6.594748442881256096e+02
7.637432367987593957e-06
8.224946720754031993e-06
1.114297697721725516e-05
1.362904937492700645e-05
1.498016402775501913e-05
6.497605037756168258e+02
3.391486833770541256e-06
4.252681300251279410e-06
6.258508454853865973e-05
8.262767403455078283e-05
8.963398684558993284e-05
1.941778161539099528e+03
2.239758015620676930e-06
5.734186286366681090e-06
1.367172866973584423e-05
1.058328892926454898e-04
1.124256297341485301e-04
4.899655974909947531e+02
3.622984222679629614e-06
1.106358438740920718e-05
1.179589665053851764e-05
1.911489708448277209e-05
3.829374690789834432e-05
1.007319062547077124e+03
2.949995836930197456e-06
4.420453473638276131e-06
7.123798061993340887e-06
8.746531415761805506e-06
2.378411832944524261e-05
8.797718094362584225e+02
1.128132464064615772e-06
5.547924013619689764e-06
6.014167111124324713e-06
8.732198252193189606e-06
1.490568018853922963e-05
7.982157601895454491e+02
1.505184683625355611e-04
1.756210681184753968e-04
2.386316020793173640e-04
2.441715104230013410e-04
2.998839256514827930e-04
3.222031588391308858e-04
2.914673317883875370e+03
3.844959229517107360e+03
1.456630250952217284e+04
8.032151078933170833e-06
1.267317909893772248e-05
1.823055647719714012e-05
1.976283812760207847e-05
2.295193075012065006e-05
2.788118735292840469e-05
1.300053483137080775e+03
1.661781277366720815e+03
3.615163050950080105e+03
5.300970763566379249e-06
3.069441594994848349e-05
5.120446146521053958e-05
5.423565407457209015e-05
7.168376449049321990e-05
8.857043965853229200e-05
1.042182098478625903e+03
1.409335797512394720e+03
3.928347160480650928e+03
7.771572716586173878e-06
9.077310168506699277e-06
9.491843066487689023e-06
1.316410987132945665e-05
2.038202834191004209e-05
5.563561963290435147e-05
8.093198329922635139e+02
1.264948114708453204e+03
3.608036154710463961e+03
1.194801197418252652e-05
3.092004249555455595e-05
3.457959212533052686e-05
3.720308027560388214e-05
4.840342389229626124e-05
5.696858892608132384e-05
1.069117303952355314e+03
1.092393403099237048e+03
3.606704256173256454e+03
3.922071871086840771e-05
6.000674676316003801e-05
6.037981320503623387e-05
6.232933886029542016e-05
8.496191259351495951e-05
1.461800390827619695e-04
7.171350765717246531e+02
9.710364273333733536e+02
1.445146545482087049e+03
3.457830119105458380e+03
3.492349591662547027e+03
6.168571486179526801e+03
7.655225514377941024e-06
1.605742405448942495e-05
1.858778471189646183e-05
2.152358345666988720e-05
2.474952451966812314e-05
3.804654197266076879e-05
1.144583568053807312e+03
1.557390784601454925e+03
1.630114333194137544e+03
2.472164396101401962e+03
3.432075559968008747e+03
3.484166680174470457e+03
1.505952482350022328e-05
1.986300199977944774e-05
2.460739183299912882e-05
3.383697717479558774e-05
3.552105757421213593e-05
4.870592277533883601e-05
6.686448423365698090e+02
1.135089384916479048e+03
1.308271767851841560e+03
1.480855766096182151e+03
3.396927650032293968e+03
3.443303513036400545e+03
4.602535497264125092e-06
2.361903608042726285e-05
2.381510654798667923e-05
2.719640822286039717e-05
3.473862033377018304e-05
3.548466733681214725e-05
9.629088027646134833e+02
1.023255512130895227e+03
1.124871619331531519e+03
1.443288324184300109e+03
3.399916658945861400e+03
3.444709364948427719e+03
1.015147300787027822e-05
3.775150617577393506e-05
4.220732741737080111e-05
7.157325890833226060e-05
1.022010151019089468e-04
5.468553193595266748e+03
1.881320889727943290e-05
3.969283481455607794e-05
4.053162102994032511e-05
4.374872627288090124e-05
6.255452617275121421e-05
9.397456375763947563e+02
8.522245439131504924e-06
1.128908938028982424e-05
1.156137301814600405e-05
1.428302603191611480e-05
2.102939053225739611e-05
6.691767454088858358e+02
8.414164139618300473e-06
1.495191752452369547e-05
1.558974954373879552e-05
1.806675767361474904e-05
1.843196407941929033e-05
7.399997797000461333e+02
4.104334693134101611e-06
4.288611626466998422e-06
5.292368019603484362e-06
7.141513003924769386e-06
1.344170929311743871e-05
5.406566441461320665e+02
1.046808870220417526e-05
1.595880979419486432e-05
2.083514679542646100e-05
2.709427699625627651e-05
9.560029577296318875e-05
3.227309511470986308e+03
3.868125711823423659e-06
8.465670774373978781e-06
8.959216940501395815e-06
1.712220114262007328e-05
3.660700402686240440e-05
1.378379859058794636e+03
4.821471467755640066e-06
6.387563443869309172e-06
1.177088380984031286e-05
1.477410773690439384e-05
2.116670401858326868e-05
3.858802570395542375e+02
3.466277937205117149e-06
5.503239845501834520e-06
8.455846932280074824e-06
1.009962458292231582e-05
1.079726686393519946e-05
5.627536611372228208e+02
4.049952779639086459e-06
4.823677474895241299e-06
8.456591018885695644e-06
1.142972309720634596e-05
1.355006827532839498e-05
5.268925736196072194e+02
1.770945203847805978e-05
1.795841509056205737e-05
2.146074387058769718e-05
2.737920125267914365e-05
7.532032381843433745e-05
2.968114116647490391e+03
1.051111751578798517e-06
7.338876772853521397e-06
8.591837114496669845e-06
9.488735217670945436e-06
2.555025377547723669e-05
1.156078659779535201e+03
1.762815303261392263e-06
1.943808336252558211e-06
2.241333741869765549e-06
2.399356765780351664e-05
2.531818025794361923e-05
3.812603644860692498e+01
4.968495524182680672e-06
5.717568516220760332e-06
1.025944200081801558e-05
1.222830031938603048e-05
7.226703082270857998e-05
2.564378586641397305e+03
2.756503966906018608e-06
5.450670245816382768e-06
5.475801110147330529e-06
2.342117592685973872e-04
2.360747232190426670e-04
3.775104031393802302e+02
2.668673075275508707e-06
8.277728020739954389e-06
1.727549320718085217e-05
2.392816911804790636e-05
2.728055565856280515e-05
6.363550161438412260e+02
3.419423220348664791e-06
4.276796765610478971e-06
7.319881996055780843e-06
7.819999751311878519e-06
1.428302603245145826e-05
6.090297647350226953e+02
7.514683767826896758e-06
1.351031909424787071e-05
1.813439995353958932e-05
2.334792988322606185e-05
1.084005462340628429e-04
3.391853533041631636e+03
3.981168494781949004e-06
6.341027780405713870e-06
9.581345142042650356e-06
2.402077818742158632e-05
2.572844738292510413e-05
1.007828846394489119e+03
3.790309676682642805e-06
5.821936026038496942e-06
8.087741111201024032e-06
9.033378808044593722e-06
1.682077441465245561e-05
8.886641863702736828e+02
1.824662815502168753e-06
3.548507829508506822e-06
7.229366317638598762e-06
9.400100565842525293e-06
1.223113677349300872e-05
7.812155502625549843e+02
1.204025622550270591e-04
1.378944899945689045e-04
1.643744086500649676e-04
1.790240975531964362e-04
1.874886334779616334e-04
4.092740032519821239e-04
2.297299125467877730e+03
4.492391772962616415e+03
1.423640024087334132e+04
4.538190928360791288e-06
6.322392885697763532e-05
8.995363540791113965e-05
9.338040262540395437e-05
1.503004459447384060e-04
2.988643971927171694e-04
8.576965765336673257e+02
3.686402576558423789e+03
5.442641702383739357e+03
1.613234440959077261e-05
2.140784675620805165e-05
3.083612400189265115e-05
3.222756668279352633e-05
4.030044732070845934e-05
5.366594158751825707e-05
9.717049963910360475e+02
1.102342864356005748e+03
3.614682761053290960e+03
2.260305187127455563e-05
2.453833028154713523e-05
2.514650755153606735e-05
4.606523418181163128e-05
5.210992176913544508e-05
6.414186207641399244e-05
1.015169301169721052e+03
1.060059400292756663e+03
3.618813071112039779e+03
1.901148107069336015e-05
1.191655249550579001e-04
1.255960063278671395e-04
1.922995356343616766e-04
2.318163837499951643e-04
3.250627754403186045e-04
3.236439415906463182e+03
3.399697340226653978e+03
3.487614880355140485e+03
4.475407660862394550e+03
4.781131895129563418e+03
1.050228451066868547e+04
1.705923780624989526e-05
3.848816591354609372e-05
3.950950699297316805e-05
5.867649601960366491e-05
7.037119972539925862e-05
7.946559732953528015e-05
1.368491174485045576e+03
1.481109617583050522e+03
1.807488436265040946e+03
3.351827849650206190e+03
3.492722105919829119e+03
6.253669226284685465e+03
1.108561040553671878e-05
2.420545460027909843e-05
3.696889399005134187e-05
4.992247504085050181e-05
5.889666423780362878e-05
1.058515262332985140e-04
1.005596680016600885e+03
1.448364193065993504e+03
1.763982183794675393e+03
3.068643323859990687e+03
3.324016442074952010e+03
3.533300956037046944e+03
1.532760779907041599e-05
2.857548443242896173e-05
3.608183358574785474e-05
5.089351372523352485e-05
5.462509746877369299e-05
8.172553682185558466e-05
9.784603048426060923e+02
1.441417862335959171e+03
1.814982476129358020e+03
2.557758809399239908e+03
3.269954752340761388e+03
3.470659567755693388e+03
1.574297481852966559e-05
2.574530076006973370e-05
3.771814797484246949e-05
3.921093646792621394e-05
4.048137898646715546e-05
5.704534078337770661e-05
1.047590684106490926e+03
1.485380563292082797e+03
1.661447861098329213e+03
1.982240667110375398e+03
3.279983214092200342e+03
3.459121990322472357e+03
3.040592128524002938e-06
7.971854080334656088e-06
2.022475563352715285e-05
2.131059497201693019e-05
2.304754576626098206e-05
4.236919054985993529e-05
4.078174348997011975e+02
1.194909694435435995e+03
1.403225897582393600e+03
1.490471783304958990e+03
3.388011090892356606e+03
3.448621678293967761e+03
4.276497124881633179e-06
1.586770218582012897e-05
2.328975954108803792e-05
2.827334763983852165e-05
3.330139331631811855e-05
4.170155752021602802e-05
9.828278112940485016e+02
1.001384023693114955e+03
1.050918059942312084e+03
1.439154773763509866e+03
3.396891648917699968e+03
3.444988423119096296e+03
