1.652467225856059375e+14
5.036901290596552344e+13
3.911579042241005469e+13
2.743990159250755859e+13
6.957738530092558594e+13
1.336963837853862891e+13
2.133215088895541406e+13
1.884102499959180469e+13
1.640891431990294727e+13
5.921988722501676562e+13
2.152348194822616406e+13
1.693182887749289648e+13
5.032975478998566406e+13
2.621228577160931641e+13
1.878436433559946875e+13
8.635568610324078125e+12
8.350982902962607422e+12
1.187877863328022266e+13
2.019382193811849609e+13
2.874084447182774609e+13
2.976340592092558984e+13
2.848517843889431250e+13
2.732993469217978906e+13
2.359980164993671875e+13
7.448158060213360000e+14
5.286686054167468750e+14
2.483615670509281875e+14
1.716846351283418125e+14
4.143582413508453125e+14
3.344704081748020625e+14
3.459623791531556250e+14
3.395645385042197500e+14
1.613080590719792188e+14
2.657476210198032812e+13
2.973633602675794922e+13
2.276377426259283203e+13
1.645939235161597461e+13
5.288899446193119531e+13
3.873214976559857812e+13
9.429046408559353516e+12
6.731856023098602539e+12
1.713498206522555273e+13
5.959996155771941406e+12
7.230813775298083984e+12
8.408490800567113281e+12
8.614355860894290039e+12
1.098681198222936719e+14
1.342400659231033594e+13
1.274666380537283203e+13
1.600918365301656836e+13
1.972624654973241406e+13
1.785445530888021875e+13
1.482516962976524219e+13
3.009742770405493750e+13
3.005810229252535156e+13
2.347133891936839453e+13
6.508028729070627500e+14
3.105837025106296250e+14
2.516902584375103750e+14
1.875996390265067500e+14
1.701475362065215000e+14
3.695645025888133750e+14
3.400068145683385625e+14
3.366547278365875000e+14
3.784377285053263125e+14
1.114067937965087031e+14
2.518037463212979297e+13
1.340122841162564062e+14
1.007969823521911250e+14
1.737329241570452734e+13
1.828395106114015234e+13
1.703884906810776172e+13
1.700350986530229883e+13
4.387652849530017969e+13
9.957611254145718750e+12
1.676510025172391992e+13
1.589987072375401367e+13
1.056414133712457344e+14
6.551919185717181250e+13
6.351316859242003906e+12
8.040820689449906250e+12
8.007461809770017188e+13
4.456330093743870117e+12
1.496441961596382812e+13
1.765008108964135156e+13
9.656997844593829688e+13
7.232312763674698438e+13
1.781320178737815234e+13
2.362974534312083594e+13
7.356003100373532500e+14
4.073906419867640000e+14
1.951563791172345312e+14
1.874651785693416250e+14
9.025446848207837500e+14
4.142321317989695000e+14
3.383822924382752500e+14
1.369095176865408125e+14
2.235141894849795703e+13
1.775195126165559375e+13
1.648263471144771875e+13
9.110968637365181250e+13
7.066080252555259375e+13
2.896583607425980859e+13
1.894233490457805078e+13
1.605778096659022949e+12
1.512365839897823438e+13
1.629821800325911914e+13
9.009556471355467188e+13
1.547449765314923828e+13
8.503673151077077148e+12
1.254542779127029492e+13
2.001030401407985156e+13
1.977039805960696484e+13
1.947917180995839453e+13
5.821257477441576562e+13
1.468868583927030078e+13
3.019842069107039062e+13
2.637468048484898047e+13
2.392971136380255078e+13
6.393302499723396250e+14
1.971718206732310625e+14
1.912619835723199375e+14
1.703497981494333125e+14
1.729253229785794375e+14
4.872207975187108750e+14
4.113267330569779375e+14
3.427526981007701250e+14
3.417291349937931250e+14
1.639417641017883438e+14
2.817264062481810156e+13
2.006125164976632812e+13
2.218445565767972656e+13
1.620834656219335156e+13
9.675151693951815625e+13
4.132245204381469531e+13
1.156830599217337500e+13
1.687079315609572070e+13
1.579571373295407227e+13
8.898109789446279688e+13
3.465808370106268359e+13
1.142982103323492432e+12
7.687750880993331250e+13
1.131739888463585547e+13
1.907728941022674219e+13
1.825810442978557422e+13
1.016843821907023750e+14
3.021370307418069141e+13
2.664126494890400000e+13
2.342006200761545312e+13
6.303412221937678750e+14
2.993925250994345000e+14
1.705424611439743125e+14
1.707016853332319688e+14
8.958497673719800000e+14
5.322863999297528750e+14
4.240200999880151250e+14
4.057128232861400625e+14
3.872017248098656250e+14
3.397537367095555625e+14
3.392473071605649375e+14
