1.528607895345625000e+14
1.142659774842104062e+14
2.004784519835398438e+13
2.262425357847364062e+14
1.562791960143568750e+14
5.855748120547904688e+13
2.089120512086076250e+14
8.643399726189984375e+13
2.038600429796235547e+13
2.179830056120945625e+14
5.290658435012581250e+13
1.957730238893908594e+13
8.820637221428001562e+13
6.356876661916658594e+13
6.351220108371166406e+13
1.060191992185299219e+14
1.434144549751007617e+13
2.300734100213058984e+13
2.284821369018579688e+13
1.884427766471014844e+13
1.065779026279040000e+14
5.266456233607189062e+13
2.165782773641124609e+13
2.167140667854824219e+13
1.737807534121887891e+13
6.933128208563617188e+13
7.012014735704915625e+13
8.446012439325619141e+12
2.147296997493845703e+13
1.641275403545997461e+13
1.089918064359778750e+14
2.273324340170033984e+13
2.274370187092553125e+13
2.157321663843425391e+13
1.732085230070221484e+13
5.152949127985500781e+13
1.853698032464276953e+13
1.380383967056270312e+13
1.528771245891412891e+13
1.902540776666264453e+13
9.738606326088443750e+13
1.672929168127030273e+13
1.027183682066627344e+13
1.472931349481215234e+13
1.654371361651897070e+13
9.706291312203321875e+13
5.363091470357682031e+13
2.090562768119572266e+12
1.698366089777911133e+13
1.588187864978877148e+13
6.857488351067109375e+13
6.868541088072124219e+13
2.516112869985571094e+13
1.640102960702122461e+13
1.468113353235561133e+13
9.740970054013607812e+13
1.594346844961854492e+13
1.563393027989951367e+13
1.595903061633463867e+13
1.612870379781507227e+13
5.239081872057514844e+13
9.367879594138126953e+12
1.332546788412821289e+13
1.551588776711737500e+13
1.659462588151846484e+13
8.892192487181343750e+13
1.634260250200669336e+13
7.456296202881476562e+12
3.318826239478523438e+12
8.695070545173904297e+12
8.983323238404465625e+13
4.076488040271130469e+13
1.141589839177520703e+13
7.522524224872891602e+12
8.743897366465134766e+12
5.880543536893623438e+13
5.880543593420498438e+13
2.143074465873625391e+13
7.247137633142336914e+12
8.427202894508932617e+12
9.015984360171648438e+13
4.918294377658816406e+12
6.840422637463176758e+12
8.144031006340179688e+12
8.772307845697909180e+12
4.286015096264681250e+13
7.737238679089952148e+12
3.718092832482527832e+12
5.277967749708250000e+12
8.767238019901088867e+12
1.035832925595339375e+14
3.562785342088083496e+12
1.767876665979927344e+13
1.878767347113338672e+13
1.930944146607864062e+13
1.046950475239590000e+14
5.313322382223196875e+13
1.520756764771729688e+13
2.018077209256018359e+13
1.853678068674290625e+13
7.019157502932591406e+13
7.095380236371803125e+13
2.050095129127971875e+13
2.018082380121635547e+13
1.658430382288470898e+13
1.056418582718148438e+14
1.995425417602277344e+13
1.994146754846879297e+13
1.859536195314073047e+13
1.849960921448833984e+13
5.492679059058773438e+13
1.760211181801819141e+13
1.828688994843082812e+13
1.956188079337888281e+13
1.928546357708239453e+13
8.753859724107382812e+13
2.605764434783505078e+13
2.976034188868596484e+13
2.992066365738442969e+13
2.638975987771721875e+13
8.622586668503789062e+13
3.046581935510920312e+13
2.895099704726455469e+13
2.899796228889562500e+13
2.452746098485782812e+13
4.347938060635361719e+13
4.369322902415007812e+13
2.086625907501603125e+13
2.886173605116927344e+13
2.320530276068785547e+13
8.536458854995595312e+13
3.029932063789469922e+13
2.918917740320882031e+13
2.786565444096676562e+13
2.447172876372231641e+13
3.252589211981225000e+13
2.918866893681115625e+13
2.912708104310169531e+13
2.908812461169202734e+13
2.637349330831234375e+13
6.302732761589657500e+14
2.159836358292655625e+14
2.007018202871941250e+14
2.065696490407925312e+14
5.674646434936456250e+14
3.072684694443781250e+14
2.146187193492018125e+14
1.760988840270153750e+14
5.972533114246060000e+14
5.553585694528040625e+14
2.543618900566775625e+14
1.698943616559928438e+14
5.642300949387416250e+14
2.132046095775951875e+14
2.114241510593001875e+14
1.717171342199356562e+14
2.483335292731341250e+14
2.010204340349820000e+14
1.997723179227591875e+14
1.328350073170737812e+14
8.211221473373460000e+14
4.218848047694276250e+14
3.687415970534286250e+14
3.524947984350466875e+14
7.802791960356437500e+14
5.472843360250488125e+14
3.955445656730786250e+14
3.292708659755226875e+14
7.121028113404408750e+14
8.078892707615910000e+14
4.322800785302381875e+14
3.356850972143865625e+14
7.415369571925531250e+14
3.476650981212972500e+14
3.344481315173822500e+14
3.383848970865019375e+14
4.179092657282671250e+14
3.731004346514666875e+14
3.591497179054894375e+14
3.207376609961811250e+14
