-9.379138896851293983e-02
-9.175501520299998715e-02
-1.300203573769299903e-02
-6.718322356548664387e-03
-4.681948830009191598e-03
1.020067328615095859e+00
-2.717090594701945805e-03
-2.299391390679824450e-03
-1.339245476579816602e-03
-9.215462790444284898e-04
3.714529051003968851e-02
5.096347654356334633e-01
-1.784531676573714032e-02
-6.142847113097480707e-04
-6.097344390564560278e-04
-2.605858244544463631e-04
6.252160645837004371e-02
6.252615673218803183e-02
-3.927471398573645356e-01
-3.884647248353988447e-01
-2.369675415429917109e-02
-1.001678971612579572e-02
3.099814158773761541e-02
1.923778604560110850e+00
-1.338084525982136119e-01
-1.270908897466213050e-01
-2.889916174646607605e-02
3.824894172375997714e-03
1.054245704665790484e-02
1.073896093014264919e+00
1.438569780843585236e-02
2.066359021682639963e-02
2.132892436552189311e-02
2.279106294186242221e-02
2.973428946437694717e-02
1.249750593836420898e-01
-2.781734746067041075e-01
-2.546377296762284415e-01
2.285574609603335805e-02
4.639149028686129217e-02
5.502970050392619328e-02
1.579662914749443425e+00
-4.974996546856111368e-03
-4.585579208939663531e-03
9.572198275343508922e-03
4.097964735370407396e-02
5.656783383706150137e-02
2.695178381190214134e-01
-1.783840452014087349e-02
3.587050998685066550e-04
6.576258177947956474e-04
6.958844638157261897e-04
5.799445097619805589e-02
5.829337191713059030e-02
-4.551700346205817538e-01
-4.537050987433740024e-01
-1.559204432878526503e-01
3.780992199167382273e-02
3.927485786347473251e-02
2.036566254394656994e+00
-4.311920776996089333e-03
-1.008422082916658920e-03
9.991503555238038375e-04
6.310445204951020681e-02
6.511202448934796938e-02
1.248434564968644578e-01
-1.699808519019118877e-02
-9.579837780043128082e-04
-2.558545822828051097e-04
5.866457171461864073e-04
5.955437361220000669e-02
6.025650281446555401e-02
-7.323060866672932712e-02
-7.293390953576991964e-03
2.022229327769148322e-02
2.934812448931017892e-02
5.686380871525274772e-02
3.321372449940522831e-01
-3.290788515065171116e-02
-2.284699754184150305e-03
1.459638709794794376e-02
5.096663391722303788e-02
6.677906503189889875e-02
1.514090771504328636e-01
-7.912783743647655230e-03
8.336702016603145596e-03
1.841645028028148640e-02
3.466593604005632073e-02
4.804730606337613563e-02
1.563522134053293156e-01
-6.202176634354792384e-01
-5.884694437066383399e-01
-1.331817088474760991e-01
2.725299291811422719e-04
7.693121966744465023e-02
6.463727087237296054e+00
-1.204695352203438707e-01
1.277064754672965763e-02
1.648605797915034255e-02
3.449520233294858795e-02
1.894289674832848325e-01
1.946067457525627042e-01
-2.048672608876303536e-01
-9.297092578716664724e-03
-7.175143202215822358e-03
7.693061911082071935e-02
1.338382715519348953e-01
1.351184080808077170e-01
-2.418029322658271918e-01
7.267817248830937826e-03
9.547459964452734149e-03
6.390451122878137991e-02
1.052075346026701969e-01
1.077265129807581517e-01
-2.139647058994677831e-01
-4.005461391338949184e-03
-1.932028646512345960e-03
9.021652254447905250e-03
5.490635456661868696e-02
5.605024519291938040e-02
-6.685434692992947570e-01
-5.958112155449979408e-01
-2.049262471329744706e-01
-2.827412378344817956e-02
1.276448224965527345e-01
5.739225680258488893e+00
-4.726929796870819045e-01
-5.740928358851932201e-02
3.740085301206669266e-02
1.464215440527519285e-01
2.406694041607308487e-01
1.369619146375272045e+00
-2.745959305501024517e-01
4.323031775877311800e-03
6.364056858366606839e-03
1.470106746561541944e-02
1.717159515840296913e-01
1.768666600905478559e-01
-2.493381407108724579e-01
-1.132220932017480308e-03
-1.841605311359850727e-04
2.122007647365149741e-02
8.102721139919036308e-02
8.197527146585062430e-02
-1.829113312420174442e-01
1.302256993396776197e-03
1.950084997147980004e-03
2.215439852555137201e-03
3.956775748477358440e-02
4.046925344647724077e-02
-5.672569180047840609e-01
-2.116948174833443996e-02
2.863134097344044449e-02
3.275295048771664774e-02
2.412984613312848525e-01
2.730494377296340147e+00
-5.430905303604987022e-01
-2.830944829076198488e-02
2.073338150279147030e-02
2.202469040815269175e-02
2.591258800087744563e-01
2.782458450767538949e+00
-4.192916704493881985e-02
-3.990860541240426329e-03
-7.678486033216302964e-05
1.749513850570401652e-01
2.237416286307348234e-01
2.271609702087357685e-01
-2.690419147707758807e-01
-2.437334965768103712e-03
-6.201617908285356195e-04
2.221263571543924398e-03
8.472665934143704114e-02
8.654383261105898228e-02
-1.611991187948332294e-01
-5.245647363153138620e-03
-5.173817285542316180e-03
4.691774623216550533e-03
3.697853387348568055e-02
3.784271677849299076e-02
-5.546288548284810105e-01
-5.264957654998694281e-01
-1.579736226210073369e-01
-7.099970261355803558e-02
5.158040794760854197e-02
6.105128150205302084e+00
-2.789842984439986906e-01
6.462147842514615048e-03
8.689072109582487990e-03
1.053337798058173735e-02
1.148273227698615589e-01
1.157834577151257982e-01
-2.216232784735380490e-01
-3.894181936394819354e-04
3.909422157652248098e-03
6.564328382665950146e-02
8.339297613744378612e-02
8.528683542908863102e-02
-2.090722818416576589e-01
4.670785979074124072e-03
8.353966453643849044e-03
2.953321719029684128e-02
6.348991111128604592e-02
6.717309151669081935e-02
-1.827891517728677251e-01
-2.443380961067616319e-03
1.258853645644252787e-03
1.502490733326005377e-03
3.999995020405786722e-02
4.038663759724035740e-02
-2.859938961985608596e-01
-5.249169200606526586e-02
2.528055710260779243e-02
1.116656471627989755e-01
1.894348047454460504e-01
1.208762317346770754e+00
-1.874880433150090953e-01
5.272154310888732542e-03
1.194106135418973591e-02
9.198371345176983849e-02
1.313139716495747289e-01
1.441733339979203721e-01
-1.019404911718168050e-01
1.661183358510667785e-02
2.191958365937679565e-02
9.620755258948091027e-02
1.097129525885682522e-01
1.524795703346184250e-01
1.469448584320625154e-02
1.898959614560728412e-02
3.191349427679093798e-02
8.837501628300226120e-02
9.243580945432561258e-02
1.379109635157352298e-01
-1.797325699445905811e-01
-2.583115292392156037e-03
-2.106275203484039849e-03
3.724724200358935089e-02
5.317714343041872460e-02
5.350075872812536798e-02
-8.385393953854333171e-01
-8.213469445422655335e-01
7.631167289992912828e-03
2.482359278779355805e-02
7.358886415461118879e-02
6.225112310924998837e+00
-5.303545432184836317e-03
-1.723095328278911875e-03
3.703769925583082212e-02
1.190480167594779315e-01
1.287144639523972733e-01
1.527560731030911390e-01
-1.086389382374963741e-02
-3.655931154360534188e-03
1.453001922549520576e-02
2.333988630600464242e-02
1.153217170917195111e-01
1.225197879195582540e-01
-4.912430704863347819e-02
-3.901044457349803207e-03
-7.365593811126669443e-04
1.376463309521797074e-02
1.106962165690678623e-01
1.143841159041448508e-01
-1.838708702990756172e-01
4.899354655376608747e-04
9.032280109734924659e-04
9.088435808572089018e-04
4.913424936073455124e-02
4.946247064063950816e-02
-7.417187272069923898e-01
-7.298665591252956331e-01
-6.483835927166281543e-03
5.368311483037846443e-03
3.017978135399230766e-01
5.908132052644188725e+00
-6.003411815883752389e-02
-3.242208174792914066e-02
-2.154099498175920252e-02
-5.599616059467314721e-03
5.042685810440908356e-02
1.954907886199914513e+00
-1.996727140297756969e-02
-7.117677461232936598e-04
1.810847286802634570e-03
2.170962864083188920e-03
1.272381090657663805e-01
1.287327275071153965e-01
-1.906427331693206495e-01
-3.651361013383008780e-04
4.631815758994323184e-04
2.249635868277324868e-03
7.047489817102957355e-02
7.130322551411921728e-02
-1.715456342943945667e-01
-1.803503191663217986e-03
-4.380529054496262731e-04
1.479395323026294617e-03
3.957796039250154052e-02
4.075780412864619950e-02
-2.159595692335435080e-01
-2.123221319735676127e-01
-4.371784984118970430e-03
-2.555069491341349641e-03
-7.342844510243307088e-04
3.241292590595914902e+00
-2.268768415806156902e-01
-2.220513936776744301e-01
-1.337894655748544936e-03
1.082313813571822436e-08
3.487621854701306034e-03
3.243847662260851639e+00
-6.104717935994478234e-02
-3.602693473612250674e-03
1.552224635480515397e-02
1.163154725760023878e-01
1.241275293418167003e-01
4.616577293702641138e-01
-1.762683261044129535e-01
-4.743953934292791108e-03
-2.852581435367609886e-03
-5.968899668932076130e-04
6.831247174268224864e-02
7.122490859395075313e-02
-1.484731472668491814e-01
-6.252323226234229869e-03
-7.337127934477841174e-04
-3.273073734947617996e-04
3.240592650781721346e-02
3.281233187087573278e-02
-7.723906151112645002e-01
-7.709809795701394464e-01
-6.818728114632743864e-02
-6.677762228554245949e-02
2.637287284780963637e-01
6.233522441006212667e+00
-1.168477672927031169e-01
-2.437071779111565917e-03
-1.672010732979761771e-03
1.799939551924510661e-02
1.100695951346700036e-01
1.108423915348803052e-01
-1.715975054659917287e-01
-1.099602000661657752e-02
-1.474372999164655362e-03
2.048890238759426552e-04
6.401364942636431077e-02
6.578359699653356374e-02
-1.770554906421322183e-01
-8.736721905925011467e-03
1.246621489922050685e-04
7.060924512636915229e-04
5.000719880434684878e-02
5.058862782312158191e-02
-1.653974090596318502e-01
-1.117291167260558993e-03
-6.903503131067065257e-04
9.769371911199933867e-03
4.090907175859985478e-02
4.133601274086579069e-02
-5.351454020292942954e-02
-5.069932008310547300e-02
-2.567871040094463556e-02
-3.558907455379449469e-03
9.577537897689815394e-03
2.026917929624664882e+00
-1.273369136418947903e-02
-1.192373850712284689e-02
4.552190394526903564e-03
1.388712882077406015e-02
1.028257000336667559e-01
1.036357638403450909e-01
-2.111779200369237261e-02
-8.244488406883770937e-03
-6.723533593274625894e-03
1.479727301723451557e-02
8.993802839013709249e-02
9.145870561881294658e-02
-1.075862497055808248e-01
-4.841773369372942559e-03
-2.615325957544323288e-03
7.714022866427194813e-03
7.954169345575291816e-02
8.035492593365205216e-02
-1.855923380180794779e-01
-1.377742769985951243e-03
1.682961020440937316e-04
4.498957323831667687e-04
5.014224704313356706e-02
5.029237970017156473e-02
-8.112317408654676765e-01
-7.950347123885468381e-01
-9.432009819064623990e-02
-7.812306928171275366e-02
-7.096190598861795706e-03
7.273964427275926070e+00
-6.008011195608575078e-03
-4.457695254855642900e-04
7.924992501982114357e-04
1.719945687612434160e-02
1.843772564935636932e-02
2.098368689570819234e-01
-1.903207267346601530e-03
-6.449290206230107094e-04
8.894719208892281227e-04
8.009834837089474524e-03
2.436476939799335495e-02
2.593829237066404628e-02
-4.933799016476306427e-03
-1.032351665014245422e-03
-5.508752283743777178e-04
5.010482597537814498e-04
2.519009735105121051e-02
2.571069581772662815e-02
-6.090122572059726569e-02
-1.909893050561745076e-03
-5.105255457073313826e-05
-3.754539638485751427e-05
1.574515427505231158e-02
1.575866143239549808e-02
-8.003327132160029667e-01
-8.001063397311345415e-01
-3.269436323762822116e-01
-4.499632176196113886e-02
-4.476994839120655018e-02
6.616618446896611161e+00
-1.401834511750559842e-01
-1.370238525212849334e-01
-7.135321918700315499e-03
-3.975723217977202711e-03
6.055455084548518052e-02
1.695013895090875744e+00
-1.766608439910246980e-04
-1.427722103868701376e-04
4.707539214791213629e-03
2.264762125416414432e-02
2.268150988707030510e-02
8.248897478568582853e-02
-4.788294026590537988e-02
-4.063453320393289880e-04
-1.748619895066104435e-04
4.158113574634129950e-03
2.235368996211843998e-02
2.258517330503252707e-02
-6.098560313968399982e-02
-9.661291206268149932e-04
9.167013835989065089e-05
1.630826603200459513e-04
1.307149907665119612e-02
1.314291159731315918e-02
-2.900006947718618555e-01
-2.857249845409702282e-01
-2.961065691525333055e-02
-2.533494644260175788e-02
1.229241874955988578e-09
2.766291323449439954e+00
-2.988737568016826551e-01
-2.972703733061274889e-01
-2.073759507590156037e-02
-1.913421140382237651e-02
1.667493698676025815e-09
2.766291323452035211e+00
-5.127712153970047197e-03
-1.954261363295557805e-03
-1.533537117392532942e-03
-5.216371006405090896e-04
-1.009128943037576609e-04
3.784867924199334377e-01
-4.608631228618720321e-02
3.316746101890422072e-05
5.073607998153407961e-04
2.384206137923127605e-03
2.104747191243552459e-02
2.152166525266146699e-02
-5.798458877557974289e-02
-3.840054236315861708e-04
-1.721446560592441999e-04
1.419567991881812846e-04
9.890654995685395703e-03
1.010251577373023034e-02
-8.363976166474728080e-01
-8.294495797015478677e-01
-1.259115151137672403e-02
-5.643113280580408682e-03
2.627105278820906706e-02
7.084823628826136144e+00
-5.612544599602409950e-03
-1.070647795593952789e-03
-5.145051179710410927e-04
2.325185664606036970e-02
2.589784423446827091e-02
2.645398691230563953e-02
-4.166830379388288680e-02
-1.537402121357493712e-04
-1.284340708231669625e-04
6.386036854163119891e-04
2.123864104088949573e-02
2.126394717553623664e-02
-5.294764663619872663e-02
-2.002419086942054324e-03
1.866718668732506069e-04
2.444555746529765471e-04
1.750437909036940340e-02
1.756216280257866941e-02
-6.081195397823429410e-02
-8.226123898824200947e-04
-1.375377343961404662e-04
-1.317940788740441696e-04
1.272874158799695496e-02
1.280133569939007586e-02
-1.409645057808878443e-01
-1.380031361202362639e-01
-1.274846303932471170e-02
-9.787092630249193820e-03
6.226918590178301405e-02
1.573255950638924316e+00
-4.595461759082576647e-03
-4.289061734894933364e-04
-2.387780934367672581e-04
2.373247260598826403e-02
2.392260068400838685e-02
3.188688022201177641e-02
-9.908897903485210101e-04
-4.452333437814440242e-04
8.592236632589726752e-03
1.196355625049559321e-02
2.299009706968534530e-02
2.351771432435899312e-02
-6.212374713991438563e-03
-2.560083677318790787e-04
-1.964898073914317020e-04
5.921572161844681700e-04
2.360772374552371974e-02
2.368528149840621808e-02
-6.044292056640024335e-02
-1.122336402293432761e-03
-8.835822806243370797e-05
-3.007656648608414418e-05
1.570455278255080897e-02
1.576283444535785463e-02
-1.364536279762924798e+00
-6.187910393645528195e-01
-3.545124009788018782e-01
5.937673366900209082e-02
8.956781484167053442e-01
6.770672384961556212e+00
-1.046778868092889704e-02
-1.008484448426532828e-02
1.684239074260364399e-02
4.724175052191249835e-02
1.850038863030262493e-01
1.853813354653182921e-01
-4.162627686935152505e-02
-7.865143419353265442e-03
5.034820381778121190e-02
1.563668578664288988e-01
1.639777361850995041e-01
2.215839170182270501e-01
-3.893796105081311770e-02
-7.447091280959057535e-03
4.170407003799369433e-02
1.368463748954793502e-01
1.474742723032404779e-01
2.749282137062245002e-01
-2.118939335153235681e-01
6.790403316161014446e-04
9.707582202659326143e-04
2.642048202531790957e-03
6.477940629306938591e-02
6.504249608800652394e-02
-1.560076008106236811e+00
-5.658688310325589166e-01
-3.817024572005294214e-01
1.251029189095920202e-03
7.136211261890195168e-01
6.934815422081195280e+00
-2.425068193075474998e-01
-8.487422406558864374e-03
1.791390305796047855e-02
1.038280767630401225e-01
1.095196434048074097e-01
1.479057167770299497e+00
-9.436880595222463253e-02
-3.362113585293727280e-02
-4.530644240353542962e-03
-1.542657221303866955e-03
1.718188460284764962e-01
1.730039126213426259e-01
-2.261866727258279308e-01
-1.827195919891499987e-05
6.900488162582679719e-04
9.743406507280574780e-03
8.963893398661047784e-02
8.995820287337717713e-02
-1.946950834112978757e-01
-2.155641038947990473e-03
-2.461653444144965008e-04
3.816583964267296347e-03
5.297411993990266965e-02
5.333034567065694787e-02
-5.640381041437972920e-01
-3.389554166717589911e-02
-2.157479901066094996e-02
1.328079656771741224e-02
1.992088347820183403e-01
2.798121207938407906e+00
-5.788246674459535113e-01
-4.490084815475647861e-02
-2.790048599128525098e-02
6.698118682916920363e-03
1.895316951201395650e-01
2.766859462520614876e+00
-3.049543813626812670e-03
-1.408521204227427973e-03
2.680492948605719267e-02
1.895188804625083934e-01
1.911597552898526564e-01
2.734098018842707756e-01
-2.320073139407154428e-01
7.197738443632528682e-04
1.413193896795283955e-03
5.530492069848250147e-03
9.073347124326387736e-02
9.094933091027757044e-02
-1.745994162375563707e-01
-1.574914067029239972e-04
1.430469259443845065e-04
5.839511343989758907e-03
4.296136111751222564e-02
4.326894684381250855e-02
-1.354446090432310124e+00
-6.214521627419831162e-01
-3.766062294647228859e-01
1.898214406559017853e-02
8.161701362450013431e-01
6.565813057672909459e+00
-1.737067724282534420e-01
-1.342764355535061571e-02
-2.519262451404408187e-03
8.708869217469891733e-02
1.381016261158241332e-01
1.602341601006519456e-01
-2.047638272770467838e-01
3.660448869329216426e-03
3.957988115376898097e-03
2.794089670736694259e-02
8.615488650916190705e-02
8.769535577914555624e-02
-1.769661811366507465e-01
-2.258456480908263564e-03
7.157404578931464423e-04
4.980515792556086674e-02
7.302705205202425498e-02
8.276731888724700448e-02
-1.688809991385031295e-01
3.985052210258646643e-04
5.935655481696319735e-04
2.853028773661214074e-02
5.193780365998032500e-02
5.203472593954792252e-02
-3.389011479371842883e-01
1.275263152314132231e-03
1.387881514227706781e-02
6.920594297155002739e-02
8.174134191604426336e-02
1.531889567243666317e+00
-9.658161228828232581e-03
-3.544577360859474391e-03
9.631623919332885086e-02
1.514402398845207665e-01
1.561296961872503386e-01
2.092865659944204426e-01
-1.020903308686568756e-02
-4.861025558299231220e-03
1.089036293224251717e-01
1.282330160281996423e-01
1.819139417010167126e-01
2.360142493920232842e-01
-1.186712638141989851e-01
-6.192834683937914475e-03
-6.038204547114692233e-03
5.877412010168250878e-02
1.068486416839247999e-01
1.075723240586436424e-01
-2.153076983932871724e-01
6.384397060624630305e-04
7.662742196846289433e-04
8.785200804508619399e-04
6.468016529393100233e-02
6.480764872415764599e-02
-7.337024323267246628e-02
5.673531737557441224e-03
7.581582391203017801e-03
2.398160882486184697e-02
2.613930174815562446e-02
6.934313218543950441e-01
-5.245789779184101970e-02
-4.745041124870785776e-03
-1.309483364969249442e-03
4.739868062563497297e-03
5.223887428343824274e-02
5.521146572151232335e-02
-6.851385741547266761e-02
-3.655172730014734361e-03
-1.557238716393745392e-03
4.350707989706124879e-03
3.894348616139085839e-02
4.086077634911772227e-02
-7.088472745902352212e-02
-2.014099867195501270e-03
-1.424991917803604402e-03
2.280493018904247715e-03
3.499678781484020368e-02
3.557899129027849300e-02
-5.579793666315824296e-02
6.377437606214578225e-05
2.389261834584606448e-04
5.088724379217722527e-04
1.615888445773199997e-02
1.633473283015077909e-02
-3.649962948948835828e-02
3.600422968359731635e-03
3.912003865845031791e-03
2.179767799750482321e-02
2.210888067389641526e-02
7.558686344752166830e-01
-1.012404683923606372e-02
1.151567946805140408e-05
4.003686016810729248e-04
7.194951427738510707e-02
7.234638761511144600e-02
1.219778205304233309e-01
-5.670679344851130288e-02
-4.534985485401127336e-03
-1.100814621367338098e-03
1.637107314379315781e-02
4.533763060482773333e-02
4.812252373815884693e-02
-6.783870993500515367e-02
2.670482748004417151e-04
2.941888170107549716e-04
9.487233890140070458e-04
2.328244985596279390e-02
2.330830375538386554e-02
-4.762479195901681006e-02
-1.414621460864395278e-03
2.746071189575246120e-04
4.023206470827963730e-04
1.333762815364809319e-02
1.346525985785935499e-02
8.062082454549413012e-04
2.362693689802760396e-03
7.205320011097146940e-03
7.296888508576253318e-02
7.433997516773528658e-02
1.350267734033140377e-01
6.779552279648430168e-04
1.209701562695348091e-03
5.142697862916898420e-03
7.326545882106573482e-02
7.360935578821542480e-02
1.474487016664754735e-01
-3.209642886002000289e-02
-2.537257275832573156e-03
-7.039659390339209066e-04
2.550216963240273249e-04
5.826405382816526868e-02
6.082844275323035649e-02
-6.799318489304963242e-02
-1.479663845397362343e-04
-8.314890579211656196e-05
7.990397204499788408e-04
2.384531990216271630e-02
2.391197452826883049e-02
-4.397459170549820884e-02
-1.819244463518182467e-04
1.605040564463857669e-04
2.572557597263974228e-04
1.060120625113335560e-02
1.069770938204392050e-02
-1.996589535093562517e-02
4.837913365727492671e-03
6.327967737307930302e-03
1.658546509437729827e-02
1.814252300415004904e-02
7.059121322533736809e-01
-7.381123367582660688e-02
-1.259973107349418586e-03
-1.205492205904129532e-03
3.301480976195744765e-04
3.627197267067989311e-02
3.632831840294732662e-02
-6.744422460113989881e-02
-1.903370883921569334e-04
2.154279312187833140e-04
1.909498705933737606e-03
2.264209715472112472e-02
2.304939861849171143e-02
-6.183259652477406110e-02
2.359316898096104620e-04
6.732814004789325346e-04
1.488123486188590305e-03
1.883563122136204179e-02
1.927699098776807993e-02
-4.839517673675923504e-02
-1.251475317295605745e-03
2.447479866443365098e-04
3.122637711854165938e-04
1.337552035559820031e-02
1.344246421846015047e-02
-6.529908334687931949e-03
-3.106412466218301180e-04
-2.819601105395362281e-04
7.217591956816289678e-02
7.220546667403554553e-02
1.273857892296503258e-01
-6.395615807793807173e-02
-2.134536530664046805e-03
-9.585425273061914941e-04
5.199666994847182422e-03
4.209460485397869406e-02
4.325470805674908048e-02
-6.510402576443269362e-02
-1.745458535454602611e-03
-9.448569809577186951e-04
3.532267723140303239e-03
3.755736491984552894e-02
3.836242011619273723e-02
-6.709016140759925528e-02
-1.823584143515723233e-03
-1.599729193763985147e-03
1.411335041227833320e-03
3.238925977497839753e-02
3.259763051800639716e-02
-5.570724922634824605e-02
3.554534001759847295e-04
3.729741054794843969e-04
4.186113107325188654e-04
1.599085886633543757e-02
1.605322846512503149e-02
-1.945861866329116063e+00
-2.334416166368575851e-01
-3.976240553874132999e-03
2.831577545124219775e-02
9.661580775976807978e-02
4.258868269463207401e-01
8.901275533273207419e-01
1.261508765297754353e+00
1.324693017234141301e+01
-2.136599747419098139e-01
-6.729304502883132200e-02
-2.240980949769322272e-03
5.446446116911335400e-03
4.661032169961390470e-02
8.184319897571809554e-02
1.278002296917825908e-01
4.856379142623219458e-01
8.954728631911603731e-01
-6.417093142188938504e-02
-1.070148801913759634e-02
1.717706129161861162e-03
4.441133486768639171e-03
1.279601629773234606e-02
3.433731069896608923e-02
9.064722551513389182e-02
2.060157509281850263e-01
8.959564378417451680e-01
-1.516257785123116264e-01
-6.334724762649182606e-02
1.053233842951972754e-03
8.942641534887774135e-03
2.125736573478145819e-02
2.975678641256429557e-02
7.059240877847841600e-02
1.947683980925543901e-01
9.745459960999166560e-01
-2.434706706544592425e+00
-2.302003954179188128e-01
3.344684752908388958e-03
9.023075453705864390e-02
1.638379540705479087e-01
4.670191835539259095e-01
9.592244635725877266e-01
1.523136108157236546e+00
1.336661959496120389e+01
-3.254283663532080983e-01
-1.072185484149710266e-01
-1.788121820498816961e-02
2.929311046558913390e-03
9.501793175854311713e-03
5.778779546646550802e-02
7.125969415782248406e-01
1.123270536490395433e+00
3.300645452441663075e+00
-6.086324397503432154e-02
-1.841570588680407211e-02
6.797692133264504610e-04
3.965841003517468766e-03
7.998745588526069705e-03
4.201434823547638836e-02
1.313289417944146220e-01
3.021177044045565974e-01
9.222819912000185250e-01
-8.521478758235426568e-03
-3.543350540000256982e-04
2.272597362254854050e-03
4.598604613482071626e-03
1.457465759626232378e-02
2.126228798368815648e-02
5.388712184196384897e-02
1.012267345764000515e-01
9.133787130611861205e-01
-1.904095651024540148e+00
-8.676970453063226341e-01
-2.194017314565956944e-01
-1.910053146304613314e-02
1.518647238065642391e-01
2.157532817744982623e-01
7.065904011097905446e-01
2.825223858740452343e+00
6.258399556024183852e+00
-1.319113301900669999e+00
-5.491020853536403568e-01
-1.338588788746171154e-01
-2.414297443288582201e-02
4.411232111427088043e-02
2.874970816870601187e-01
5.458951222708254836e-01
2.096897405519188240e+00
6.941229982533463350e+00
-1.392749864686596006e-01
-6.218899032084643230e-02
-4.821546084689570799e-03
7.922129348603729193e-03
8.245958326878802258e-02
1.743024683894048577e-01
3.574883719013064454e-01
8.451149827636422751e-01
9.880873445944495792e-01
-7.476198469840308891e-02
-9.548273456916889224e-04
-9.544244281713381694e-05
-2.681293324113489694e-05
6.559909124264780809e-04
7.094814148496714126e-04
1.832266478307975621e-03
6.101689647595848198e-02
9.461581891679433642e-01
-2.003779750061213338e+00
-7.148677749790643965e-02
2.444590088946707596e-03
1.362524740674952994e-02
7.460799782983373873e-02
5.200542210699712342e-01
9.575506193047154113e-01
1.368402003517409149e+00
1.310898165397911441e+01
-1.273515441695072803e-01
-2.196237773085095435e-02
1.928117316332383924e-03
1.349328169714972270e-02
1.984998157562486987e-02
3.605001070526528406e-02
8.933794900398628336e-02
1.777964836661191095e-01
9.312398112092147295e-01
-2.380961133890929227e-01
-1.039823384926047423e-02
-1.426109831144745099e-03
-6.811717659738203423e-05
8.491399861722787046e-03
3.079212017832833048e-02
8.832110429462075585e-02
2.434273709573491762e-01
9.229078087160713650e-01
-7.231194039199605184e-02
-1.875423756378169493e-03
-2.555004313295333729e-04
4.126405357687823461e-05
1.250165498878907933e-04
1.818397899257667705e-03
8.956736961419450860e-03
7.078196085169941032e-02
9.478891788821954822e-01
-1.645283587346934584e-01
-7.646779263857463038e-02
-2.025042858312908756e-02
8.069143974250264639e-03
7.810874507948828427e-02
2.032051169813425817e-01
4.190208753440293199e-01
8.686713638973309060e-01
1.031717615384621034e+00
-8.270972673295086397e-02
-1.680811497611441052e-02
1.297936695033627408e-03
2.813491181099317395e-03
2.145463666961389126e-02
3.328642918107184434e-02
9.671912984506916833e-02
2.502895874630464146e-01
8.748135200301311309e-01
-1.166414676355419094e-01
-5.519830297463469704e-02
-4.947883508595568580e-03
5.383244992259381134e-03
2.019580636969807441e-02
3.550084226429821299e-02
6.742691648364722290e-02
1.431155005598710450e-01
9.928297560556631485e-01
-7.750483978831237963e-02
-5.044891405506786441e-02
-2.353451656369963396e-02
-8.288084192534156402e-03
-3.621624904482312335e-03
8.755551818043008638e-03
5.604852265377494036e-02
7.611156550430264733e-02
9.651805351176431236e-01
-2.110213430309153537e+00
-1.406601901804943378e+00
-7.637145545526782264e-01
-1.440745260186568899e-01
2.792949058574301091e-04
1.946888002889624047e-02
8.033352720659170387e-02
2.482484282067236592e-01
5.013582392404232202e-01
7.022579514806635004e-01
1.716462575274940505e+00
1.048051227694300991e+01
-5.324010871574403475e-02
-1.773570527830586885e-02
1.564081157713129167e-04
3.108307722701861286e-03
1.429656957670066841e-02
3.066763382322813813e-02
1.095195416877426525e-01
1.283240620507978269e-01
1.944991651776073471e-01
4.362796324459387032e-01
7.770027426719825492e-01
9.908360980635783077e-01
-4.727196766206762796e-02
5.092019793286536866e-04
3.846061913618747941e-03
5.781623402007232682e-03
1.048005739242851425e-02
2.041528185029383574e-02
8.573016139581957074e-02
1.071116460248647539e-01
1.476094587253294066e-01
2.114953213911654750e-01
7.034764970326524702e-01
9.489990595095586512e-01
-1.408860131346134810e-02
1.463363608021460080e-03
3.905277988600536904e-03
5.345904064611467499e-03
9.007484569547270087e-03
2.003846783371271423e-02
5.397416265277852482e-02
9.305717930124215997e-02
1.235114304049383660e-01
1.427840192751207715e-01
6.779174489239152557e-01
9.418224651386384316e-01
-1.967353893665852560e+00
-1.478043480663056908e+00
-4.445021087074501054e-01
-1.008692639060866370e-01
-3.526984453921766516e-02
1.907875085884302990e-02
4.787734706173796262e-02
1.010930823952784774e-01
5.541162284020286766e-01
7.310767123388253186e-01
1.532273343970128598e+00
9.727512461127174603e+00
-1.804574177654128808e-01
-1.039157367990029834e-01
-6.323942679322384908e-02
-2.731343557611748407e-02
3.263917161985069315e-03
1.625331895970349994e-02
7.033607384563300702e-02
9.520514353126985352e-02
3.895835065173012812e-01
8.350663831622149313e-01
8.948059989801666614e-01
3.212481478420151859e+00
-2.381060310471736982e-02
-1.901919749959753159e-02
-7.504681749562307214e-04
4.001237301359292925e-03
5.618230574675350808e-03
2.678513986067151964e-02
1.065191364916494021e-01
1.161305435208663805e-01
1.730214465308037852e-01
2.405489242594364974e-01
7.455683947336901873e-01
9.979558467144555856e-01
-3.153830372115112423e-03
-1.111520671145651163e-03
7.421326896279389039e-04
4.601948939670807981e-03
6.109586398809185512e-03
8.610100221357332509e-03
1.604260984696541381e-02
8.983847527100236041e-02
1.207456268223398022e-01
1.323195489571171168e-01
6.981374269179771996e-01
9.794933589213948855e-01
-2.515338018992207658e+00
-1.460416683902441504e+00
-5.310873822678530143e-01
-3.802750122661424648e-01
-5.980089721673298442e-02
1.276194898747373685e-02
1.759768395612679726e-01
2.777240793327653279e-01
4.424746069272655902e-01
1.682104292386358502e+00
2.084095623564879318e+00
4.833806996395384914e+00
-1.137235073720263445e+00
-9.164112947526489306e-01
-5.410323154424790948e-01
-4.201161222720454225e-01
-1.705035349883766704e-01
-6.916444717748548854e-03
6.865670890599750997e-02
1.178002462364413638e-01
2.887323858276737987e-01
1.276364822026808898e+00
1.602279750834960215e+00
6.563861070980371082e+00
-1.574312659161948569e-01
-3.312546677418509722e-02
-7.353656155296178776e-03
8.506246667040057163e-03
1.896330596262810197e-02
4.638162879298590724e-02
8.977336418042597410e-02
1.620358062380461983e-01
1.795764107757818473e-01
5.576543362091688216e-01
8.784384149117622220e-01
9.702974830538410034e-01
-5.684586149644265535e-02
-9.795334471113317787e-04
-4.715746874441317793e-04
1.110088161919153826e-04
5.797872525535596733e-04
7.908294956155068056e-04
1.432778424863237476e-03
4.235695133827499514e-02
8.418177698393793096e-02
1.316249443121184082e-01
6.898174431877872603e-01
9.722046496066582000e-01
-1.832640815619161812e+00
-1.368743149809141801e+00
-5.499468688510587011e-01
-1.670981033377922920e-01
-3.536911539436449203e-02
1.460525427599024262e-02
2.490917264185599223e-02
8.475455632660300331e-02
5.476746234087472853e-01
7.213714395846151373e-01
1.759323985590987904e+00
9.605188638951057456e+00
-1.166827924147118001e-02
-9.883441815853419299e-03
-4.641347825717291077e-03
-1.736414548976720346e-03
2.777233253916364109e-03
9.508115340053137701e-03
2.673979159310987258e-02
8.381861027216945537e-02
1.211671588471590760e-01
1.283819365215191910e-01
7.062970528824019656e-01
9.886091574903541623e-01
-7.814555325708871791e-02
-5.530081520348562041e-03
5.301085139408218128e-04
1.796094796801164795e-03
3.785767616530710811e-03
8.743485628886688010e-03
4.834028511842068665e-02
7.317747347965762594e-02
1.267089025827802806e-01
1.394370821762771495e-01
6.928832852057250635e-01
9.754223718154158007e-01
-5.556351313325698371e-02
-6.883984008524662856e-03
-9.956044663935875727e-04
-5.011977627215891129e-05
5.352420662630558157e-05
6.521831930759308671e-04
5.921533313271012955e-03
4.952960681015740330e-02
9.135184667177757845e-02
1.388433027045787305e-01
6.793268424986584897e-01
9.824656000826310631e-01
-1.219763856270275060e-01
-1.177333480151517009e-02
-1.084528103493233309e-02
6.796886262296339409e-03
1.899429829024938676e-02
5.145622615053015159e-02
8.845854167019522041e-02
1.500370975100234761e-01
2.347423922237907301e-01
5.283575495245736997e-01
8.489345603454100386e-01
9.339809091710767897e-01
-2.306563375132748492e-02
-4.534640707713376989e-03
4.087907811376609996e-03
5.698638983241969408e-03
8.352295843719478863e-03
9.606032939369006651e-03
8.264678316929197077e-02
1.078139741783975813e-01
1.391181330443653774e-01
1.717813986617161282e-01
7.147155713510159325e-01
9.721615175852159618e-01
-4.406340438535241016e-03
1.341324991400162994e-03
5.664280392388656125e-03
8.375117322203039921e-03
1.079270906230818741e-02
1.764034405173208267e-02
3.581783098469167037e-02
9.601305383301200758e-02
1.262363923810125299e-01
1.398794751522735302e-01
6.964601236701348785e-01
9.638000262160463238e-01
-1.954018891756749698e-01
-2.065869910950512978e-02
-6.522206422746673615e-03
-5.291231980396604584e-04
1.781526337132049997e-03
6.190171179951825531e-03
4.489510341655494896e-02
8.808852642601944227e-02
1.194483252023358921e-01
1.838229271253440378e-01
6.937383003898777156e-01
1.003671494351412452e+00
