1.677796180243506519e-01
1.234513461358033651e-02
2.075784337237440991e-01
5.733914333668516800e-02
4.191057343533979157e-02
2.701629112298132851e-01
2.343360757677053277e-02
4.389004433464237520e-01
9.491510656156659786e-02
8.081411870574768674e-02
3.376639593853469345e-01
6.867487996799927219e-02
4.901874363681764657e-01
1.412863037499578200e-01
1.101660020032235732e-01
4.579079408762405934e-01
6.149353788106311919e-02
6.785783880881174346e-01
1.824445896916087606e-01
1.765677262528322355e-01
4.548770482005680127e-01
8.774947683122646946e-02
6.905975926813443522e-01
2.066030872322139056e-01
1.768600346751403873e-01
5.959701286522413044e-01
1.565792634753724322e-01
9.682755609886013470e-01
3.347747629965269200e-01
3.006960178995509714e-01
