1.608374255134956250e+14
5.572106662602210938e+13
4.153311348132263281e+13
3.065969868806135547e+13
6.412494980115902344e+13
1.227969104771158984e+13
2.132162912936573047e+13
1.872623577483918359e+13
1.629592186536533984e+13
6.290295698081064062e+13
2.244805674111862891e+13
1.681189091635008203e+13
5.020768403556289062e+13
2.917310187449070312e+13
2.187411728005651172e+13
8.692223381722725586e+12
8.468008291505577148e+12
1.573024577538424219e+13
2.004679929600069922e+13
2.945611431929669922e+13
2.949148708919492969e+13
2.805381883302962500e+13
2.583110737670817969e+13
2.328529652204066016e+13
6.557883676830020000e+14
2.979175530668307500e+14
2.438287955590975625e+14
1.718828177411095625e+14
4.159217446373815000e+14
3.498815876157109375e+14
3.287077059707666875e+14
3.291987689391976875e+14
1.608052072542881875e+14
3.486082344897060938e+13
2.766970724824801953e+13
2.264420358134637500e+13
1.645797817173096484e+13
5.942525216912186719e+13
4.250586126052989844e+13
6.837906900758648438e+12
8.562476467330600586e+12
1.782220974674691406e+13
2.147886904281547363e+12
6.291348668332166992e+12
8.602289235052794922e+12
8.658993417702000000e+12
1.102772189364086875e+14
1.501359502172474023e+13
1.188479406711975781e+13
1.527304470496299023e+13
1.979080774406928125e+13
1.781529110222694141e+13
2.043001521737167578e+13
2.997864486983255859e+13
3.003050378012928906e+13
2.344866574093297656e+13
6.826594626800573750e+14
2.958439297824092500e+14
2.446009230751046875e+14
1.824103866188634375e+14
1.698744656168963750e+14
3.763521575142771250e+14
3.378235575044500625e+14
3.334369433810743750e+14
2.776246209501979688e+14
1.131065987749304844e+14
1.156913828230701367e+13
1.253010125470211719e+14
9.112003498665135938e+13
1.674939911835535156e+13
1.820489009087719922e+13
1.684678712056231836e+13
1.634354214573264062e+13
4.635926358171815625e+13
7.784879499243612305e+12
1.678776085370035547e+13
1.580791542355850586e+13
9.857008759890778125e+13
7.340323362494925000e+13
6.354364499801773438e+12
8.089130967438798828e+12
7.890976732046912500e+13
1.720595717548711914e+13
2.533098420169085449e+12
1.749060808473675195e+13
9.391975465944214062e+13
7.252899114823298438e+13
2.850787722770628906e+13
2.289655621124077344e+13
6.922344224321100000e+14
4.841142334916420000e+14
1.961058037562338125e+14
1.770680247792574062e+14
7.838609640217470000e+14
4.154076308382267500e+14
3.382200552098237500e+14
1.318855750414268750e+14
2.227329888182864453e+13
1.747206919039326562e+13
1.625826885031456250e+13
8.963033975289054688e+13
7.493090349777231250e+13
3.326621335080789453e+13
2.014525745485891016e+13
4.945553952775320312e+12
1.390574125908236719e+13
1.637050935327770117e+13
8.938856745065785938e+13
1.558843290679101367e+13
8.698070572714592773e+12
6.287619510094633789e+12
1.965113372558541406e+13
1.953100040176589453e+13
1.916311642933657422e+13
6.268431411331456250e+13
1.760755787741479688e+13
2.996493010152184375e+13
2.660026271976625391e+13
2.692345819620746094e+13
6.980609167211781250e+14
2.056101525513700625e+14
1.693085083637811250e+14
1.613308043326231875e+14
1.678236107645394062e+14
4.738379192847099375e+14
4.142660090194878750e+14
3.369826042672450000e+14
3.419622790589906875e+14
1.643724192973089688e+14
1.495961940821192773e+13
1.969150310792285156e+13
2.230554835954366016e+13
1.600575769405073047e+13
1.008507169636453906e+14
4.381810945378305469e+13
1.189027284468603516e+13
1.686800422928235156e+13
1.575806156626838477e+13
9.281144166323992188e+13
3.089806966920495703e+13
2.015222444617265869e+12
7.687323219900512500e+13
1.587440326525200586e+13
1.829192517688602734e+13
1.832073329248041406e+13
1.013600193937553594e+14
3.005897702280642188e+13
2.629977942556371875e+13
2.312348129186736328e+13
6.955800403089027500e+14
2.927418200223010625e+14
1.712798803693276250e+14
1.707534545276909688e+14
7.473360846553352500e+14
4.743161503651175625e+14
4.163942119529003125e+14
4.046529021006723125e+14
3.903078993051163750e+14
3.489272842795347500e+14
3.385879567938325625e+14
