-4.778822175890199656e-05
-4.761990034490405855e-05
-5.486369180500359343e-20
-4.949145215501842152e-20
1.988429037178959270e-20
4.584342506216992518e-20
5.839207521035092653e-20
2.765826631755409471e-05
3.450989122749626120e-04
-5.377150984286043299e-21
-2.112457873359680319e-21
-1.837949199303028146e-21
-1.314050990939689409e-21
9.967174747858329851e-21
3.383356725078238436e-06
5.640242550976146383e-06
1.161570421254864277e-05
7.001630933969786119e-05
-1.095107695354054620e-21
1.395720686330894971e-21
1.970755550808037779e-21
2.274018119918052194e-21
6.626237628278379668e-21
2.026724651076389841e-06
7.893359911780483735e-06
1.342853374131282255e-05
2.864621703688122409e-05
-1.625744782964965401e-20
-5.040019951319760114e-21
3.378042438071886133e-21
1.040895853604580697e-20
1.663764209909514178e-20
5.304693674853377154e-06
6.974015825309612325e-06
1.195472158105935023e-05
2.715386495922983965e-05
-1.540401652717981551e-05
-1.475283086887174791e-21
-1.201483722186505036e-21
3.983031452872727218e-20
5.225455551135411796e-20
6.019092416979435361e-20
5.244673049683163321e-06
6.228603963057050254e-06
1.429028651426492670e-05
-1.569879848804850954e-05
-6.427765481475761460e-20
-2.107423675797442188e-20
-1.820554865285926805e-20
-1.353974156455399507e-20
6.919977083527776698e-21
5.168802088459213319e-06
6.331120057898180666e-06
1.419376720333348374e-05
-3.250080388204755697e-23
1.037831070793702828e-21
5.608394919726995974e-21
1.167812020968160250e-20
2.690379074209413382e-20
5.710266363997546726e-06
6.993875415466023486e-06
1.622367557672052912e-05
2.488964453560179910e-05
-5.461978851141042288e-21
-8.085477472042076493e-22
-1.499108151024621837e-22
9.591770457972999672e-22
5.328739287781599838e-21
2.054789851011065143e-06
2.852016540363418467e-06
4.145871941243499261e-06
2.719363076028621134e-05
-9.788105682628472239e-21
-7.276839322021961561e-21
-1.857718352343851950e-21
5.956867050524216878e-21
6.339951005306012098e-21
2.683075861939260206e-06
5.574623315257328543e-06
1.263014900503377479e-05
6.982527204813892933e-05
-4.780048211531149596e-05
-4.763085413256730965e-05
1.386394510817874057e-20
3.018088953240233008e-20
4.879338438895908004e-20
8.066748209253511914e-20
9.686887430054234674e-20
2.774873590257583838e-05
3.450978753922202933e-04
-4.916757526164661896e-05
-4.816870638170027462e-05
-7.941989177196071493e-20
-5.489474033728555572e-20
2.639994677694524688e-20
4.531485165944044509e-20
8.008346109224574692e-20
2.484314204513381950e-05
3.581286218114075235e-04
-7.172273343270532613e-21
4.107318780572205218e-21
6.991197127697871277e-21
2.223416959627007206e-20
2.782980975160270273e-20
5.060223475824076644e-06
5.753490346685045072e-06
2.522887802472584528e-05
1.018588403340490767e-04
3.563182819826918592e-21
1.167314503516346658e-20
1.174963693086889241e-20
3.397473059856856737e-20
3.853072900277656521e-20
2.880000465078772211e-06
5.008668173099459945e-06
3.885624383663700701e-05
5.507884822052797199e-05
-1.591167975040166830e-20
-5.617015307758332705e-21
3.165148606627598521e-22
2.881112954605174645e-20
3.002357234912442654e-20
5.855592217612710952e-06
6.811530915361799474e-06
1.349676410678857848e-05
4.305372261290522521e-05
-1.172579153375889506e-05
-5.735189983338176193e-21
1.045804952625060453e-21
9.639559460504261176e-21
1.439697206160219948e-20
3.344754680592841531e-20
5.543181549973324306e-06
6.700451350468939855e-06
4.616157355148676843e-05
-1.171335316945047944e-05
-1.589167173871741590e-20
-6.957574742400795695e-21
8.756682498472980862e-21
1.009131022939086565e-20
2.286045049432409039e-20
5.546209311170861732e-06
6.566688235539720868e-06
4.626018746863510569e-05
-2.231680613665332457e-21
1.183036263997933483e-21
1.418355016133899162e-20
1.918538075864108032e-20
3.186096318651514428e-20
5.815676800228527564e-06
6.888356544481987898e-06
1.546641920568232056e-05
4.127423165029046680e-05
-9.313682041740840051e-21
8.714122429360745586e-21
2.135977803685162919e-20
3.289698932516459293e-20
6.124035659966070459e-20
3.127219205035289505e-06
5.248855009330605012e-06
3.901354693419160170e-05
5.474059716064169661e-05
-2.746951931234475262e-20
-1.148382823615180700e-20
2.298893240453291390e-20
2.497870641952365805e-20
5.317499828275467205e-20
5.059515230810697761e-06
5.795823025836194779e-06
2.490279013956013076e-05
1.009355176597726136e-04
-4.916359327543927719e-05
-4.817024161251883880e-05
-4.673321645343693549e-20
-4.420706352551606479e-20
6.767214086367429425e-20
9.688393249063935910e-20
1.008734094789964243e-19
2.442804783761708758e-05
3.581228743761432644e-04
-4.762591326979676807e-05
-4.694837481280057979e-05
1.727384453827284704e-20
2.213057045975634599e-20
2.572853436314250137e-20
2.695854606493800583e-20
5.490205295733059187e-20
2.261065972244027375e-05
3.458876120387741168e-04
-5.843882273132204866e-21
-4.936217380066795558e-21
-1.728353050575172965e-21
2.557346634423386512e-21
5.705108975046633899e-20
4.663193879266331740e-06
5.995703162051632875e-06
1.865323648761946769e-05
8.444453455190695018e-05
-5.265617360891799719e-21
-2.972554090207686388e-21
-7.059610273148056583e-22
2.144724296416007516e-21
2.104555639058373333e-20
1.254931286257158178e-06
4.141052811027251663e-06
1.735097347749661606e-05
2.940203764100787862e-05
-7.271066984427381181e-21
-8.812484263109554973e-22
7.514153263638188407e-22
6.002571371328418683e-21
6.934577324648130200e-21
5.971944443785526406e-06
7.262704881443419380e-06
1.474678322173244888e-05
2.689000923826794520e-05
-1.490553240803054706e-05
-3.350004511580256617e-21
3.920300592653778585e-21
2.898989455163037520e-20
3.826634116351625999e-20
4.524210836425958891e-20
6.670949757430842377e-06
7.486107870658507296e-06
1.500123318606285868e-05
-1.545675607406110546e-05
6.635503451151590451e-21
8.219789933410829501e-21
1.915456071541013643e-20
3.950622968788029268e-20
4.594356065682635430e-20
6.558404029525970900e-06
7.404119688273622376e-06
1.480428640448230997e-05
-1.483338127079718299e-20
-8.614020194460664229e-21
2.523952879750272881e-21
1.418496186595552577e-20
1.826471786301321846e-20
6.416800221035040880e-06
7.258349152019805353e-06
1.776412679551553537e-05
2.614010254384272435e-05
-2.769402104466727944e-21
-1.876800375904689770e-21
2.508097135814256039e-21
6.108885149808490966e-21
3.112899071985240958e-20
1.405861900565050836e-06
4.211293774090615893e-06
1.236498791635088847e-05
2.949296131404071137e-05
-4.890010702947923528e-21
-1.746676214314802040e-21
5.985036502481245025e-21
6.734445986126990540e-21
7.514830573783651164e-21
4.409605328887307614e-06
5.884458571753339149e-06
1.510649097727478416e-05
8.438679552999279381e-05
-4.761423616010537562e-05
-4.695129561643640484e-05
-3.040198970032861196e-20
-1.491595366485022248e-20
-9.591883527212864914e-21
7.722894660739892554e-20
1.270826788703476413e-19
2.266475903561670688e-05
3.458254543592759688e-04
-4.880703703298441501e-05
-4.788358699136317895e-05
-7.153112019051516317e-21
5.878775618674331113e-21
8.331834481472786664e-21
1.314701426885738727e-20
4.875336153094267073e-20
2.292410627478998626e-05
3.406893114607380908e-04
-1.387674098263712670e-20
-3.096742988164876692e-21
2.338848131315927090e-21
9.436289920732047372e-21
1.995329848876336019e-20
1.572202950789081723e-07
3.944121257809799486e-06
2.432127174186807521e-05
8.975878991701395063e-05
-7.433804155663900207e-07
-6.956870176422739406e-21
-2.009110666190849861e-21
9.268039393043983226e-21
1.449053515330917850e-20
2.335744526246596429e-20
3.771922910493302814e-06
2.823872291154984226e-05
4.301598763185181023e-05
-1.562294661472597011e-21
2.583717433774612571e-22
7.829324671618111903e-22
2.388120961542944595e-20
2.887341750247065801e-20
5.903339148782735529e-06
6.882977128896065183e-06
1.940185061331740527e-05
3.399518176799470111e-05
2.360629310026368038e-21
6.112625370974725311e-21
6.431261072541579371e-21
1.935859084569597766e-20
2.920783452838475845e-20
5.866634733608767212e-06
7.567802748435351223e-06
2.188351053443776112e-05
3.438427163466283021e-05
-1.829650364029901723e-20
-6.586349634188187278e-21
-1.830188251419259486e-21
1.812618127446451547e-20
1.876268896914917264e-20
5.653113107546830425e-06
7.259394775530325323e-06
2.174681395481729563e-05
3.453604881861358308e-05
-1.222854585593070830e-20
2.479888751685983679e-21
8.591077013423196287e-21
1.587600522317056037e-20
1.671103842232343646e-20
6.683664745563497531e-06
7.161852067358859767e-06
1.762204976375801338e-05
3.489447671183286561e-05
-8.122567145692814060e-21
-7.847548980252724998e-21
3.125259438446070916e-21
1.498797123872714062e-20
2.227789065943182908e-20
4.272783147139039555e-07
1.641415086593398836e-06
2.727873861764574322e-05
4.369531723110445042e-05
-1.157697526055076982e-20
-3.658839319121686075e-21
-3.514248980361263903e-21
7.747481086428628160e-21
3.048210780801780340e-20
7.957179072979752973e-07
1.436209657298353903e-06
2.241034068550753924e-05
9.083330752431058460e-05
-4.880334894575691281e-05
-4.787804816397963850e-05
-7.542323694521487124e-20
-6.179516828887297062e-20
1.541251385353352096e-21
2.541921927439170382e-20
4.706391414809628859e-20
2.288088808226467020e-05
3.406841456647361388e-04
-5.009242365257708424e-05
-4.680546290289063703e-05
-3.270410459390974623e-20
-3.199516820259683864e-21
1.050846125540398505e-20
6.716101898522926171e-20
1.027817602001868919e-19
3.408370953457919472e-05
3.456875452652024682e-04
-1.294005908150340704e-05
-2.790210367727316181e-20
-6.176742893436544315e-21
6.187874837016044656e-21
3.147311602838445760e-20
3.456293582400225257e-20
4.380943537171893179e-06
2.200311721408811203e-05
9.295425691169762275e-05
-1.192744244395310079e-06
-6.211349195317965316e-21
1.367398538133621639e-21
2.211977970702680604e-21
3.832353840796168787e-20
4.478140509310797380e-20
4.101229580170920717e-07
3.286178754387655756e-05
4.372365324342787130e-05
-4.039864679364429192e-21
2.007213788335189282e-21
3.484740627317124606e-21
5.220466540783875040e-21
3.546360291875970545e-20
3.268402507902324935e-06
6.318444461919936822e-06
1.760271280279903297e-05
3.803107804650599394e-05
-1.165298484558284172e-05
-1.524911871779535961e-20
4.683872266801715466e-21
1.455639779082948996e-20
1.950883326900253188e-20
2.568497994877656451e-20
3.743569260678646522e-06
6.436964602048783672e-06
3.784065372175210196e-05
-1.157752293469643650e-05
-6.166990188411846166e-21
-4.701653270870782193e-21
1.123773065260657622e-20
2.696066809661172662e-20
3.345080877912445805e-20
3.692212135917454910e-06
6.478323780992821457e-06
3.795607795237541720e-05
-9.513329585052624930e-21
-4.376985391993424492e-21
-1.022074177563521565e-21
1.256700309276265566e-20
1.966618716087827020e-20
3.335526592856777197e-06
6.336168432282736469e-06
1.710036049474916999e-05
3.802209257421937741e-05
-1.388488037372334760e-06
-7.760648480055048663e-21
-4.111641639122849059e-21
2.475396690816176081e-20
4.306770499043690901e-20
4.730607803092944974e-20
3.338614843509158335e-07
2.776664036867278657e-05
4.673005370457348432e-05
-1.094426094107268650e-05
-1.488233086006312881e-20
-3.157323550207793833e-21
-2.276598686766958331e-21
1.204012729885643506e-20
3.210199727262556849e-20
4.260231648531978958e-06
1.939830467414385421e-05
9.356599127244115475e-05
-5.008981925237447771e-05
-4.680559697494627284e-05
-1.871142641172857062e-20
-4.391987140848789887e-21
4.689170966284799078e-20
5.059154660299138526e-20
7.535738398881919513e-20
3.406752400118576922e-05
3.456784387115523086e-04
