4.273799681930043750e+14
1.815116076305681875e+14
1.504060401051369062e+14
1.545228962954510000e+14
1.417905942409058438e+14
1.421131745859420625e+14
1.595005294962305938e+14
1.177509135128427344e+14
1.805927137770289375e+14
4.274962836881621250e+14
4.297789177949891250e+14
2.243456799656651875e+14
1.996738821013461250e+14
1.732815891641264375e+14
1.721054864435482188e+14
1.718797229067644062e+14
1.747382926683609688e+14
2.009696812416148438e+14
2.235537724104466875e+14
4.293005563969887500e+14
4.212114517342016250e+14
2.056483392466268750e+14
1.446525643867845000e+14
1.607876096476988438e+14
1.481692129660368750e+14
1.482637367779536250e+14
1.652187293516080000e+14
1.383179101392042188e+14
1.997712731352273125e+14
4.212498345225621875e+14
4.217281866572611250e+14
1.905723540884156250e+14
1.666063997292348125e+14
1.735479135381879375e+14
1.783877031493970625e+14
1.772204313233916875e+14
1.744327181989977500e+14
1.562876688309443750e+14
1.856548057676790000e+14
4.216678060633953750e+14
4.353292255110281250e+14
2.272839023085667188e+14
1.598004232157507500e+14
1.666859564445950938e+14
1.593421315844762812e+14
1.592640779360092812e+14
1.662428393382370938e+14
1.573490626771260938e+14
2.207819707827490000e+14
4.353087309202828750e+14
