8.485184609324966654e-02
7.138656300345400663e-01
1.170615336863858602e-01
0.000000000000000000e+00
1.352664187036887837e-02
1.283272627995933439e-02
4.376578639705049756e-06
1.277516493568070163e-02
2.645334205475584084e-03
8.006032868751374390e-03
3.651744632410987572e-04
3.449971406775957129e-03
3.697648594009228409e-04
1.218103815738546397e-02
2.470865177157125815e-03
1.349851937562503547e-03
-5.816031545776035195e-04
1.151980877243611624e-02
4.593521497635403954e-03
2.512511136648113656e-03
6.973536764983630926e-03
-1.567108681246320856e-04
3.063197253653127811e-02
9.174160502321004884e-04
1.008174247989609019e-03
2.331579163846297237e-02
3.920266530032486593e-04
2.079114673311181511e-03
-8.783769667128444800e-03
-3.628044129413036684e-03
-1.384407105765372902e-04
-4.225697436283204489e-03
5.143191181675574875e-01
2.935966016025452156e-03
4.989802666237283003e-03
0.000000000000000000e+00
8.260272169134601217e-03
2.815269938637669344e-03
3.138440164813941727e-03
1.092283887058864700e-02
1.560611678303458483e-02
6.514406936645363196e-03
-1.316519589413841238e-03
1.884066853820320865e-03
