5.827710033619388358e-02
4.159956207070059642e-01
1.144291394447174287e-01
0.000000000000000000e+00
1.869750523281026380e-02
6.480831917742268730e-03
6.518202845769611977e-07
4.661241775888817600e-03
5.396518562479165129e-03
7.422274521266708502e-02
5.040837394053514046e-03
4.790880865574405519e-03
2.106339181668306221e-02
1.046403761461892935e-02
1.936791506885290025e-03
2.183330706680937979e-03
3.745459748025803219e-03
1.961298176457959563e-02
5.647466723462368429e-03
2.343462895377390436e-03
2.880471362881187238e-03
2.734128588667358189e-04
6.249583561999762921e-02
1.080139605463736798e-03
4.146673286934484553e-04
4.608766723417873773e-02
2.065473680217633050e-03
9.307077250196660670e-03
5.791206487970919879e-03
7.023904929208250360e-03
3.488803614850969899e-04
7.070946289678910895e-03
2.702859215655770142e-01
3.814536607700043814e-03
1.024333663899952215e-02
0.000000000000000000e+00
7.210391517114733868e-03
7.838019824505375321e-03
3.202089954153682687e-06
1.109417164626145223e-02
2.320133448689730427e-02
5.248037760566844415e-03
4.606065368841338989e-04
7.353463293685477166e-03
