1.570135654681516224e-02
1.669752869995128411e-02
1.334289738111102963e+00
1.997167495272193435e-02
2.611144782716253278e-04
3.550574079772920311e-05
4.971718241586487067e-06
9.753005342214571814e-05
1.362289975347356387e-02
1.078227018054267529e-05
-6.621744604992319200e-04
2.282071357170356758e-03
1.015396800974066593e-06
-1.302015964728120491e-05
1.839969983670197774e-05
2.920870444242939932e-05
5.838374135656021344e-05
1.644893084973656774e-04
-3.150916897753190389e-05
7.531273649247586523e-05
2.892323654010139043e-03
3.619356286329959287e-05
1.017428221079678453e-04
-1.381576030483611038e-05
4.383419957051012250e-05
3.835420875345718844e-04
-2.190323294585387105e-04
1.785320683943029615e-04
1.332596523055803116e-04
-2.775089749337637384e-05
5.626799742639576471e-05
-9.473437023747403863e-05
8.405868086088312194e-03
9.816108932453918804e-04
4.169202486302925554e-04
0.000000000000000000e+00
5.978987039715851545e-04
2.914149390646159294e-04
1.417076272826648883e-04
2.392849703902374112e-04
1.758135627442980518e-04
4.157629328033799702e-04
-6.899630750556440431e-06
1.455346639524749720e-03
1.154271641391531799e-03
-4.114778731509153713e-05
1.120908475899333073e-05
2.747174628559593493e-04
8.919133536408348608e-04
-1.757518085880131334e-08
1.246532490300156172e-04
2.920207417113296561e-04
7.242868260037837589e-07
2.670891192254313705e-04
-2.902814880835584139e-04
2.682944662550849186e-04
1.490939293090483785e-04
1.522031063974231047e-04
6.767400511946686508e-05
3.501313156687816541e-05
1.875693030848335361e-05
4.963217522419461226e-04
2.610026311907394889e-06
7.950130792113707114e-05
8.292457251161492468e-04
-1.944237202207377225e-04
1.273287470700138813e-04
2.124438442152598583e-05
3.960324851340080339e-03
2.532743362700218444e-03
4.277347590389964592e-04
1.556255525984973119e-03
6.796505535065694437e-02
1.118257710595482762e-04
-5.033695156616927466e-04
0.000000000000000000e+00
5.420290268049947173e-04
4.116840089992083312e-03
3.752906683061052462e-04
1.672731544612263979e-04
1.567134646988973222e-03
1.081496960013398652e-04
3.412141029737266623e-04
1.322510193357243893e-03
5.270785046935566381e-04
8.524348360942439462e-05
5.733310552017793167e-07
6.129270564119604792e-04
4.984442213270249720e-04
7.782303007797253046e-07
1.364691645229232432e-05
3.993469061173371632e-04
3.488843995998654583e-07
2.989179019273757731e-04
-6.713525465221303456e-04
1.218313112967273071e-04
6.172771763182093876e-05
3.157065272462178385e-04
-5.527745701079907811e-04
1.591318893369416407e-03
3.947357792550057996e-03
2.719309406644665404e-05
7.454933951318576120e-05
1.182151115187934866e-04
1.463615031875124425e-06
-1.111803466894656313e-04
2.122749678652150916e-04
-9.176369437544629735e-05
1.205766431376487091e-03
4.595694835328734129e-04
3.154640035468355417e-05
7.845189148726190677e-04
6.950093990377019179e-03
1.697272964491676949e-03
1.461972358181395969e-03
0.000000000000000000e+00
3.857597757089529676e-04
1.773513401588970248e-04
-2.087460130730800636e-05
3.577845449565852714e-04
4.419051020652838149e-05
1.582667998208424018e-04
5.187945955248037531e-05
2.812078695681267666e-04
6.156583712017955857e-04
8.026790123746666299e-05
-5.182087239716803715e-05
3.644474481975616269e-05
7.691818459378681151e-04
1.493942623033521003e-05
6.390042532386175584e-04
3.067907298905492406e-04
-4.780630767016921101e-06
6.912341561698583656e-05
1.030012622003084743e-04
4.859989199964109938e-04
5.585990136386017322e-05
2.556062785692647882e-04
2.371786588105366132e-04
1.281038902599844010e-03
3.537445986963698007e-03
7.575966564170144146e-04
-3.489942159965823361e-06
1.075313763251095677e-04
-3.135968867014800586e-06
-1.033136991808921324e-07
2.161567451682537165e-04
1.476141244107035679e-04
-1.448997006120074755e-05
-1.415163963497538036e-04
-1.520730512473515220e-05
1.649268339394982562e-03
5.108165161689061096e-01
1.108054024957616512e-03
0.000000000000000000e+00
0.000000000000000000e+00
3.363905241792545554e-03
1.105041164813617581e-03
7.279976146360075658e-05
-6.271546156762694027e-06
2.638828097319597115e-04
2.905398792647654661e-04
6.029120705462724271e-04
4.370788757682338572e-05
3.052829525109397872e-04
-8.493220908619332498e-05
4.424535446985918389e-07
1.184075360643725179e-04
4.338969384449909220e-03
-1.692099098749011517e-06
5.170631190773544283e-04
-6.064348972183072331e-04
6.459871437887916917e-06
-3.364546247110282293e-05
3.770311915928248325e-04
-5.886950642695805571e-05
-2.360623374923302105e-06
5.503803656847032206e-05
-2.536659386431772134e-06
9.922544890566950201e-04
1.384399056674941728e-04
7.675336749532283025e-05
-1.134889327370084745e-04
8.425433377208986507e-05
5.798843664946614654e-06
-3.717633054941993256e-04
8.037926112403799843e-05
1.090490917031653850e-04
6.472882173016373912e-04
4.198864030554213389e-05
1.362964744064942869e-05
1.865358202073467454e-03
3.305412029170081258e-04
-3.735659473751429531e-05
5.405622917501832697e-06
0.000000000000000000e+00
2.626003445100740462e-04
2.647763829425331394e-04
0.000000000000000000e+00
7.555995217119655671e-05
-5.614529336529135444e-05
1.025362993368306137e-04
3.383538928489526537e-04
-6.344932006621117350e-05
