7.916915838891380036e-03
1.447659251292581981e-02
1.061873225917031816e+00
1.223125886760785194e-02
4.911005752346042641e-04
1.359833750646707027e-04
1.995119886634144635e-04
-5.086091478273768946e-04
2.589463852732728708e-02
2.419175602936066984e-05
3.289813800956942311e-04
6.860309854447891546e-04
3.454876340368191891e-05
6.954988518874668547e-03
1.360769804818658666e-04
9.508870053760369416e-04
-4.484559170764660925e-04
1.125406727846600717e-03
4.643813308720842048e-05
6.592277305060475481e-05
6.824853634297485712e-04
1.039423031080177723e-04
1.214893554949044303e-04
3.236141882758965639e-04
8.753681716394308974e-05
9.687629983195685521e-05
1.258906679552307341e-04
9.379199838417987770e-04
-8.073502813678542275e-04
1.115856498726845334e-03
2.114806840632107001e-04
-1.515982346673879410e-03
2.969331541850439484e-03
3.465168592936936336e-03
5.136237028507000023e-04
0.000000000000000000e+00
2.812609303920169833e-04
1.794043973567601314e-04
4.446626729696460663e-04
5.950530173820745223e-04
2.230741636187416610e-03
-2.825828955606057673e-03
6.972020428366606072e-04
-2.305778834638857187e-04
2.466946637999548834e-03
-6.866316785495207636e-04
1.553493321936327831e-04
9.141279442751597305e-04
2.920302748542187923e-03
9.221668408036324066e-06
6.821970543820609755e-04
2.123619971918936701e-04
3.871913116926251064e-05
3.383224723195595528e-04
6.634312858058896408e-05
-1.954568949411964688e-03
-4.001212881176607786e-04
1.082069939573049311e-05
1.222890899157325116e-03
-6.805907280609331707e-04
2.579926813260617234e-04
4.046251911493955024e-04
-3.404765111506558029e-04
4.790906125662057089e-04
2.900977277046975101e-03
-5.928306550884165915e-06
1.474134173107762491e-03
-6.727645563727364952e-05
3.163840592096933777e-03
2.528102669123738835e-02
6.679210618893538075e-04
3.985627252116145068e-03
5.419754212093325779e-02
-1.729085244006167807e-04
2.809202147277349153e-05
0.000000000000000000e+00
-3.413175885009630205e-04
1.159576560320951853e-04
-1.476540680509582260e-04
4.035644602860359305e-04
1.920287153029639213e-03
1.064871145034855006e-03
2.947558014846392641e-03
9.016034196257738604e-04
-1.562016995776775166e-05
3.531183521771064093e-04
1.370898357796098208e-10
-2.699803211623441829e-04
1.169579586560868579e-04
1.659955576533978029e-05
9.275743668876179626e-04
2.568695399815930868e-04
2.047255681352222399e-05
-7.627548955180252221e-05
1.811277945748942186e-04
3.851237967692118931e-05
1.191571554526686254e-04
3.989984844670798334e-05
9.824139126926775530e-05
1.218605821206697443e-04
1.178929983519227866e-03
-9.548053688646086068e-06
1.186189475225122691e-04
-1.172875475052855433e-03
-4.563185885180972288e-05
2.256800214899268230e-05
1.790564084377151664e-03
-1.901520285189639559e-03
7.947569447499524555e-05
8.336209222710981191e-04
-7.411292391953001890e-05
6.184027957281123546e-05
9.452174917366319012e-03
3.219619910341068865e-04
1.566820841234006735e-03
0.000000000000000000e+00
1.063383279007975218e-04
7.095796425741059078e-04
6.174131867172268265e-07
1.002585800344846234e-04
1.707391445990394732e-02
1.082648059838264788e-04
-2.936985700054221341e-05
-6.247253197995868157e-05
2.270504712312374895e-03
3.704243548601290231e-04
3.045336520860845732e-06
1.422986077521426560e-03
5.620129837163327126e-03
-1.167608562665141922e-06
5.245439192624878730e-06
1.122992804789187533e-04
5.062807915692986855e-05
3.570220155656519284e-04
2.360206799389234157e-05
5.947837092484438979e-05
9.195564450181770155e-04
9.352912225921790508e-04
4.121587984559453295e-04
2.946841778449667531e-03
4.745318614464810844e-04
1.098895306662694927e-03
3.099451631221124986e-04
1.548241228364277634e-04
-1.727486902327794163e-03
1.614632283399123694e-05
2.212685028519123412e-04
4.629655708440723934e-04
9.618911198742512148e-06
6.330139749717966346e-04
4.501809492544713628e-04
1.248901532712990868e-03
2.436004025713423005e-01
6.045253914462274999e-04
0.000000000000000000e+00
0.000000000000000000e+00
1.668106895227773612e-02
3.564476958118626988e-03
3.343464278445932637e-04
1.532675142076112050e-04
1.980763793855115293e-03
1.251023382463856083e-04
9.865616937444179804e-04
9.842560038392307760e-04
1.816244457249964028e-04
1.040683859918297306e-03
2.845723729367755152e-05
-9.759283648726283520e-05
-9.639365961356800806e-04
2.028963465963595672e-04
-1.631143027613912722e-03
2.294022297972641948e-03
3.205992213497710569e-04
1.561457790744939398e-04
6.466417533544562826e-05
-1.448453822271826086e-03
5.250886553188986581e-05
1.229726420801487618e-03
1.613425465659235167e-04
1.119042244001396558e-03
3.930289683471843362e-03
9.290240854488521780e-05
8.670225663478525204e-05
-1.273686614977620479e-04
1.498403824643501636e-04
1.603771557941631973e-06
-1.466190055808924784e-03
3.962815920435310718e-04
3.439669735376682796e-05
2.435494417772539818e-05
-1.992607017967070241e-04
3.163781697697191420e-04
7.639174734386022575e-04
-6.511043671294143756e-06
3.769268490290874400e-06
0.000000000000000000e+00
2.489047663869133585e-03
3.865397646932796521e-04
0.000000000000000000e+00
1.129217045008864190e-04
1.224251567471042635e-04
3.000170695203567201e-06
6.430750372066936231e-05
6.626669675232103266e-04
