2.616565938646748732e-02
3.912110124284095408e-02
1.070103861046500349e+00
2.240796754519671502e-02
3.482386867003602667e-04
1.686751172835047264e-05
2.836956711586383857e-06
3.670551682041593293e-05
3.509375487056552029e-02
1.601575032254368974e-06
2.800434036683470756e-05
9.922748035461116146e-04
7.740991990745627049e-07
1.204822124796593312e-04
1.016328621424644806e-04
6.352299622505682471e-04
3.518431800668686820e-05
-3.918652639753143345e-05
9.430677230464941938e-05
1.706868667831629247e-03
1.062508163953139028e-03
5.883437968361733940e-04
3.775438796881802508e-04
3.975939490074391065e-05
7.936125872893088631e-05
2.509045667835607606e-05
-2.158993156374133695e-04
-5.261849144320817750e-04
6.041230374825179873e-04
4.243233664146250916e-04
-6.167749290246031005e-06
5.059509907007653674e-04
8.228244320081920180e-03
3.115230237883374539e-03
3.407557434775535963e-04
0.000000000000000000e+00
2.567820094994862354e-05
5.342141546686847388e-04
1.655816305592416882e-04
2.211167530570860244e-03
2.016078576251612107e-03
3.595425966085456283e-04
1.816099511334767769e-04
2.668944387065996901e-04
8.492628733787644258e-04
6.605733087175677239e-05
3.367007749403387330e-06
3.651685882150553560e-04
3.037277114539346009e-03
7.569776982300583693e-06
1.681858480517946664e-03
1.020137850556472131e-04
4.868735431070211364e-06
8.378432537095100059e-04
-2.263302541211394516e-04
-5.992539057636155628e-05
1.008926142337148411e-03
4.245998630978483506e-04
7.235151804864780722e-04
9.715875139855241656e-04
1.519501099925453931e-05
-9.202095799741479834e-05
-3.203388315624611509e-05
9.945947175551638451e-04
2.296883960026807478e-05
1.339509747151357356e-05
1.523923344718395700e-03
2.239619490515505965e-04
2.531957004735326325e-03
1.786936954251287400e-03
1.407764966208535531e-04
1.181380787042959012e-04
6.203494392235534005e-02
6.408246374705051367e-05
3.134681083948395058e-04
0.000000000000000000e+00
8.555705831321258343e-05
2.128233777234026913e-03
3.782831992492852397e-04
1.553652117045782122e-03
-1.449763385777661949e-04
-6.430190167504938321e-05
2.782326791843722107e-04
9.313305859308822253e-04
5.078289383028863338e-04
3.440983511977746762e-04
3.598140592882733210e-09
2.817652070949823949e-04
-4.042687570586048917e-05
-1.481194920153564847e-06
1.364184904824779782e-06
-1.384284175534045147e-04
6.555408159821436889e-06
8.261076036211179030e-04
1.432678332633348871e-04
2.583104677378693088e-04
2.322786027973237303e-03
2.875755886837379704e-04
3.482133168640840653e-04
2.684101057912487674e-03
5.762482990649216499e-03
-4.724449579937081028e-04
-1.055677971291505839e-04
7.828989787035389454e-05
9.841091731085012406e-05
-9.026988489970743670e-05
1.347242664944274027e-04
-1.804946657994281262e-05
1.600875089850399124e-03
5.672227457182765558e-04
3.724530670456749131e-04
1.857381155257708995e-03
9.439936956735350132e-03
-4.499286634744119043e-07
9.811550621000217061e-05
0.000000000000000000e+00
9.293407845544591757e-05
1.016501958987681099e-03
-1.377789746121645673e-04
5.773039662768430840e-04
8.921013268628449119e-04
3.198727292225515546e-04
-2.799324101936469960e-04
6.049038976933577508e-04
3.100612286940510943e-04
4.632374252753201780e-05
3.282137821954596567e-06
6.091276295897192912e-05
2.177018376171724161e-03
-5.094708538570339426e-06
1.333371817928992844e-04
2.142221860115219641e-03
1.496336993856613625e-05
3.235883644200576942e-04
5.710232293890464030e-03
-7.866270843022974855e-04
4.133543433411990048e-04
-6.217594381601188047e-04
1.731031834382568092e-03
1.217505520693751373e-03
3.872704767385585448e-03
-1.181751723893231730e-05
-2.212656302521172696e-06
1.744942472658994603e-05
-1.267166101024397341e-05
4.297284014572374208e-06
9.777248414737371989e-05
1.083773672769720419e-04
3.011596120360356837e-04
-2.083679662564656200e-04
7.627902704967048485e-04
7.699622800321215537e-05
4.534013310282089537e-01
1.776916702462139151e-03
0.000000000000000000e+00
0.000000000000000000e+00
5.176252179428297634e-04
5.905104544841943475e-04
9.066436592649384845e-04
1.865133444486451707e-03
4.502389537924589074e-04
-2.145103964921179915e-05
3.639512833598645969e-04
1.965104304618714437e-04
4.094510919463445611e-05
6.405874598318428209e-04
-7.476650713189592407e-06
7.151863822405513647e-05
5.459171390910751761e-04
-1.662892472646208427e-06
1.322965543667213193e-04
1.041485276589885524e-03
-1.854109573340423452e-06
-1.324781408587050146e-05
9.594948946568907519e-05
2.502962937374064790e-05
-5.469789658407719912e-04
-6.722932649517361918e-05
-4.404269187864295887e-04
6.063894338695030800e-04
8.517340392111272251e-05
-1.615219892497983978e-04
6.151129042577234028e-04
8.683567039961352641e-05
1.400935630166077973e-04
-1.021191548955672546e-04
5.021781286993636005e-04
-2.541237206655925563e-04
-1.109199697996536176e-05
-7.319359942553246010e-05
-6.230936554429966803e-06
-7.663653578355115461e-05
4.322662413462389445e-04
1.229771216581854231e-04
2.965042264970000688e-05
0.000000000000000000e+00
-3.130887725877329415e-06
1.315004128200699285e-04
0.000000000000000000e+00
1.134133533693530184e-03
2.866047986278837502e-04
-1.207845945558376016e-04
-2.236412208015847616e-04
1.491062370754618097e-05
