6.968584263420470222e-03
1.997322921472455270e-02
8.521851195919804001e-01
1.826360738915162527e-02
2.331688098396196953e-04
1.362223910325699558e-04
1.104763189718749317e-05
1.743309833957799480e-04
3.489973559330864991e-03
6.678018176879222873e-06
2.469618214155921976e-04
5.689293606546020222e-04
1.885862708777737704e-05
2.545594448096884666e-03
3.345321488567624350e-04
4.090693283088271963e-05
6.431326992231219293e-04
4.038657455822658720e-05
3.464832436172578679e-03
3.672037428010070106e-05
2.645438236655580071e-03
6.007039128447614620e-05
2.145388626050885258e-04
1.753356258114754026e-05
1.178691271289518893e-04
4.623899389756514280e-03
1.874322939023824019e-04
1.202418466819440111e-03
-7.628544379332469422e-04
2.712483930901132996e-03
2.874498402964816533e-03
-3.707022805410353868e-06
2.267381385946212052e-02
1.679719118596700910e-03
4.159842151316905587e-03
0.000000000000000000e+00
3.175969123401463801e-03
8.496959768566237237e-04
4.584179338893138887e-04
6.636601924667751549e-05
-4.080011170594459300e-05
8.650098248038269610e-05
2.131269622613474104e-03
1.480211360167057143e-03
1.131813754165282050e-03
1.955838083810649487e-05
8.038007021686037510e-07
4.246417139102173083e-03
5.165994928836219018e-04
8.010790894534084583e-06
6.417495328224035464e-04
-2.800110667067941882e-05
1.802708473090201326e-07
1.535150759899798567e-03
7.550023805349933333e-04
1.956456822395832016e-04
1.328297156411769318e-04
3.049181075727676934e-04
1.586500380439274504e-03
3.919010752967559187e-04
8.216621698552195379e-04
1.877331058005197529e-03
4.143677071826168672e-05
1.911771463081339052e-04
8.287965279141588102e-04
-2.439886410621946232e-05
5.370421051726322666e-04
7.188548187665145042e-03
6.583108820158437534e-03
1.856926692539085516e-02
-1.946367294148839246e-03
4.134206366882117213e-03
7.972125188265405393e-02
1.130920175261840299e-04
2.509962290907852191e-03
0.000000000000000000e+00
9.993598667183448917e-04
3.870478474172027168e-04
1.217334621589142608e-03
-2.902840449022041076e-04
6.995671466913214870e-03
2.926653677143435162e-04
1.559277151767313099e-03
1.625051971791931617e-03
1.018032290543683689e-04
-1.147377937904536878e-06
-1.475305990705777537e-08
3.206432013859543124e-04
2.594710724501954596e-03
-1.598641259666540749e-07
7.704642402553604481e-05
4.925703745686238477e-04
1.731498335525808840e-07
1.344171104945261373e-03
6.888317603882383689e-04
1.552975544768150049e-06
1.351105601363755716e-05
-1.432523469133191929e-03
1.144022693601195106e-03
1.430317445466696314e-04
5.977258888170489462e-03
2.321194248948721327e-05
6.811103548350534900e-06
1.197255276922752214e-04
-9.857683562697338464e-06
3.100927433010269960e-04
1.236368100095826760e-04
3.286917742143262086e-03
5.222055858480345727e-05
-4.954087466840192185e-04
-1.753477814794364876e-04
-4.542842315121253913e-04
1.580857101806681583e-02
1.694620612406246571e-03
4.707415376117740527e-04
0.000000000000000000e+00
5.957078042787186103e-04
1.167415929776760618e-04
-3.366367598500730196e-05
3.263284925641614929e-05
3.570540929876971515e-03
1.171967350249114538e-03
2.072602986144674378e-03
1.409153367858036741e-04
1.849487646518488296e-04
2.827090132894542130e-05
4.550601927107618924e-06
2.324270952143307257e-04
1.902968612121454760e-03
1.383312976187175066e-05
-3.484880237217972466e-04
6.331733222672738517e-04
3.641236850896826648e-06
2.981046748922411499e-04
9.489430031244990569e-05
5.711095643820366801e-05
1.831108659813855156e-03
4.804831439897405518e-06
4.894630847067130922e-04
3.591102741721844630e-04
1.176272471333169234e-03
1.405107634176531442e-03
1.257984902284607239e-06
2.450038118923414279e-04
2.689064849625507226e-03
1.123058308392839918e-05
9.387261528814860189e-06
-5.884199351066839992e-04
-1.911400853422081162e-04
1.661754174694496378e-03
-3.036843824207879905e-04
1.012361056023921213e-03
1.379596875504138509e-01
6.327412245466697564e-05
0.000000000000000000e+00
0.000000000000000000e+00
5.503073955072590277e-03
1.736666737984182652e-03
9.811111849263495077e-06
4.309049025972733096e-04
2.664325609159930554e-04
1.024739158956326307e-04
1.865323602493844030e-05
1.039638999530367825e-03
4.001581014616554209e-03
-9.207588457697498448e-04
5.386578982517302089e-06
2.665592259708304606e-04
2.714758648840224445e-04
2.950711371470700689e-06
1.191857649141721716e-05
-1.402866820281752471e-03
2.042775338906288681e-06
4.981233753323562470e-05
2.900908482297293170e-05
-2.287053709659758823e-06
2.665089490276217779e-04
4.569550483424962843e-05
4.578796223454843626e-05
3.529705993080186206e-05
-3.344375683706231729e-04
4.730562502175406081e-05
2.175322476897593570e-06
1.537370830752967320e-04
4.981993911984024801e-05
1.121090605948153289e-05
-6.785513966134359976e-04
1.305274697186738610e-04
-3.403122284123908661e-05
1.429028104722955073e-03
-2.969738412502772478e-04
-4.147069042553205073e-04
2.135405497145400310e-03
2.206407074473185938e-03
2.132337820613283588e-04
0.000000000000000000e+00
1.766518027195814247e-04
1.909723978199558570e-03
0.000000000000000000e+00
5.206113756983136390e-04
1.817253726502506494e-04
2.651966313802563862e-04
-6.496026644264851768e-06
-1.291003656899669628e-03
