1.571820186894607452e-01
6.402848923736116360e-01
1.132903632176285313e-01
0.000000000000000000e+00
7.998395924584497663e-02
1.872450284792386357e-02
3.982935364767718365e-04
1.120525362721274884e-02
-7.905886501713939914e-04
2.454639223241645782e-02
2.554430371356993228e-03
9.575434893642261608e-03
-9.999408204758678811e-05
6.826606943140248879e-03
1.479677502566860772e-02
6.299879122665312352e-04
1.894064841595481229e-03
4.086880015010267535e-03
1.135571831561588184e-03
6.777576051643811189e-03
2.381730940323071883e-03
1.495428121207087371e-03
9.796476077630501128e-03
-2.090522317302194108e-03
2.149436483041466863e-03
3.252198640470949781e-02
-8.896356771771918737e-04
1.015330795608441593e-03
6.502870713334544216e-03
-2.897949076926383482e-04
1.761841370047053214e-03
3.917925547164835196e-03
5.097836680143050803e-01
4.685854069631231050e-03
8.935969057210316766e-04
0.000000000000000000e+00
4.941882486723944007e-03
4.114738336121059534e-03
4.483537716663876793e-03
1.563608339760434729e-02
1.347209076733445893e-02
7.872786342201771800e-03
2.364369392426220705e-03
3.837774069613379257e-03
