5.872546759782028974e-02
7.357229745583293568e-01
2.633843671315085344e-01
0.000000000000000000e+00
1.398288218883643984e-03
-7.064053536662025625e-04
-7.222021536838300712e-06
5.809684928007952456e-03
-2.827099287102992874e-03
6.500769811238216352e-03
-1.691114800502696233e-02
2.166239421659351457e-03
-3.570048864062946858e-02
4.227311300175440149e-03
6.133351359092253756e-03
1.679975405482814264e-04
-4.336507417532360978e-03
6.945837178459794096e-04
-3.360602318044025871e-03
-3.285883934074015043e-03
2.426344509028529292e-06
-1.634000815627663751e-03
-9.605040415439154884e-04
-1.820636432205890911e-03
-8.288583837823936939e-04
2.628696071815274371e-02
-4.409413692205117925e-03
-3.582233195065039413e-03
1.560104098273917741e-03
-1.978041125544420173e-03
3.368920890581309727e-04
-1.403467445875672360e-03
4.238877017944275849e-01
1.575952809101766093e-03
4.870285106938143475e-03
0.000000000000000000e+00
1.377066630014959527e-02
2.315325717155129141e-03
3.797444602234167996e-03
3.906327102213391633e-03
-9.983427585748461466e-03
-1.090776634236238296e-03
7.441806186239870993e-04
-9.450512641074675438e-03
