1.689353516699349314e-02
1.670887232750971341e-02
1.150630557143752730e+00
1.684189905961777992e-02
-1.660427196205146061e-04
2.786988297945806165e-04
2.469048373737292687e-04
-2.796996784252640461e-05
2.996158437981111949e-02
5.500964884156782014e-06
1.175456187421837912e-05
1.948051179266226552e-03
4.834141795304613829e-05
3.775321565749445549e-04
4.070271733045342072e-04
-7.325543854830307905e-06
1.093954055296405200e-05
4.473737490915396939e-05
-2.191612047222143034e-04
6.875715783333384611e-04
4.413434669982230218e-03
1.408057877023398017e-04
3.811927110852986406e-04
1.733692802641092156e-04
1.807381358339170071e-04
7.563787643764345581e-05
1.423462511146000972e-04
-5.602029635406088193e-05
4.880324107875274263e-04
4.011518139912443443e-04
4.545752334121022859e-04
1.150455837385896046e-04
6.171355084360419588e-03
1.349575862105097590e-03
1.120053556250555360e-04
0.000000000000000000e+00
2.249217698235754070e-04
5.836993919481781468e-04
4.921346651398354364e-04
1.425905951990709885e-03
3.897827078259252895e-04
-5.001798208796204726e-04
-9.040202975321895136e-05
-3.639051114159519646e-04
8.049884758357439335e-04
9.675932474120982048e-05
4.731165599637820909e-04
-7.426282632815676683e-05
5.116521226936295887e-03
8.022475173715312014e-06
1.464122656078440700e-03
8.789806928015675696e-05
2.921309762731934820e-05
1.433079509851609146e-04
7.403042725570241562e-04
-7.371400921286260237e-05
-1.661136861066910334e-04
2.097400376520249451e-05
5.098182136302531258e-04
2.389321783359266149e-04
1.154657166563488547e-04
1.564133496947099243e-04
6.068567699742584939e-06
1.033572177794021303e-04
1.750746246961106477e-04
1.384135337591333795e-05
1.978004501351771083e-04
1.349006369243029509e-05
4.015002001201069780e-03
4.392151590713044840e-04
3.775798212435491964e-04
1.317614994013431088e-05
4.515879669886705555e-02
8.761983516832512486e-05
-4.251495105693781356e-05
0.000000000000000000e+00
2.240691678408568530e-04
1.148610297533710555e-03
7.908101529579066209e-04
3.073598420926323179e-03
6.303506721855682007e-05
9.734018116125842546e-04
3.664781515544390630e-06
1.393394562887584256e-03
7.056410497805476467e-04
-1.007579104397378746e-03
4.056678718870424677e-09
-4.420478863668512315e-05
1.760521683543976980e-04
9.798312767742936940e-06
1.050048269646275316e-06
-4.156546063670181625e-05
6.922015883839005026e-05
-5.029734719748842753e-05
-2.105519488699858567e-05
3.147681567071310284e-05
-4.672802173425841954e-05
6.172284399380705043e-04
1.335180988419581907e-03
1.753262718556181142e-03
8.081286234453026462e-03
4.355329317628313097e-05
-3.060728049565734763e-05
7.175885198968205150e-05
7.818018377347894614e-04
4.705070155056981929e-06
2.743216724040505755e-04
1.060507618880213165e-03
1.316785881624760071e-04
-4.259147330941163382e-04
-1.002548520444864448e-04
2.531196707402649793e-04
4.304633727712962356e-03
9.284273043374350882e-05
3.538563065670944589e-04
0.000000000000000000e+00
1.308404269646660568e-04
5.200522829072795400e-04
2.545320829355398327e-05
2.745717757883570087e-03
1.724551957384005464e-04
2.623087324936731351e-04
-6.722461051245816614e-05
-2.467295873521413614e-03
7.447201153358248057e-04
3.394280806658859346e-04
1.771349037767322335e-04
-3.201511834673986947e-05
1.034134208193391267e-02
2.845500703620255437e-05
-1.397113816627770842e-04
1.991419558653680522e-03
1.947285015761283583e-05
-1.960467500981444180e-04
1.609637337903979616e-04
-1.231876895007684956e-03
-3.364800614352070232e-04
-6.043162935280325335e-04
1.816240242155683091e-03
5.221892130148275517e-03
1.222433873002909746e-02
9.210086130255757113e-05
4.242425526679305053e-06
2.273755742658867195e-05
3.301541336527454283e-06
4.713658655960036375e-06
3.547872259483127568e-04
1.443855225856290544e-05
-2.785176185468696383e-04
4.377066841772118467e-04
-1.543550740402984236e-04
1.086902892238132169e-03
5.686076880873331962e-01
1.867579956044066846e-04
0.000000000000000000e+00
0.000000000000000000e+00
3.809831617494219454e-03
6.250813330133331508e-04
1.471803616597415097e-03
-1.801031893319186394e-04
2.794637069874150942e-04
-4.567143580320583650e-04
-5.531287168993130463e-05
-2.690704957714432912e-05
-5.246396194415507089e-04
3.843519734970205892e-03
1.236202792434859586e-04
1.719662687310977991e-05
4.524924111524652841e-03
1.127965171000925652e-05
-4.350709924153169512e-05
1.547871766541675329e-03
4.746005189598519690e-04
2.138406327553650846e-04
4.531487683817096105e-04
9.563340591804969919e-05
8.963404125987839692e-05
-2.181341831129020748e-04
-2.724604502991301216e-03
2.332040780756254041e-05
1.594034370438368489e-04
9.130547969009583924e-05
2.828833106496138837e-04
1.079248909654747244e-03
3.070564426849387235e-04
3.453526781845480531e-05
-1.975388448312242974e-04
-6.010857581521348447e-05
-5.889427396897461541e-04
-1.771452414437435507e-04
-1.227157946032490234e-04
6.988591351619888314e-06
1.051365203439410135e-03
6.523784437372596719e-05
-7.088336977852568469e-06
0.000000000000000000e+00
5.737353154325515876e-05
6.024070422218086307e-04
0.000000000000000000e+00
-1.098151711694139748e-04
-3.435625858854374432e-04
2.380875190634383146e-05
4.216422764627599380e-05
4.054903511429379099e-05
