1.046783801766549143e-01
4.177400549646272387e-01
8.344955637826854955e-02
0.000000000000000000e+00
2.570752956909534356e-02
9.424119977659174002e-03
1.080070247949649300e-06
9.784366629593262144e-03
9.301133329418221490e-03
2.009087956122645319e-02
1.961508715935692936e-03
1.639894579609328228e-03
6.663905093702034328e-03
3.806969386103194446e-03
2.656786974387211498e-03
-2.246604756934100604e-03
2.344201303312358053e-03
9.063221679932136413e-03
3.909917646413737374e-03
2.214336372160670679e-03
3.908977970123846818e-03
-1.831649071497095218e-03
4.105855897562851742e-02
1.100058012327487234e-03
-2.387953789413292227e-04
5.210067194066263230e-02
2.388920380223713731e-03
3.063713975413695587e-03
1.461494061852105066e-04
-3.474546067643961410e-03
5.622490403094519739e-04
2.512979816215632663e-03
3.438647848004682261e-01
1.938094241678559992e-03
4.479677708651630050e-03
0.000000000000000000e+00
4.629067315375119847e-03
5.202881301581522254e-03
1.916682376291715516e-03
8.806572563465907971e-03
1.005520027617031473e-03
6.633384272699918997e-05
6.432853309483066873e-04
-2.959572904602617797e-03
