3.272185011444943075e-05
5.211690414828614815e-05
5.297930848815170587e-05
6.210005203275239302e-05
1.198106306783198235e-04
5.359058374763146276e+03
1.016180644668308690e-05
3.342708332559666363e-05
7.207288358525605208e-05
8.106664343583942572e-05
8.913665834151786522e-05
1.728082321101224125e+03
1.483504324413644092e-05
3.937775441856066866e-05
3.991511966467859731e-05
5.125382962772164966e-05
6.426970253290460332e-05
1.318729672498560831e+03
1.360663767799905468e-05
3.448118354094054739e-05
3.739398553655401696e-05
4.588796723871905987e-05
5.645994940169411850e-05
9.247090237384611555e+02
1.450543166259158045e-05
1.504505913359706595e-05
3.336138653507499926e-05
5.713210428433775821e-05
5.804923833141932370e-05
2.226347618760650676e+03
6.264770604353773708e-06
1.291683715770124391e-05
1.453387210012108156e-05
2.160066595639397312e-05
2.616697489108598318e-05
4.782650124045016469e+02
7.226328648909810274e-06
1.048062527604265814e-05
1.655240349507125473e-05
2.069690057618926143e-05
2.224872324239760609e-05
7.076680698384599282e+02
2.877928579424678202e-06
3.884051770684778668e-06
5.323365187843597977e-06
8.674251281943698772e-06
1.469324636135077342e-05
6.250303964291153989e+02
4.905060601700556777e-06
6.603192239311070367e-06
7.682388372126278302e-06
9.581209117549174437e-06
1.351067265193508211e-05
5.437028663903544157e+02
2.196672947346332594e-06
8.480718947793100857e-06
1.224984687634893037e-05
1.816349231831614161e-05
4.425433768540510386e-05
2.066139405123966753e+03
7.732143444832228178e-06
8.308726479540818447e-06
1.204207217560379541e-05
1.833707178812756390e-05
2.370343376411021847e-05
8.027278990509238383e+02
6.248094601562234795e-06
6.405532220427712150e-06
8.830591977430481422e-06
9.033378818677708323e-06
9.930977241975224822e-06
5.632321959608432280e+02
6.701349176843943168e-06
7.510108807017490139e-06
1.409373525694192291e-05
2.704400869526950773e-05
4.780014788648159437e-05
1.702090575377350206e+03
7.744324731138975601e-07
1.488253518688402263e-06
2.094852252689897812e-06
6.750576958350940002e-06
2.000425288748963919e-05
9.361926747208732422e+02
5.046734730403478943e-06
1.071419476764807086e-05
1.176180154090208825e-05
1.188560138956297286e-05
1.251890145171462135e-05
7.792535247671671641e+02
1.848704687460578545e-06
3.058052064988084010e-06
3.816660286980999212e-06
4.002896922398418770e-06
5.050667697914938532e-06
2.921276376830694517e+02
3.150331905887638273e-07
1.758320662177560503e-06
4.674427729728769132e-06
5.975000991717637934e-06
6.095685421753928235e-06
2.793680169158667468e+02
1.101468982983608762e-05
1.295040774583001961e-05
2.997468852835937598e-05
3.858006739155795767e-05
4.879578585853034571e-05
7.317019407024343991e+02
3.867858102680527986e-06
5.648838380696571008e-06
5.782362291963551233e-06
1.484310997191060964e-05
1.572685431562661519e-05
6.666297656539632044e+02
7.424939326829928371e-07
2.147046621843276327e-06
6.100213166536351597e-06
1.216155841159049607e-05
3.931965888880565853e-05
9.980062323048385906e+02
5.904220489556614617e-07
6.769211154433320815e-06
1.195003695669351643e-05
1.708673880725362123e-05
3.009476313501484006e-05
9.484014422972338707e+02
5.507431270592720753e-06
7.174997947392643165e-06
1.026057142826515411e-05
1.419165615751581691e-05
1.557636114643756191e-05
9.114881236034757421e+02
3.415093911913242617e-07
4.838687775934320706e-06
7.823135528846271282e-06
1.752919112575630864e-05
2.466000221403465465e-05
9.071863062558470574e+02
3.873062776972413191e-06
4.196360849144866278e-06
7.013846043598238964e-06
1.271354132289304556e-05
2.572013036849417223e-05
7.853738952943211871e+02
6.676240317878791763e-05
8.760057364911681677e-05
1.945588796443465697e-04
2.056040798236751681e-04
3.022818497599383063e-04
4.228316599485924419e-04
1.167668857064012627e+03
5.147281152073445810e+03
1.503651411597250080e+04
5.191424410885539444e-05
8.089770003980925053e-05
8.584682866531889050e-05
1.182499219133670976e-04
1.379861705681283504e-04
2.542393993708446254e-04
5.112064697810605480e+02
4.416247117354135298e+03
6.078843012370465658e+03
2.226193072028564735e-05
2.288627808403054175e-05
3.873061846703983256e-05
4.154658062608001016e-05
4.331842253294835519e-05
4.616382223424217776e-05
9.841158026697810328e+02
3.443468257594177430e+03
3.747469117562660358e+03
2.212716884270255193e-05
2.435559721229784035e-05
2.912074343354899088e-05
3.239029895127612155e-05
4.587569179556992295e-05
5.413229098502362279e-05
1.007379066596563121e+03
1.114979256064159017e+03
3.618215202994566425e+03
9.104571793335545853e-06
1.537518421186346304e-05
1.983015433890768014e-05
3.155367215968245389e-05
5.086570689721714856e-05
6.233492950620779180e-05
1.171767208975447602e+03
1.589948019010983444e+03
1.635126074036778846e+03
2.663078949471971555e+03
3.417942657444184988e+03
3.481578174011668125e+03
1.536304827301778706e-05
2.599919093208697394e-05
2.621452848853384962e-05
2.655323344839320322e-05
3.257747960764595288e-05
3.714521523959923307e-05
7.052801757800060614e+02
1.242114082757162805e+03
1.428523521882853402e+03
1.534757360773252458e+03
3.372897480047232420e+03
3.444078676746098608e+03
2.101043821677432382e-05
2.200408958585569277e-05
2.933714248847998630e-05
3.859375275209059466e-05
3.987685180952715874e-05
4.613984133763016570e-05
5.040142176956531443e+02
1.114641761189556973e+03
1.305145636540205032e+03
1.508009613399110322e+03
3.386897416593165417e+03
3.441442583412596377e+03
1.915399657247353861e-05
2.244583884808069830e-05
3.612386174687970533e-05
3.654441713844357973e-05
4.105132208382698627e-05
4.697924623328634310e-05
9.384128368802328168e+02
9.519025367775913082e+02
1.064904008281617962e+03
1.467323029710546507e+03
3.379129329416023666e+03
3.425635401469134194e+03
4.541222387023786369e-05
4.781475782913097102e-05
5.376371420369036985e-05
7.199853538412778915e-05
1.251701690970773195e-04
5.353460897052684231e+03
1.068465207836939570e-05
1.503657053678806422e-05
2.392128750446898645e-05
6.021757509218455656e-05
9.499554244005464657e-05
4.132124276957429174e+02
6.082992642433119523e-06
1.806675770567714499e-05
2.261717290930438800e-05
2.723553033700824565e-05
4.170820150580537646e-05
9.375670142085454017e+02
3.609912958035426458e-06
1.263167814599356492e-05
1.277628192222674504e-05
1.827504006897837517e-05
2.634020769203081525e-05
7.699439309306543464e+02
6.272181571808958836e-06
6.406887293271733232e-06
7.814854391010265790e-06
8.408029610320785199e-06
1.277522242988407882e-05
5.480748570599988625e+02
1.351785888052961552e-05
1.724964770324186763e-05
2.476357453044031239e-05
2.551102986823614995e-05
5.110050755095447338e-05
1.963756768479852553e+03
5.705876503859321566e-06
1.047368764645262017e-05
1.431127344214815506e-05
1.710688522922113166e-05
2.363523223041139428e-05
1.362767040077553247e+03
2.471642061008498474e-06
3.391948290947109175e-06
4.433303259184474925e-06
1.263312262022658185e-05
2.417660214435611896e-05
2.341237188461354890e+02
4.286167282352625155e-06
7.000744020864540024e-06
1.076931339497237058e-05
1.241376727847585521e-05
1.335045393972279715e-05
2.746844390155974907e+02
2.412272979055643812e-06
3.439119696565741044e-06
4.554482102021437403e-06
8.040692604406265596e-06
1.166647687323103955e-05
6.103921921323939159e+02
1.563167880358474164e-06
2.844853311619233819e-06
6.487517900854554877e-06
7.975019992763853865e-06
1.293371008073970421e-05
8.504706015259355922e+01
1.888972016222446483e-06
4.306086896517558364e-06
4.637029004623970631e-06
5.106510863941466385e-06
8.426192308306320515e-06
2.252238063235665777e+02
6.989974713074466326e-07
3.971964624235767218e-06
4.374602667285546715e-06
5.296287811338074937e-06
9.052403575818413273e-06
2.839896294192295727e+02
9.563388876499698703e-07
1.034384146125311199e-06
1.325976086379064987e-06
1.582074003838177953e-06
1.969843344555813143e-06
2.890711411296347819e+02
1.435681740300908871e-05
1.440733180656857052e-05
1.600131962833668464e-05
2.313793654519603890e-05
7.226703082270857998e-05
3.628971330230598141e+03
4.577443365581126511e-06
6.961802166325196713e-06
9.209880079326475253e-06
1.034589154627844340e-05
2.269859022908969216e-05
5.553487151341882964e+02
7.124064064842118660e-06
1.001198276952728869e-05
1.885941245229618717e-05
2.120161558345497432e-05
2.411473836950764915e-05
3.247585208468269116e+02
7.051372013710932501e-06
7.457614853942305475e-06
1.522223572118978960e-05
1.952652486724992538e-05
2.368526667196527616e-05
5.289165784975638189e+02
8.613155033051450273e-06
8.755856841833518461e-06
9.413611674049323321e-06
1.195003695088996516e-05
1.888250118434217601e-05
6.589457516727426309e+02
6.616645567938207692e-06
6.841482277349260943e-06
7.798700418356530574e-06
1.163594258733607584e-05
1.285386882880200285e-05
5.980420788015590006e+02
3.739851713598389431e-06
1.008142509930260532e-05
1.215305837499444774e-05
5.528882873175935411e-05
7.209506021120988550e-05
5.465183000932674986e+02
4.838117799393105639e-06
8.449952148384650414e-06
1.407034731597431446e-05
2.416942330856959879e-05
4.502360009036896973e-05
9.938648934588501334e+02
5.437232143818841608e-06
5.847230266424055181e-06
9.033378801924413066e-06
2.201113465456210777e-05
3.548548940400034077e-05
9.920671556220401044e+02
3.604838000941543589e-06
3.784653543200065039e-06
4.978774203095528587e-06
5.507714530526828862e-06
8.478431385591093293e-06
7.695402177933392522e+02
1.125846427527734821e-04
1.266774878627776625e-04
1.610011987649405136e-04
2.212308588954810446e-04
2.469111838955042877e-04
2.500917724947343871e-04
3.985232063877343990e+03
4.367959051647523665e+03
1.500097966426131643e+04
1.404012827246587544e-05
3.862342205493626021e-05
8.088242109128944424e-05
1.302544721839280287e-04
1.954235010179466016e-04
2.926677310628788891e-04
9.444278504778920933e+02
4.396615336793227470e+03
5.705668783123449430e+03
7.675077806910323848e-06
1.961140139250063368e-05
2.851782399250171428e-05
4.222103876294131712e-05
5.678630437216024908e-05
9.318171433876460080e-05
9.679463958330592277e+02
3.394704801346486420e+03
3.720773342573216723e+03
1.651689563294130478e-05
1.939296746951596178e-05
4.821526843659691014e-05
5.470957022678701371e-05
7.260662909976630156e-05
7.885719365321914611e-05
5.515949368108128965e+02
1.277449066287460937e+03
3.951923856173616514e+03
2.914252213719596384e-05
3.157627314177818129e-05
3.270481247100372088e-05
3.343557400323237706e-05
4.659244216624851135e-05
4.912689625116845851e-05
9.630095139252516674e+02
1.082277177580970374e+03
3.619897658056598175e+03
1.333838594129119192e-05
2.718932175354596642e-05
2.762529528656486728e-05
3.149039349059217256e-05
3.752308979196074528e-05
4.011833664130640858e-05
1.168885354195350146e+03
1.462671641491111131e+03
1.543359856156038632e+03
1.646539069131918950e+03
3.396901241814441164e+03
3.447235528342329872e+03
7.846523903993590145e-06
1.839835415131527426e-05
2.559827951431792217e-05
3.006937131690750535e-05
3.191483867894993019e-05
4.073293302457582871e-05
9.660982673059852459e+02
9.743236797568064276e+02
1.046558256687535277e+03
1.431321003970044785e+03
3.393962561977432870e+03
3.444300811636044273e+03
1.784233858013672554e-05
1.887253057591957941e-05
2.221160127993372185e-05
2.428047788509492445e-05
4.125919149323083087e-05
4.168448708166033382e-05
9.272284544833522659e+02
9.625025671370511873e+02
9.643449628611216440e+02
1.423206817575599416e+03
3.394386595086101806e+03
3.444558618608540201e+03
5.196785793620497433e-05
1.458856652940921457e-04
1.839094263470076424e-04
2.051304029400669829e-04
3.458768223864750065e-04
9.086276229461958792e+03
2.411599057205145990e-05
3.169451292170766228e-05
4.443258480555854311e-05
5.040785677423368613e-05
1.012769403806991567e-04
3.681285612513913748e+03
8.405458565138235536e-06
1.372677043084659684e-05
1.882278974645367538e-05
3.396183878269053695e-05
6.622593544740874015e-05
3.191916050514887502e+02
1.218567791788427646e-05
4.125241461423358186e-05
5.175780151493896607e-05
5.924714596035520885e-05
8.850867537081020771e-05
4.065201142199579408e+03
3.000954768698646131e-05
3.068320882756691697e-05
3.135389195076859813e-05
4.532855104181739077e-05
7.226703082270857998e-05
3.065278598239942767e+03
7.631882244311240674e-06
1.566517968349206055e-05
1.733791983570425507e-05
2.318824529541329687e-05
2.697476466775960931e-05
6.075187311579869629e+02
3.378510740646035761e-06
1.269467145475222262e-05
1.689369188234965660e-05
1.777064177512615643e-05
1.788813736153367246e-05
6.398231149987454955e+02
8.934045063931371193e-06
1.009956418036033874e-05
1.057472855254821664e-05
1.222360970062758385e-05
1.295911434434023756e-05
5.690014360131373223e+02
5.844292655972379668e-06
6.097370686587162416e-06
6.769627276282536100e-06
1.436288184690462585e-05
1.526035751568462516e-05
5.619199965640842720e+02
3.941629623206362717e-06
5.085705483596080752e-06
5.957826902539668744e-06
1.333119037757677234e-05
3.613351541135428999e-05
1.474765419545167560e+03
2.953422909423620609e-06
6.068809576797031146e-06
1.053345447730920256e-05
2.295423112956306358e-05
2.405778990428087706e-05
2.377864086484008510e+02
2.136832157904571571e-06
9.466757538201554518e-06
1.164128838449723379e-05
1.539785629614600843e-05
1.620288494818623496e-05
5.555604949363341802e+02
2.581141128004764407e-06
5.232697103054692147e-06
7.832978433618550276e-06
9.033378815673460336e-06
1.181240656882768150e-05
5.274702067935195373e+02
1.642411148603921547e-05
1.901681235721880853e-05
8.011630454525636691e-05
8.424816569230137483e-05
1.092948071107713656e-04
3.322048304896360150e+03
9.060411293497064230e-06
1.634802662323430088e-05
1.848836843831409163e-05
2.293216546645967323e-05
3.935071052645259626e-05
2.393983640007222675e+03
3.526668288835545695e-06
5.254543955937182386e-06
6.727463385641651195e-06
7.568572302008790880e-06
1.099651190631853719e-05
2.489062938372550491e+02
3.782443128311441043e-06
4.068098215383248576e-06
5.499356091448643163e-06
7.863697158309774189e-06
1.044024135409051001e-05
2.887833324539927844e+02
2.750277837826743672e-06
6.842729941454599003e-06
1.270343444195669332e-05
1.290444711454119738e-05
8.079699672582446525e-05
2.618914412417299900e+03
1.425845407023808443e-06
8.710851573099318305e-06
1.072740788954360215e-05
1.416193732690655392e-05
2.619524288067767639e-05
5.718324860953957796e+02
1.304559191900623257e-05
1.752792945626849129e-05
1.773684665993102146e-05
1.841198928215309437e-05
2.873398192813898897e-05
4.867618906721259009e+02
3.810371705323779757e-06
5.160213611741427088e-06
9.316017879678022338e-06
9.761814775906162825e-06
1.135166461018226226e-05
5.885871598631991901e+02
1.767974156025883155e-05
2.554447798757436780e-05
3.962263533046902158e-05
5.319163712152545203e-05
1.142642085686755164e-04
3.450976346754869610e+03
1.932287147184256533e-06
1.286956082546985180e-05
8.761984637342014998e-05
8.850867537081020771e-05
8.985483370533741603e-05
2.487750202199001251e+03
6.559302241458785240e-06
1.215047218022280890e-05
1.542881826368010251e-05
2.444134625523995327e-05
5.542684244503328993e-05
5.612920079843423764e+02
2.481942223188369400e-06
4.773245739324366501e-06
6.241751210352790009e-06
1.555443252727352265e-05
2.447025590663215940e-05
7.806746820148338202e+02
1.083321297461597852e-04
1.160438785013226046e-04
1.398731903077525963e-04
3.163313246199980278e-04
3.286583028149215311e-04
5.319577529800294594e-04
4.148313579943622244e+03
4.252401478670325560e+03
1.477357075510303912e+04
4.425433768540510386e-05
6.893342894481052380e-05
8.118180788194362873e-05
9.712912568984656298e-05
2.286850720684141264e-04
2.305430633756888029e-04
1.892672194767218343e+03
5.336062019270875680e+03
1.002667337420307922e+04
1.610407324042598560e-05
1.879499008085405660e-05
1.889640098229834660e-05
1.925525005000756990e-05
2.775942725034382093e-05
3.509876010095844045e-05
1.269775575916612297e+03
1.429881750855105565e+03
3.601935742486567051e+03
9.143197837068652514e-06
1.832220428456981216e-05
2.868987127176561024e-05
4.309725453120221068e-05
4.407551786715959688e-05
4.906400805923213145e-05
6.586140747155823192e+02
1.244332188146220460e+03
3.728854847957008133e+03
2.101909904477461898e-04
2.113940221017792580e-04
2.469422571431459097e-04
2.796753137711681272e-04
3.370043974890086819e-04
3.624442146543957271e-04
2.859647769835524741e+03
2.931745092622991251e+03
3.462885850858220238e+03
4.023398051521159232e+03
4.753398428080339727e+03
1.087202199667646710e+04
2.079441814601748348e-05
2.696935055810898189e-05
2.716576045632926683e-05
4.171309957701954793e-05
5.071280684981937034e-05
6.329388598992779125e-05
1.139440787402883188e+03
1.575284485944634525e+03
1.624949918892461938e+03
2.576661691494543447e+03
3.407365465869676427e+03
3.472920840854168546e+03
9.650460733014766263e-06
1.581291841544678895e-05
1.888880865676419689e-05
2.354852311854504552e-05
3.035709551346757530e-05
3.646339708319680837e-05
9.832986406192893583e+02
9.870741785226058482e+02
1.047875169556238234e+03
1.437300270204834760e+03
3.397033888638426561e+03
3.444483912858383974e+03
1.476712881328558716e-05
2.397618249273135419e-05
4.078885314202322366e-05
6.055037567965983365e-05
7.836667533725763469e-05
4.255352836221115467e+03
4.949696018108279583e-06
9.226640544927858950e-06
1.093121713025641099e-05
1.341971398130431377e-05
1.885548605212724547e-05
7.478783820827326281e+02
2.805598701208970786e-06
5.611997766387404450e-06
5.808284446449031279e-06
7.920783031688377325e-06
9.033378849220569519e-06
5.984037651567101648e+02
3.948519417227425804e-06
5.218353143316019361e-06
9.034949098941919807e-06
1.043558148344362286e-05
1.338282304422223620e-05
5.520650682114916208e+02
1.258825486879047953e-05
1.471359861693009649e-05
1.812102142893315675e-05
2.789913653129168924e-05
1.022010151019089468e-04
3.163751500940156347e+03
2.320558115909382262e-06
9.899760408441738712e-06
1.464433146116531395e-05
2.611532538348714213e-05
6.258508454853865973e-05
2.575999318827853131e+03
6.789480163304390714e-06
7.466727852142919699e-06
7.504893847220083879e-06
1.199250195872879018e-05
2.856605214216887911e-05
1.107451263042624305e+03
4.846484997208225043e-06
9.355042478981779306e-06
1.027304324627428293e-05
2.682755820058719585e-05
2.803201545971674037e-05
7.411932470705422702e+02
3.650134192755423735e-06
9.160686688576195232e-06
1.172899922000965192e-05
2.858231780752764459e-05
3.733177338740063545e-05
1.452628464740294589e+02
3.716241011333751625e-06
7.817162093758095245e-06
1.337987927363136575e-05
1.482153833698306182e-05
1.837755603956539143e-05
4.581275882006624443e+02
4.301470904345448451e-07
1.821764074876117925e-06
3.267865457238023071e-06
9.491470146182586008e-06
1.375772928336840770e-05
5.432580687851154835e+02
2.940727624850959692e-05
3.424276121866518419e-05
5.533554986064720589e-05
6.373097675800668558e-05
1.067492253247598447e-04
2.956619421864036667e+03
1.157055648224989899e-06
2.024041215091196780e-06
2.736586668234120442e-06
3.121344160061263536e-06
1.564627113713466493e-05
5.351233178572570068e+02
4.336999360838449485e-06
4.478422288562466019e-06
4.790672565755693192e-06
5.752591948294127746e-06
6.863276412306087623e-06
2.875155208418757979e+02
7.042712335267652979e-06
1.040957383552414006e-05
1.634534234239633062e-05
1.855805871440896634e-05
2.025002993011660682e-05
1.478142449793249114e+02
3.448929901324334493e-06
1.435511218687957675e-05
1.710767487135219939e-05
1.733153344318311018e-05
2.364237113981958275e-05
6.446120559554882448e+02
3.348478650637723540e-06
1.009962456296757483e-05
1.511474979089950990e-05
2.499614144211090842e-05
2.868095160070000254e-05
6.299249181079827622e+02
7.567200013574640802e-06
1.016045234213547157e-05
1.083430205453885336e-05
1.355006824879171502e-05
1.653343765091853265e-05
6.408782205539076813e+02
3.922664325653326485e-06
7.854768647566776890e-06
6.380331065431468990e-05
6.759961742450190723e-05
8.574999203014487469e-05
2.024159275356485296e+03
8.342342474191585158e-07
1.704629651111262055e-06
9.976790442840110761e-06
2.863162601834680875e-04
2.960765190144032757e-04
5.467061873906864093e+02
6.369855226651985603e-06
8.823708913523958003e-06
1.004633444373443555e-05
1.350373402916183377e-05
2.511955585602766407e-05
9.790927349647178062e+02
1.901501393935577322e-06
3.607905934025469367e-06
9.298187095683191006e-06
1.353581003544585966e-05
1.874065818562996744e-05
8.862748746333834333e+02
4.614386736390542732e-06
5.298874857792186668e-06
6.387563426364573718e-06
7.399177647116379938e-06
2.564829758116852752e-05
8.405661800608540943e+02
1.103893385853730359e-05
1.189345588572558385e-04
1.523429646481679577e-04
1.849206296264179904e-04
2.015637547220871888e-04
2.184380843901635835e-04
3.742454957453679526e+03
4.004720682973913881e+03
1.490848144155008049e+04
3.582150830610927938e-06
7.177466158152502936e-06
8.953767791003427399e-06
1.631624243983049384e-05
2.680585771086830405e-05
5.166573234838430889e-05
1.374801231015794883e+03
1.606127855952905975e+03
3.673239420173237704e+03
1.490337053356790515e-05
2.479805492203673197e-05
3.572066720242638821e-05
4.284774468919549982e-05
4.396289869000827869e-05
7.532178232588548948e-05
1.092321150734524053e+03
1.308707069997415374e+03
3.810664837454950884e+03
1.840654130804343183e-06
1.669134335946849903e-05
1.688316636303722164e-05
1.941280826985208646e-05
3.505578705255503518e-05
3.598821115974055324e-05
1.944200450018908271e+02
1.236405580055232576e+03
3.600941253364232125e+03
1.161699020012379041e-05
1.166105933485710514e-05
3.249767080390205347e-05
3.498755288019383204e-05
3.542320254933056876e-05
5.672380995097140328e-05
9.535526922498146405e+02
1.040229850180969152e+03
3.614151066550079577e+03
1.962114056430488298e-05
2.558449186253923126e-05
8.885109860908742816e-05
1.207349196756065844e-04
1.228522692317337585e-04
1.621384565757760321e-04
7.504599081783862857e+02
8.550506273023219137e+02
1.400187393065134756e+03
3.441451527431054728e+03
3.514304287963440856e+03
5.926674139181272949e+03
1.563311748262374826e-05
2.170391364739639522e-05
2.872164102596051806e-05
3.009657225137206960e-05
3.568769574515364735e-05
3.774576564607506283e-05
1.145983381806362331e+03
1.595421930125423842e+03
1.642226133456588286e+03
2.616934094779127918e+03
3.413032111264469222e+03
3.460737676471550003e+03
1.312390079276647519e-05
2.268537728078471192e-05
2.359234779941530249e-05
2.590408014739511034e-05
2.660032860735306556e-05
2.763705009586106656e-05
7.206924261936941321e+02
1.130905251579365768e+03
1.288601992556343475e+03
1.459299735797943185e+03
3.390635600072061607e+03
3.429958260615973813e+03
1.294534461451113421e-05
1.974634981762685851e-05
2.208400105015298010e-05
2.296766350771914050e-05
2.835468902636146239e-05
5.114724639838921717e-05
9.669558339351957557e+02
1.027489891813460872e+03
1.143359269329558401e+03
1.444729479266406770e+03
3.391513043933095560e+03
3.439948912917131565e+03
2.528554114688066223e-05
2.544747213454515275e-05
6.136237377826715342e-05
6.882346053106879369e-05
1.770173507416204154e-04
5.385145846392189014e+03
5.631308944470746210e-06
1.515462377175391742e-05
1.888817864530016496e-05
4.398241015781674090e-05
6.301825716025310597e-05
2.851249861966923049e+02
1.661070095681050436e-05
1.850658391251547213e-05
2.164425507592908948e-05
2.213770855720360411e-05
2.737669747731474816e-05
6.537395544498026538e+02
6.068249577028988154e-07
1.162424313746567046e-05
1.753683060589347864e-05
1.832664393222249916e-05
2.452707801072617896e-05
7.694822637564222987e+02
3.503330455423482196e-06
6.174277579793592363e-06
6.842912531134290282e-06
7.823746857006867091e-06
1.021721774786680639e-05
5.357258234648523967e+02
1.397906794111003485e-05
2.534412799767985148e-05
2.607768702537618263e-05
3.119760110284452835e-05
1.084005462340628429e-04
3.298354169598962017e+03
1.593211394622802453e-06
6.467674941792233702e-06
8.577215599697867224e-06
1.166236016419468655e-05
4.039849836291223263e-05
1.387391484745023718e+03
4.420419036070739192e-06
6.363301633628361246e-06
7.513199841844978968e-06
8.926099455343168839e-06
2.252010585751561196e-05
3.501810400390568816e+02
3.022167930489013268e-06
3.618196393305662723e-06
8.945188705865801852e-06
1.229419612559659261e-05
1.354930190228714453e-05
5.584838098757613807e+02
5.781378798916355598e-06
6.703487638561953536e-06
7.815693142455576125e-06
8.129579341214002424e-06
1.236793343123582629e-05
5.280750466548789746e+02
2.353940982190752575e-05
2.534235480544008284e-05
3.206140412588372792e-05
7.104658838148791063e-05
8.955921924644474419e-05
2.995906577661869505e+03
5.564769130210785102e-06
6.847827787364798457e-06
7.374585369467690358e-06
1.194144944661666088e-05
2.555025377547723669e-05
1.146379485218754326e+03
1.360194908790842127e-06
3.657608796107850661e-06
4.809009829871086998e-06
8.173801602621853557e-06
1.422447778738943857e-05
7.219921226163377526e+01
1.376457691831102014e-05
1.411815987684914494e-05
1.460868739573386311e-05
2.647962629440975770e-05
7.226703082270857998e-05
2.588861132575987085e+03
1.304778864146735087e-05
1.349728895394539082e-05
1.566573967577265480e-05
2.398931516400049167e-05
2.885824813095734374e-05
4.920288663743031634e+02
5.720121589316431125e-06
9.420656142636417153e-06
1.564627105921781512e-05
1.575469551921383565e-05
1.768134651858817882e-05
6.239519044982324658e+02
9.129030774895640995e-06
1.120268778145606451e-05
1.222421395210242703e-05
1.415209664975378692e-05
1.437854210464491978e-05
6.049152684137791312e+02
8.799652483377327244e-06
1.115007816584616100e-05
1.785209399156314017e-05
2.298230149137347691e-05
1.022010151019089468e-04
3.447282662979134329e+03
3.571348973822848563e-06
5.610009020287873225e-06
8.449952166254989005e-06
2.144751300302313491e-05
2.766646947746321465e-05
1.011794998499846201e+03
1.496257293173225603e-06
1.867023909193786200e-06
2.200959498045771558e-06
4.997855269328462739e-06
5.975018455218863253e-06
8.859575311222085929e+02
1.891555950456183045e-06
3.153783552104059938e-06
3.963071357557155803e-06
1.521560599528746127e-05
1.803274467640449043e-05
7.755123189986364878e+02
5.110050755095447338e-05
1.103100990541899053e-04
1.176828122483151594e-04
2.275063864608766601e-04
2.633351485274575436e-04
2.922023108041605440e-04
4.595074211577232745e+03
5.270089518957764994e+03
1.368514755289092318e+04
4.566604854226604505e-05
6.288328764652038666e-05
7.094367792765833417e-05
8.853348124854091021e-05
1.892142413544826453e-04
2.013042945467930390e-04
9.295321841054637844e+02
3.771023820449407594e+03
5.093348031464864107e+03
1.666578338253396938e-05
2.018982582300172751e-05
2.555025377547723669e-05
4.470609987705159775e-05
5.047057564357098058e-05
5.629038332625864541e-05
9.809976525518911785e+02
1.112010155843673829e+03
3.619816304662407674e+03
2.268887610942289749e-05
2.652062945258816648e-05
2.959902967971458372e-05
2.962310932001549065e-05
4.509461628034407068e-05
6.035944039783752420e-05
1.037171630842429067e+03
1.037911068181158498e+03
3.621572713599072813e+03
5.433780309261933424e-05
1.040051593907362370e-04
1.176524372232002898e-04
1.405787490034460794e-04
2.186419789390762819e-04
2.648116398740020332e-04
2.650235653370768432e+03
3.302754662631013161e+03
3.434099756221117332e+03
3.724739570508081215e+03
3.875946289120233359e+03
9.665402583969678744e+03
1.768653955666405679e-05
4.709257646728991464e-05
5.749165359686106349e-05
6.800007664423819676e-05
7.359114118023717252e-05
8.341999993567703379e-05
1.031866708307126601e+03
1.438400658064430218e+03
1.675819755692961508e+03
3.437602860626948313e+03
3.467777782244209902e+03
5.677059474869106452e+03
1.802046763252222375e-05
3.484204879231421307e-05
4.353715801910044958e-05
4.386233279850795710e-05
5.646916656293639422e-05
9.995578060982011133e-05
9.953930865834856831e+02
1.426980819428056066e+03
1.542220899168674123e+03
3.083740365323112655e+03
3.245679027911728099e+03
3.512710696073727831e+03
1.778119456974179609e-05
2.897834187541472299e-05
3.990288470779249769e-05
4.213295738812967360e-05
4.853498949999185825e-05
7.086228595407297493e-05
9.665934157050907061e+02
1.503869849254111841e+03
1.774356281531442619e+03
2.725909977861835159e+03
3.150160080146109522e+03
3.480189899422112376e+03
1.539781853701738026e-05
2.339240781185013851e-05
2.503381274747934241e-05
3.368736288920203676e-05
3.397295989396029642e-05
3.847071712624410521e-05
1.025216031891498005e+03
1.531609802075671041e+03
1.701242184950923047e+03
2.056202311160904173e+03
3.194636355698581610e+03
3.440423829052101155e+03
1.127403832983884594e-05
1.147174148617319424e-05
1.704653899832531103e-05
2.772549597166035093e-05
2.993372055204915864e-05
4.869920126952319257e-05
7.498349779007801317e+02
1.184463232957421496e+03
1.408600629663372729e+03
1.512334440728912568e+03
3.396531901276595818e+03
3.449587028383544748e+03
1.340589934588047836e-05
1.780248911817421597e-05
2.984900094042570057e-05
3.300782899833740170e-05
3.756478942509057235e-05
3.857523402401158419e-05
9.741081730358536106e+02
1.015596566215494704e+03
1.042190659882011005e+03
1.436705050486365053e+03
3.394641239987526205e+03
3.443333385727803034e+03
