2.783627187013693605e-01 -1.048480541515436210e-01 1.386485661005719752e-02 -1.363457877699998308e-02 3.326830957200941578e-03 -4.870565103359161927e-04 -1.315339476657537976e-01 3.463604187410836144e-02 -1.409771996096420843e-01 -1.314325275312459573e-01 7.021247497103777491e-02 1.270767039598504622e-01
-1.062440812592102685e-01 9.779698380129626945e-02 6.146643667844880338e-02 -1.444663687859866485e-02 3.453927571199882224e-02 -7.898576179388912613e-03 3.867029933823394605e-02 -4.567145089165536992e-02 4.768401804426944390e-02 8.408302010990997832e-02 -8.576506655926231792e-02 -1.022360376031967166e-01
1.388124787565967605e-02 5.797892647567109287e-02 5.625611916559982717e-01 1.873950381167703832e-03 -7.187469223566806710e-03 -1.984563160849882324e-02 -1.823012187540190010e-01 4.837846349229780324e-02 -2.919911498170907338e-01 1.663177437910273448e-01 -1.030756385632935757e-01 -2.520691533704915721e-01
-1.363457877699998308e-02 -1.444663687859866485e-02 1.873950381167703832e-03 6.465218306196039016e-03 -2.864393809367755044e-05 7.946801404769493829e-05 3.827395518836457233e-03 7.596044491616457325e-03 -5.141889190170017719e-04 3.851351485646371895e-03 7.344362162772326112e-03 -1.526278516044414718e-03
3.326830957200941578e-03 3.453927571199882224e-02 -7.187469223566806710e-03 -7.460309898683965715e-05 -3.600386532902937614e-02 6.038994740320734189e-03 -1.122655443199190202e-03 1.921078850437327656e-03 -4.491581594741606682e-04 -1.778532154965301428e-03 -5.499234358456328185e-04 1.856660431889819475e-03
-4.870565103359161927e-04 -7.898576179388912613e-03 -1.984563160849882324e-02 7.189093464801629447e-05 6.111540207502198958e-03 1.339085271866670424e-02 3.089094348572661748e-03 1.190442151875629843e-02 3.152536827726212278e-03 -2.732414464101763814e-03 -1.077174843924832634e-02 6.039745528199256912e-03
-1.315339476657537976e-01 3.867029933823394605e-02 -1.823012187540190010e-01 3.827395518836457233e-03 -1.122655443199190202e-03 3.089094348572661748e-03 1.187494884030176612e-01 -3.874054026368316250e-02 1.601037248800655788e-01 8.710689593409801090e-03 9.639791486053136092e-04 1.910847196182897598e-02
3.463604187410836144e-02 -4.567145089165536992e-02 4.837846349229780324e-02 7.596044491616457325e-03 1.921078850437327656e-03 1.190442151875629843e-02 -3.898325786834981599e-02 4.306796490398227817e-02 -5.005108221165963794e-02 -3.965709308316649542e-03 8.120387655995902959e-04 -1.077549733821369510e-02
-1.409771996096420843e-01 4.768401804426944390e-02 -2.919911498170907338e-01 -5.141889190170017719e-04 -4.491581594741606682e-04 3.152536827726212278e-03 1.597477566794456572e-01 -4.992106596069464941e-02 3.177423844699986955e-01 -1.860678743788898165e-02 2.683754479755806263e-03 -2.995710930000939839e-02
-1.314325275312459573e-01 8.408302010990997832e-02 1.663177437910273448e-01 3.851351485646371895e-03 -1.778532154965301428e-03 -2.732414464101763814e-03 8.710689593409801090e-03 -3.965709308316649542e-03 -1.860678743788898165e-02 1.188091603806075980e-01 -7.773884244726651793e-02 -1.447158425246087565e-01
7.021247497103777491e-02 -8.576506655926231792e-02 -1.030756385632935757e-01 7.344362162772326112e-03 -5.499234358456328185e-04 -1.077174843924832634e-02 9.639791486053136092e-04 8.120387655995902959e-04 2.683754479755806263e-03 -7.785422970493317829e-02 8.567318290872553976e-02 1.113731894028312519e-01
1.270767039598504622e-01 -1.022360376031967166e-01 -2.520691533704915721e-01 -1.526278516044414718e-03 1.856660431889819475e-03 6.039745528199256912e-03 1.910847196182897598e-02 -1.077549733821369510e-02 -2.995710930000939839e-02 -1.445247218978499837e-01 1.105591042375138472e-01 2.758790386816667439e-01
