9.078092427814351550e-01
1.522914821365481224e-02
2.481199446954018622e-04
9.641964718894631425e-06
3.206679009839226435e-02
1.429819209115675439e-03
1.592299587528607941e-03
4.944545651624535857e-04
1.243171748173366089e-03
3.399310225238043066e-03
1.027526040190703509e-04
1.068563449769170280e-03
4.900400917155304381e-05
9.182055852335594846e-04
1.292873036449204704e-04
-4.296768537037642943e-05
5.767092873916560567e-04
3.292682745121696341e-04
3.823858561935751911e-04
1.385763461939674588e-03
-2.903857997366291800e-04
2.145024407065750614e-03
-8.046606957594626679e-05
-5.896197104338085637e-06
9.728280712322975030e-05
-6.352122681992551656e-05
7.034367230090617649e-05
5.520724845136326881e-04
-4.142634665003752767e-04
-3.479322449047768734e-06
5.046992671383591228e-03
4.338037843193213484e-03
-6.293308216838895696e-05
0.000000000000000000e+00
1.719144731435010980e-05
2.347451050773504289e-03
1.654272861532450103e-06
1.814986331960281299e-03
-8.944329542491432630e-05
2.029130340936250723e-05
7.505948594191439675e-04
-2.698769709679119783e-04
2.122070484757594949e-03
2.497213470125251634e-04
1.243775470779187771e-02
4.278314851178244282e-04
3.359154876547920882e-04
3.843979643685043173e-03
1.183319728214652728e-04
9.564581438341823944e-04
8.299008162555207005e-04
2.160184806156613955e-04
1.384481246658871511e-04
2.666120572496858960e-04
1.194632569088064755e-04
4.913444743450175872e-03
5.588766352306354882e-04
1.196624386267367999e-03
2.529615328995167838e-04
4.137564235747707639e-03
8.091897595920401805e-04
-6.116566895465099787e-04
6.907889333912294906e-03
3.073630820421972484e-03
2.651833621847806462e-04
-2.725254333297103817e-05
-1.182483053525995500e-03
2.130817167767252301e-02
1.561894035732850792e-04
1.321549456377097906e-02
4.576227375373820294e-02
4.626273850185287921e-04
2.096341212295034856e-06
0.000000000000000000e+00
9.490250460157871430e-04
6.230961222438342894e-05
1.488306760412487010e-05
-4.711946544936710873e-06
1.053615692282905441e-04
1.654442812901280144e-04
1.896869166950569284e-03
-3.376145442050892736e-04
2.514504653872669856e-04
7.810867448048893760e-04
4.312088333426666647e-04
-6.846134301706404681e-05
-8.428041090220143470e-04
-1.421926895493193710e-03
1.006917602465473528e-03
-8.975483950447079033e-05
2.403431835905929905e-04
1.643470766267215056e-04
7.058172075191659900e-05
2.679505319593778086e-03
-7.831696290481194298e-05
-1.442933581480746776e-03
3.736051522318173303e-03
4.579495963314824335e-04
2.918677484326836829e-04
1.974853670678822313e-03
-3.557203481572438820e-04
9.446065413272938444e-06
4.283135403493890624e-03
-1.916753792347088592e-04
1.187104366906869684e-04
5.987585443810283358e-04
-2.462150152543326142e-04
1.884033055386868992e-04
-2.632729167022507187e-05
1.278541725974110263e-03
9.592810105110741517e-03
3.821610194865746827e-04
1.133611480766590491e-05
0.000000000000000000e+00
-3.854573459022669728e-03
7.796775591779011357e-04
-1.656201257325425448e-04
-7.883640390068021381e-06
6.020216935463580812e-05
4.479615291295146882e-05
1.376069815494466546e-05
-8.009733840970885432e-05
4.245056611946592014e-03
2.454208874793491701e-04
8.034397125618894173e-03
5.385327268709068750e-04
-1.260141779259334573e-04
2.327298366951853991e-04
5.036204012687673249e-04
8.385734939129123149e-04
1.236148249815845646e-04
-1.368738796081976964e-04
6.412630482133178760e-04
2.321854063919011834e-04
-1.104943105963466675e-03
-2.821625429535827150e-05
2.100888502026661536e-03
1.155655926869133101e-03
9.657107453723648991e-04
-3.881281405058019883e-04
2.952959700605872588e-03
-1.323464564754554478e-07
9.345412666042829386e-03
1.141647425815950400e-03
3.248066489554742381e-06
1.323511703602342547e-04
-1.715782325277211476e-04
5.159145375559533522e-03
6.025677546049138531e-04
1.310228373091929834e-03
2.154782619914483166e-01
-3.857027545673741070e-04
0.000000000000000000e+00
0.000000000000000000e+00
1.748760335889412015e-02
1.176182497237402737e-03
7.458477872431441846e-05
-1.593144881956535532e-04
5.130781859322919520e-04
-1.674206170500032898e-04
3.304494690773059491e-05
3.252729307498869243e-04
3.407412402642121945e-05
3.547465086806885219e-05
2.584734469817244126e-02
4.790910158683159498e-04
-1.613025857691311772e-03
7.035539173472660657e-04
1.402482188049392173e-04
9.688099204032315495e-04
2.332877057694323317e-06
-1.771511639094466015e-04
3.869195422101512349e-05
9.379704912546583105e-05
-2.566259861791486516e-06
-2.676954178941330122e-03
1.799005350062647223e-04
2.693590175299124655e-03
-4.694045611875659611e-05
-2.418633578716189339e-04
-1.411016033168991822e-04
2.767810431267547604e-03
-4.729000161096970746e-04
-1.216504722683975413e-04
7.740780974326473901e-06
4.951536112479597122e-04
-9.917965868406763703e-05
-1.020020040369532839e-04
-1.563074549384794456e-04
1.170557013469316314e-04
-9.811523037377720222e-04
-1.865025009240165788e-04
1.916660867516591579e-05
0.000000000000000000e+00
1.976541395990830954e-04
-2.345026716595495847e-06
0.000000000000000000e+00
-7.839929870171828674e-05
2.495544759075022726e-05
4.254629556717700287e-06
1.088706336582756506e-05
5.503154512107588523e-05
