5.297262805161909727e-01
0.000000000000000000e+00
7.851139332747872693e-03
8.086830374706774002e-03
1.067780054711528342e-01
1.733593419558578791e-02
2.342782281924008728e-03
2.031340989930185276e-02
1.567960399915617822e-02
7.558268279795873033e-03
1.182750005284787312e-02
5.499680657383443534e-03
2.672280929605327145e-03
2.553823277411712209e-02
1.841773621018332960e-02
2.494953177790285807e-03
1.435898369711760547e-01
1.638676279483944689e-02
3.765901095956756400e-02
1.486386769630243564e-03
4.640788458996536817e-03
2.859356111237643192e-03
2.351643365018770467e-03
3.843164096395756870e-03
2.268661839310604032e-03
1.291676734805132388e-03
-4.130980216111327860e-03
-2.088532332909768694e-04
2.262858860313713902e-03
-4.274139828278318912e-03
4.035858005515867153e-01
2.455181434340862178e-03
4.672267006772701237e-03
0.000000000000000000e+00
6.107689008234632941e-03
1.117834162161019870e-02
6.981469409836312586e-04
9.805145237089966936e-03
4.781982126946263990e-03
3.502123944829989635e-03
-2.504400232534731430e-04
3.613816875253291448e-03
8.728962315747912024e-03
6.622396502974262945e-03
