2.220818780605348652e-01
0.000000000000000000e+00
4.395308503057804295e-03
6.650486414155843025e-03
7.734657898002296472e-02
1.355907674000555313e-02
6.979507270226966049e-03
4.877322160401722367e-02
2.923061872749125809e-02
1.332714856601552658e-02
1.109054557385946715e-02
5.001536932453635141e-03
5.893227604122452598e-03
5.324977812322091719e-02
3.673759596212288620e-02
9.823280532603617665e-03
9.195146213907871846e-02
1.194008397939148695e-02
2.974954591735927759e-02
7.558597276576720959e-03
4.927488070140628382e-03
4.863066692629028874e-03
5.302611546618307518e-03
1.594412040520117556e-03
3.771405337138237709e-03
1.225670475393883692e-02
4.243450872623262884e-03
1.771833816015555563e-02
-1.177880471867842561e-04
9.874241384114855989e-04
2.848953130585677451e-01
7.001056742324119134e-03
1.656457639469222781e-02
0.000000000000000000e+00
1.379082125991345185e-02
1.599309203154420517e-02
-1.627249395233820815e-03
5.038965407141852634e-03
3.481574876800741514e-02
1.350636214580861784e-02
-1.104063450154161658e-04
1.397952342229706948e-02
5.227734521529003517e-03
5.632522362869307568e-03
