2.915779206903145737e-01
0.000000000000000000e+00
1.118845315650901159e-02
3.102402041910960143e-03
1.000672224839854324e-01
1.439036531562027862e-02
5.803065279900428836e-03
4.300692616506733568e-02
2.368050973761684844e-02
9.755081498154160799e-03
1.228738259748511988e-02
2.084883335443543650e-03
2.659127655309734273e-03
5.170533545178336576e-02
3.503287929419254126e-02
6.960680165482820494e-03
8.127926893049944312e-02
8.828644243275295816e-03
1.145359203772501784e-02
5.889733949842549526e-03
7.800444464807543277e-03
9.672874287753858644e-03
6.125217066158302436e-03
6.570924191969444370e-03
1.396798304176094562e-03
2.752552629725313251e-03
5.607634711425616564e-03
1.108562736921340532e-02
-5.584494012674505068e-04
4.676216359898669427e-03
2.474622558051546295e-01
3.356650283134735794e-03
9.204178983485222440e-03
0.000000000000000000e+00
4.946364941970138145e-03
1.059682205537678355e-02
9.586068951759064137e-05
4.254570565533089162e-03
6.888852449755382022e-04
-2.967094458905150840e-03
1.094252134789567730e-03
8.313351047183151557e-03
1.348760266652024135e-02
4.049943095337334674e-03
