1.100254559084175465e+00
2.081563357922059862e-02
1.449476557998089898e-03
-3.186591201842503721e-06
5.579886425903338165e-02
5.571031654534911674e-04
7.623899810707213337e-04
5.938744025451987664e-04
1.155440105218878216e-04
2.837649463115524909e-03
-2.434853434883551201e-05
1.589902973135733587e-04
1.081775886784523298e-03
5.467664027255144521e-05
5.072015484770320054e-04
-3.139682683263404626e-05
1.781193719854035030e-03
4.415375758429244350e-04
1.928242478580921462e-04
2.511477844128491956e-04
2.602563909696709141e-04
3.113615713864111294e-04
-1.430406845593553307e-05
1.971259591543724540e-03
2.515240436620139858e-04
8.036750049173294887e-05
3.310265310242884503e-04
3.270916542915447206e-04
7.232083228000322876e-04
3.944383547403636372e-05
8.220251876641111732e-03
4.067050599705623708e-03
-9.332000576362779352e-04
0.000000000000000000e+00
2.982636861676250253e-05
1.661140511942512331e-04
2.259224637535250935e-04
1.429311326203541775e-03
8.673827712793791061e-04
8.359923455911892664e-04
3.131548754358763013e-04
-4.841785283652126235e-04
7.682422928769231611e-04
9.876190514600906019e-05
2.102583242632633312e-02
3.103305052252055217e-04
8.923873375103807742e-04
5.860682323892696659e-05
1.122571831087733860e-05
1.962169868984083520e-04
6.264832443286275868e-04
3.264529263469206910e-05
1.404736550260225259e-04
3.904755853375944523e-05
8.033472237391295909e-05
7.268472857771731950e-05
4.531978971894797372e-04
1.649545100813099062e-03
2.413915653777317424e-03
3.165849264593238472e-03
2.889443615049132815e-05
-3.957738853822926890e-04
7.531409840078051587e-04
3.290091468092448896e-04
8.596296138524047446e-05
2.720075363439026670e-04
3.770690341290183767e-03
7.688647794360677773e-03
6.797947752257431408e-04
9.704865134750735546e-04
6.369775797693480457e-02
3.170209831724483452e-04
3.193711505691254751e-05
0.000000000000000000e+00
-1.683065300669269403e-04
1.325662975484739013e-03
-2.858296473819817662e-04
7.418390209385099287e-04
1.213043906180903122e-03
3.962141572726081700e-04
3.890002151056097185e-06
1.756291153164187381e-03
-1.515406868895678239e-03
-7.816802571181114668e-06
3.903232221979561437e-04
5.940115404580541123e-05
-1.403971433467917328e-03
2.872323821896319968e-04
7.034499339227877172e-04
4.255951062287118556e-05
3.419094025525722721e-04
1.107143713787106564e-03
1.662365987511904455e-04
2.945345328442631745e-04
1.057959223493091620e-05
-4.829146311218964480e-05
2.054056731568619509e-02
2.177634935066641211e-03
4.303547676372095933e-03
2.500187637763421570e-04
2.052922235047005724e-03
-2.908011737526342792e-04
-3.384976730818648697e-04
-8.630739464786282280e-05
2.883709891796056631e-04
2.936441201182379162e-04
9.010355720710627302e-04
9.247755745778703847e-04
1.480258107663760396e-05
1.433417965141477516e-04
1.339956974662783080e-02
3.385910437371094425e-03
-6.526923675151211372e-05
0.000000000000000000e+00
-3.923209067805336742e-04
-4.355067839033980866e-05
5.526344151365621517e-04
8.009614106500399777e-05
1.532328805084108006e-03
5.110525354682741306e-05
7.178035692876412639e-04
3.624266233577996121e-05
4.137541529223890627e-04
4.748031144963767766e-04
6.713437142364512590e-03
2.867012641551758062e-04
2.509773003213829675e-03
6.660729438024611264e-05
2.130062079755375485e-04
9.105356556571297943e-05
2.091545918479227996e-04
4.587190439574821417e-05
-7.037639775608894654e-07
3.861038505270049988e-04
3.820623978889899465e-04
-1.076927042352685904e-03
1.619336532445839541e-02
4.981923934309998589e-04
2.614716229658668387e-03
-6.914654201114923005e-04
-7.167986620886246656e-05
-5.412833370013932639e-05
2.523707068177172275e-04
-2.529143327948032012e-05
2.517489814743238268e-05
2.337487753415912087e-04
8.115094222539346973e-04
2.605765825182349222e-04
1.275093433862932110e-04
6.331442321187615843e-04
1.693254339635256456e-01
2.453004848621098796e-04
0.000000000000000000e+00
0.000000000000000000e+00
9.048999756509745751e-03
1.611782402636189715e-04
-7.925597438289689039e-05
-1.057320076289040427e-04
1.470985475169765255e-03
1.765016042572102096e-04
1.787040244686603297e-06
-8.258077936409943028e-04
-3.995809013638643689e-06
8.235154932318226048e-04
1.078694929385025196e-02
1.192361761481630644e-03
-1.032179256958050797e-03
4.915796359189928289e-04
3.187476970803867159e-04
1.739250784364839374e-04
9.117486897236570798e-05
1.364567348988525058e-05
3.086744442076868483e-04
8.421266879431085197e-05
8.351918735356455854e-05
-2.387206184659855014e-04
1.143098187456355856e-04
9.102105807720453927e-05
4.503057501508737296e-04
1.750864971678052940e-04
-8.812560438764549531e-05
-1.250552342882293891e-04
-1.206272352563727142e-05
-1.255506230242619983e-04
-4.703053241308374901e-05
3.410920808558130183e-04
4.708049664057985533e-04
2.228820107098794469e-04
1.379346085535656205e-05
6.232391204946748260e-04
2.140980910727193485e-04
5.463733776130593431e-06
1.626623778904582530e-05
0.000000000000000000e+00
8.545199345971532306e-04
1.798914957753528079e-05
0.000000000000000000e+00
1.039830280873325517e-03
2.956738179518137024e-05
-1.622186380245027484e-04
9.385035494524629485e-06
6.979487993180969743e-05
