8.017572644481528732e-01
2.803682443859476653e-02
1.606348966478081061e-04
6.276034961180490827e-05
8.257174831714392260e-02
1.589295705756884258e-03
2.585457170400928817e-05
1.223620752432763581e-03
1.257940371702422620e-04
1.122864844786239900e-02
1.164515835361257245e-04
3.231968934136989977e-03
1.887259827600592241e-04
5.174367808117678191e-05
8.839175355828861878e-05
-3.682927705321192738e-04
4.731823062422776277e-04
1.214381986866919184e-03
-1.349999522193834345e-03
2.291171910111892420e-04
4.195842529207757126e-04
2.019268915129867996e-03
1.989903496174708964e-04
1.078043105818752678e-04
2.971747414489097402e-04
6.573810082004527815e-05
-1.908068788342065416e-03
7.966769389768701970e-03
1.324484447914257401e-04
-2.270639860098848124e-03
1.563363800280488311e-02
2.343091496848207812e-03
3.454996339554276298e-03
0.000000000000000000e+00
5.344735040329136495e-04
3.307559233769833957e-04
-3.556735672927506249e-04
6.073018933590023933e-05
5.004288383942956115e-05
3.715085232602148286e-05
5.981578593507837910e-03
5.316118997891935012e-05
2.436411805002565781e-03
7.170218105857125161e-05
7.610300177989500273e-03
1.030768280802396602e-04
5.277527147497725578e-03
1.767790107951065445e-04
7.342045106638236387e-05
1.518740109834807838e-04
7.418802430181781638e-04
1.291605513126829416e-04
3.324993879443812524e-04
2.232184108618473495e-03
-7.242389841838706990e-05
3.088723878021460041e-03
4.060964148972937525e-03
-2.103803563662687173e-04
-2.594081777320685501e-03
7.145132226912634681e-05
2.833587845740600207e-03
-4.855766997095223520e-04
2.933100192410613167e-03
2.187498073115135000e-03
5.483480087734064149e-04
1.278965140672069616e-02
1.277723134486844804e-02
1.897056987017312416e-02
2.894280909276725038e-03
1.335767517916310217e-02
8.568542612894429478e-02
5.434173887978547424e-05
1.121721968847892195e-05
0.000000000000000000e+00
4.628911827664102495e-03
7.852852510169169289e-05
1.038845555332290649e-05
4.703612299276441899e-05
5.527522927314346829e-03
4.816264352338195734e-03
2.227841483509429479e-03
6.075251113952958443e-03
1.823412712161065529e-03
1.210504996989862110e-04
1.675358069201034715e-03
2.199775947328378860e-05
1.909567203846585046e-03
9.466201170093224921e-04
1.969218632677405159e-04
4.533217892899917283e-04
2.026595289337092764e-04
6.684406419344683268e-04
9.127860482447772714e-04
2.371455584352736773e-05
1.063065040003293403e-03
-7.922957014381282735e-05
1.526898323391347352e-02
6.752942104451209676e-04
3.184914785370936423e-05
1.725140951802946578e-04
1.184742611351670833e-05
-1.933140733575785261e-03
4.569655812189199300e-03
-1.177314485334424177e-05
1.381079473237104948e-04
2.186395714515140028e-03
7.130393412673926288e-05
6.368699406721356482e-04
7.149194086836600239e-05
1.257826186082426298e-04
2.004891216079357844e-02
1.513291043310808711e-04
9.392974565553361690e-05
0.000000000000000000e+00
3.813176449113164562e-04
2.404846980192106281e-03
-4.615331540072690423e-04
6.141612894546473478e-05
-2.728184148647283752e-04
4.473373696253868034e-03
1.106155622758657031e-04
7.826166165643503323e-04
2.916813409630310988e-04
1.056952999686222583e-04
1.203463207446426805e-02
2.986179950331161684e-04
1.504174523412930506e-04
1.182852031286718520e-03
3.296091232030858302e-04
8.091843844032053489e-04
1.197290237943127167e-04
1.586357139528112470e-04
1.320228081179338416e-05
1.522930593152782618e-04
-2.780207215908140630e-05
1.731383336616006629e-04
1.505682237441141559e-03
1.799789467842368351e-03
3.013808304484092652e-03
2.373382866919682035e-04
3.634652750062657427e-05
9.756439192033135592e-05
4.639069617621120051e-03
8.335593784600891717e-03
6.046168049371007478e-06
3.948718411716993330e-03
1.197092006605486208e-05
1.817184507115610081e-02
-4.695136766306692074e-04
1.384014541789824193e-04
1.295320219901114622e-01
2.657323963401347802e-04
0.000000000000000000e+00
0.000000000000000000e+00
1.396612595455800319e-02
1.311201177176416887e-03
1.695798557965014986e-05
3.640931367576705213e-05
5.022316777619403308e-04
1.391882341378103459e-04
-1.332106269040493228e-04
1.578902459966761485e-04
7.799706170170672421e-05
1.157571041777139074e-03
1.266508725215117863e-02
3.108117289627794922e-03
-1.071163065271159764e-03
-1.655441035683165741e-03
3.048425472898178955e-03
9.122226507611260523e-04
3.099491854803293207e-05
6.971395842906661341e-06
2.594950334092368112e-05
-1.024607373461268933e-03
1.102686171438123808e-04
-7.560192896857979459e-04
4.272922264194252699e-04
3.381458455931000257e-04
1.311247176965846305e-04
1.385608915476085000e-04
4.124965322931162031e-04
1.932089572070176285e-03
4.806851390016094079e-03
4.097826452989690866e-05
-1.981175234380128238e-05
1.990562396755694434e-05
-7.155490145051383042e-04
5.089167238831630163e-03
-1.018917991325363258e-04
-6.868779170968361254e-05
1.768727819737965978e-03
1.118804773911167698e-05
2.885765702733911415e-04
0.000000000000000000e+00
1.337109369460520671e-04
5.215443969918797783e-04
0.000000000000000000e+00
3.299721739632074236e-05
-7.166004615417905345e-04
8.975756495128716934e-05
-7.630116230060120849e-04
-7.682012975947690716e-04
