4.196129235284388193e-01
0.000000000000000000e+00
2.096250442024619534e-02
1.185106561554741429e-02
1.092664049049157510e-01
1.585515330841865203e-02
5.037126320629721835e-03
2.577767275307639439e-02
1.521565800407554542e-02
9.090596977277484031e-03
1.266792895310497880e-02
2.612169153222139960e-03
4.565721329860357794e-03
5.314297504971028652e-02
2.186679100817818730e-02
7.762275165755450068e-03
1.058298586722727086e-01
1.294057551919927142e-02
1.835265870531106389e-02
3.113466217387106209e-03
5.402482747299538340e-03
4.764207804496408197e-03
3.565775168496676441e-03
3.757270288218735391e-03
1.057782806445891352e-03
7.156444859346781104e-04
7.802787864281279621e-03
6.057760473364489674e-03
7.537943537023527934e-04
1.029072755092588949e-02
3.417237874484179705e-01
1.485947112476818923e-03
6.325545669273524747e-03
0.000000000000000000e+00
7.961143127358813118e-03
1.056416966794676213e-02
1.898794857358850454e-03
8.305861243048077644e-03
1.737670212328416321e-03
3.988522110922051479e-03
1.039324442428098605e-03
7.010993469087408760e-03
1.934877103801582038e-02
1.293432239632762853e-02
