1.312945806545187777e+00
2.011722436902597250e-02
4.800004683152529414e-03
3.142420801471128007e-05
4.249374010048731498e-02
9.483056369637162366e-04
6.936238504976859054e-05
3.404940043144177864e-03
6.496983010789344202e-05
1.494420400174523156e-02
-2.748120734167673257e-05
9.050148422097726176e-04
1.705793435826115801e-03
4.844634478522014229e-04
-3.314677522640622435e-04
2.904770292001312764e-04
7.324683593147085286e-04
2.335107103141886921e-05
2.819050112724911586e-05
5.623295620560853515e-04
1.362787251806644453e-04
1.839270068851946605e-04
-2.850265737244968707e-05
-1.582005741749714536e-04
9.524207100723473211e-04
1.971781634202492584e-04
-3.004749814058034767e-04
-1.045711023095348934e-03
6.184983879103637559e-04
-1.023847633085842902e-03
7.040265194026962443e-03
2.258685373067896313e-03
5.301769335939695345e-04
0.000000000000000000e+00
2.549734912642061539e-04
5.406247283938903352e-05
3.403491865403562719e-05
2.939499605254673243e-04
2.174041421041827959e-03
-8.494217080348142614e-05
1.635069916742744659e-04
4.849858986285168061e-06
2.485019193520325294e-04
3.223742319644988248e-04
8.454506800063840352e-03
2.557488779843112626e-04
1.685658426950157744e-05
-7.201342285388564459e-05
5.560765757054072085e-05
6.148431574522679477e-05
3.428896326027016436e-04
1.021268335851618090e-03
-3.254656936439263244e-06
-2.926946864934132277e-03
2.212965380800587304e-04
2.164184183677105521e-04
9.426048351492447800e-04
1.592532147162299184e-04
7.422362061537679523e-05
2.272008221114655668e-04
-2.760817864129183686e-05
-3.084161829926213233e-04
-6.240721020771186059e-04
1.204002344109896417e-03
-1.306410615218078829e-04
2.920199187513479805e-05
4.358666192345772745e-03
6.763155133949272542e-03
8.296992717099123946e-05
4.296480507727891938e-03
3.909096727299313928e-02
8.110130066092402230e-05
2.950481127031926560e-04
0.000000000000000000e+00
-1.408259520541873152e-05
1.152867785579111005e-03
2.615688379081030908e-04
-3.128291120648785291e-03
1.317260850465129529e-03
5.612441749812975946e-04
6.208767858583523198e-05
2.562880465395730003e-04
1.942128073074330451e-05
1.220593027177733521e-04
5.317687867862834310e-04
8.357094860117116606e-05
5.201976216625547877e-04
4.556830361668317950e-06
9.021115586450208505e-05
4.096011418649976761e-03
3.002630420951391097e-04
9.508909313958499024e-05
1.858267766327019021e-03
1.143425674086984199e-04
5.122296437709043197e-04
1.983054055305344225e-03
8.458029224558702083e-03
2.564066464877316049e-04
7.736235131077240639e-05
1.492172176146796040e-04
1.267209394081832477e-04
5.473219282614572193e-06
3.514646284712874438e-04
5.819396823111129503e-04
8.638792682014173607e-05
1.182449791981972863e-04
4.648738326318439308e-04
1.948558245395822452e-04
3.044372835011207107e-05
-6.050275124205306689e-05
1.633606753348826324e-02
2.335232190107561223e-03
8.437727583590811915e-05
0.000000000000000000e+00
1.717628585625370979e-05
7.624987016479955809e-04
-1.836536783093700828e-04
-1.727778168405502777e-03
1.159362274331450938e-03
6.997516988292614695e-05
2.500520960534805760e-05
8.328245146903705308e-04
5.631293567052609184e-04
1.844673534209399280e-04
3.177560730740950669e-03
4.642965570887576534e-05
2.862086002228591891e-04
5.388885984682900834e-05
2.441107035446421600e-04
9.613579663340688503e-03
2.010446501141978761e-04
-1.001082674124316903e-05
5.618160431471785898e-03
1.161109046936929372e-04
7.730070218903151158e-05
1.033598323726477475e-04
3.735115613524575551e-04
5.985485763989532686e-04
8.190030294241701370e-04
-4.859045905264202997e-04
7.320467118691187727e-03
1.243014391194563420e-07
-8.813374096609501770e-04
4.714275488066169975e-05
2.590549666485012838e-07
-1.541225549247885878e-05
8.166145791747385352e-05
3.811630537140723706e-03
2.494032963163602467e-05
3.515151659083522672e-04
3.227899374704572000e-01
4.881978233618096690e-04
0.000000000000000000e+00
0.000000000000000000e+00
2.882522145824983895e-02
4.639077839805475834e-04
1.226603710084465612e-04
5.608628172617535903e-05
2.820593440392723085e-04
8.884311032481810198e-04
6.789958449863557441e-06
3.061155052654584985e-03
-8.643940990493704358e-06
3.893019825759432354e-03
2.804293491524746662e-02
1.427959782248559406e-04
1.388805129199107260e-04
2.312872417360445354e-04
5.413338801337245435e-04
2.453604390878982681e-03
-1.402201628588099433e-04
4.486432092602280630e-05
-3.241240902739509822e-04
7.037995483130110043e-05
7.380067131070865995e-05
-1.443568488471854436e-03
-8.269388398466730173e-05
4.979611756279774372e-04
1.686041824202029807e-04
-3.270053974393949295e-04
-5.752477633528337193e-04
3.122911650048632297e-05
3.216437258493076847e-05
1.897574322784256805e-04
-1.305550660843546274e-03
1.358809941852741788e-04
4.256396287391162265e-04
3.944352203310982018e-04
2.455084761900927639e-05
-5.313407303078055002e-05
5.374581130304830341e-05
3.074120527673196651e-04
-2.824511516749487610e-05
0.000000000000000000e+00
5.972697405416571743e-03
2.478738995738508991e-05
0.000000000000000000e+00
-4.217633845748913418e-06
1.087887725807516276e-04
1.669592967949255419e-05
2.258969852604172045e-04
2.212305311601436950e-04
