1.020450318471618711e+00
2.700000715281377847e-02
3.529227544052678358e-04
2.407335175830471686e-04
5.758923973518238065e-02
5.061549885344796213e-04
3.157685222629898702e-04
2.521594578155394919e-03
7.796667276675310610e-05
1.415921065334085557e-02
4.579684706372451488e-05
6.477225595131012317e-05
3.555491157612155999e-03
3.938329685852244967e-04
1.626738256579107810e-04
-6.659448265747602630e-04
1.582721798705829163e-03
1.033022035531883185e-03
1.964377796580466906e-04
1.220465672541341416e-03
1.373230974259498404e-03
9.681951950168520959e-04
-1.611900590199185300e-04
9.280932196477594594e-04
6.421645697652984992e-04
-2.121793250756306011e-05
-3.607813556184187869e-05
2.310462813402969218e-04
1.125799607397300479e-04
8.686699948371087428e-05
4.555759253389024543e-03
1.640166872415356946e-03
1.908704647425688919e-05
0.000000000000000000e+00
2.555805560128761918e-04
7.030108948443321304e-05
-2.534521479350034385e-05
2.473939958636058641e-03
-7.267466689473423545e-05
2.925664831027333991e-04
-6.166854898011682981e-06
-3.099473099695456473e-06
4.093256434332307944e-03
8.781806228871738855e-05
1.138599478319997881e-02
2.391463494366326823e-04
-7.549911694252713068e-05
5.366243056803850610e-04
-1.071123121610284584e-04
4.209777994127916648e-04
1.072051727074111718e-03
4.154586313860120011e-04
5.317165886413732778e-04
6.377612175981095966e-04
8.341800973304281264e-04
3.937785130729768552e-04
7.503913609752037132e-04
8.652098193406843052e-05
3.002661700028038359e-03
-3.344018409468851654e-04
3.380423534860973133e-04
1.051108716334292535e-04
1.418821912906742620e-03
4.880108192215700685e-04
5.868771787938727858e-05
3.215112780807475755e-04
2.861183586237325718e-04
2.177905278146617662e-02
5.472684702967356429e-06
4.700756026932280569e-03
3.699979453253888356e-02
-6.556062493688526996e-05
-6.111381691628428885e-05
0.000000000000000000e+00
3.129543250538121131e-05
9.016655459892275242e-04
-1.287638392495053406e-04
2.614592627805981898e-04
7.409411805252038088e-03
1.881654381728825652e-04
4.678960005768987521e-04
1.226180417891020833e-04
8.203285364058195530e-04
-4.098788106022007273e-04
-7.989517456525133956e-05
3.068371388759150165e-05
2.680079091404574589e-03
8.437755367468084081e-04
-1.590963651152410427e-05
-1.015891845756788925e-03
-8.107637843051130049e-05
3.299600706310190645e-04
1.626734554127651265e-06
-1.256825806606021168e-03
-9.409538152583459274e-05
1.378204651448008012e-03
1.529594449731067930e-02
1.407673265418788854e-03
1.147324678006918751e-03
1.021290711377842485e-03
5.190349521368616817e-04
7.607318551368979836e-04
2.994487911985347587e-04
1.478906433994398137e-04
1.216464555261698112e-04
4.796830407318708602e-05
4.262299472546082768e-04
8.076616443718042781e-04
1.913938508272557517e-04
3.570425624349985729e-05
5.837332077542149548e-03
6.538968486032193262e-04
2.838212190373316400e-04
0.000000000000000000e+00
3.627362248171580044e-05
-9.014512912997707083e-04
2.182331291088024480e-04
1.552024783776584371e-03
-7.522068544058235990e-04
2.251459363913873083e-04
1.491290659548708930e-04
2.113933099680886994e-04
7.528684224120674173e-04
-6.516564575784904211e-04
3.572641220182770552e-03
1.486422381011820448e-04
8.243021503024916270e-05
7.885778747581302661e-06
2.380620530631372025e-04
1.175927286576539197e-03
-4.010785625387924960e-05
7.487490648496741299e-05
2.457719983359677569e-04
-8.876583026446338998e-04
7.995994547658647356e-04
-6.208933922671189265e-04
1.679406822093526194e-02
7.393181774784984622e-04
3.167240896841290888e-03
2.903134982893999187e-04
4.693130924623053335e-05
8.358703227129282709e-06
5.519323294811417924e-05
1.266354039459072103e-04
-3.919400871684371698e-06
7.307022193034918276e-05
-2.079680170770063438e-03
3.731036423200162217e-05
9.982930936764944092e-05
1.430976450941479018e-04
2.647416329384936207e-01
1.284000486303134845e-04
0.000000000000000000e+00
0.000000000000000000e+00
4.346611090440114823e-03
1.212030574004259930e-03
-1.270349814752676611e-03
3.171706555089137789e-04
7.175013503810741440e-04
-3.349282323048275063e-03
-2.625541813895034614e-05
3.118323929046947331e-04
8.377318881909919657e-06
1.724624323008239256e-04
2.543560376619953198e-02
4.323616004129263841e-04
4.674179850346534682e-05
6.237204062953176191e-04
5.066969064543365604e-04
1.818783745102388891e-03
9.101373958872263929e-05
-7.746179147318787441e-05
4.321080872591280195e-03
4.179279967342353075e-05
4.141461823037317913e-05
-3.079190930957542813e-04
1.958934910417653441e-04
-2.995914542517722973e-05
-3.696354230009912703e-04
4.948888782632702380e-04
2.792187738994034055e-04
1.033276881523030209e-03
7.999353717880927075e-04
9.025092839000844460e-04
-2.499781607097813738e-06
-1.421479519662464464e-06
1.435001860341511525e-05
-3.673618437063375233e-05
-6.629667132411753983e-04
-1.271296889019761172e-07
2.015843116317217378e-03
8.782886372857846000e-05
1.131350280267895448e-05
0.000000000000000000e+00
2.327145629926382351e-04
-1.585162173248851503e-04
0.000000000000000000e+00
-8.982800286871927431e-06
1.097170436289207683e-04
4.221331529225361980e-05
2.480392146053667091e-05
-6.142988644278905884e-04
