5.027232285949202462e-01
0.000000000000000000e+00
3.089051240326145913e-03
2.730588239611927027e-03
6.812972691408449022e-02
1.083960420820853816e-02
1.358176554734735796e-03
5.204133329834679383e-02
2.919497442534032053e-02
1.639459290312706569e-02
1.838500166187144805e-02
2.889361210191291902e-03
4.902650588814879383e-03
5.454259792062540746e-02
1.328922464812762154e-02
5.840402340623210807e-03
1.167452359092425312e-01
2.228252333211654113e-02
3.612697123325998849e-02
1.341113187690222246e-02
3.771204601745433219e-03
6.304067416647951387e-03
5.162126571862235905e-03
5.240950886757378760e-03
4.911718769504528487e-03
5.496076793618417423e-03
1.404837706792953301e-03
8.492360609431888485e-06
7.413088098437622389e-04
1.416773952807940697e-03
6.318578791283866458e-01
5.914302446011424595e-03
9.697669545934702734e-03
0.000000000000000000e+00
1.934275563953976110e-02
1.485258258270315095e-02
2.082345558851006581e-04
6.281245662128428012e-03
1.204468685398636316e-02
6.356440215086263563e-04
1.702641437656667598e-03
4.879331458815213025e-03
3.939851551091407174e-03
2.418142528152741021e-03
