0.000000000000000000e+00
1.708466986115821790e-02
7.182722074000028045e-02
0.000000000000000000e+00
5.948889339824758350e-03
1.648466869207911717e-02
0.000000000000000000e+00
0.000000000000000000e+00
4.711772245431770749e-03
4.740371762663105580e-03
6.604205417601450093e-03
1.550266203874949705e-02
1.569902193580065622e-02
0.000000000000000000e+00
4.963078823349122495e-03
1.650445406394717221e-02
1.712581582729369011e-03
0.000000000000000000e+00
0.000000000000000000e+00
1.032592656550984922e-01
0.000000000000000000e+00
8.937483049833180523e-03
5.263753658250143984e-03
6.843796295036785882e-03
7.304704135235679831e-03
7.353711028636022995e-03
1.557169523805694393e-02
1.573937504617001215e-02
6.679703700344597796e-03
7.927939705073168419e-03
1.649591636118284341e-02
5.374584342505119711e-03
7.272707327880124743e-03
7.274472408658737635e-03
1.558605098572785758e-02
1.581044087099980205e-02
1.581148462010154715e-02
1.103237075741055236e-02
0.000000000000000000e+00
0.000000000000000000e+00
0.000000000000000000e+00
0.000000000000000000e+00
1.588220182926797924e-02
0.000000000000000000e+00
0.000000000000000000e+00
5.461561686490642303e-03
5.461561686884009066e-03
1.176257044379136300e-02
0.000000000000000000e+00
0.000000000000000000e+00
0.000000000000000000e+00
0.000000000000000000e+00
0.000000000000000000e+00
7.379779850109045164e-03
1.598956890388538582e-02
1.613197278772539670e-02
4.580845327162862829e-02
0.000000000000000000e+00
4.344298789781563842e-03
3.932347138314752112e-03
5.550789718850371139e-03
7.369828643247571670e-03
1.573193676108294511e-02
1.587906942816705649e-02
2.261166325334999436e-02
7.659034205942039791e-03
0.000000000000000000e+00
4.593703049770238300e-02
0.000000000000000000e+00
4.522828784319248875e-03
6.323767487284890493e-03
8.307029448066938215e-03
0.000000000000000000e+00
6.955552348962229601e-04
0.000000000000000000e+00
0.000000000000000000e+00
0.000000000000000000e+00
0.000000000000000000e+00
0.000000000000000000e+00
3.238629142363370038e-03
7.231412110163763091e-03
1.133713372288828840e-02
1.651093012836634885e-02
0.000000000000000000e+00
1.708466986115821790e-02
7.182722074000028045e-02
1.712581582729369011e-03
0.000000000000000000e+00
4.268826236581758395e-03
1.650906441021953233e-02
0.000000000000000000e+00
5.493702152921722641e-03
6.469313890653929054e-03
6.804522948347601317e-03
1.552255859990901363e-02
1.570899321115837993e-02
0.000000000000000000e+00
5.948889339824758350e-03
1.648466869207911717e-02
0.000000000000000000e+00
0.000000000000000000e+00
0.000000000000000000e+00
5.817119576644346791e-03
5.817119576777859784e-03
0.000000000000000000e+00
4.947019359067231226e-03
5.574208264035034922e-03
6.638696350191757890e-03
1.549706468717990809e-02
1.569897848383288580e-02
0.000000000000000000e+00
5.202784510995615841e-03
6.017973608269339657e-03
6.712936687875653216e-03
1.550711983062672862e-02
1.570182028832415796e-02
1.054639472071058209e-02
0.000000000000000000e+00
0.000000000000000000e+00
7.201352413226802009e-03
1.643510908467467682e-02
1.649976290467794135e-02
9.228335373222081028e-02
0.000000000000000000e+00
0.000000000000000000e+00
0.000000000000000000e+00
0.000000000000000000e+00
3.190712525017386225e-02
1.284149400112969720e-02
8.382589561812083586e-04
0.000000000000000000e+00
0.000000000000000000e+00
5.643036775797613362e-03
1.657640226929275179e-02
2.398582908241127937e-02
0.000000000000000000e+00
0.000000000000000000e+00
0.000000000000000000e+00
0.000000000000000000e+00
1.115379104878168673e-02
6.679703700344597796e-03
7.927939705073168419e-03
1.649591636118284341e-02
0.000000000000000000e+00
0.000000000000000000e+00
4.709034474318801212e-03
5.146556170413922604e-03
6.580971297740228869e-03
1.549028171113453999e-02
1.569805837479508470e-02
0.000000000000000000e+00
5.064309989846017129e-03
0.000000000000000000e+00
4.344298789781563842e-03
0.000000000000000000e+00
0.000000000000000000e+00
7.201352413226802009e-03
1.643510908467467682e-02
1.649976290467794135e-02
9.228335373222081028e-02
0.000000000000000000e+00
2.270404714521770048e-03
0.000000000000000000e+00
1.684144298762556627e-02
5.000143645675125814e-02
1.227154525613061847e-02
0.000000000000000000e+00
0.000000000000000000e+00
0.000000000000000000e+00
4.910651068272923157e-03
4.910651068491025603e-03
0.000000000000000000e+00
0.000000000000000000e+00
5.461561686490637967e-03
5.461561686884008199e-03
1.176257044264704225e-02
7.659034205942039791e-03
0.000000000000000000e+00
0.000000000000000000e+00
0.000000000000000000e+00
0.000000000000000000e+00
0.000000000000000000e+00
0.000000000000000000e+00
3.190712525017386225e-02
1.284149400112969720e-02
0.000000000000000000e+00
6.668399862256007248e-03
0.000000000000000000e+00
0.000000000000000000e+00
7.379779850109045164e-03
1.598956890388538582e-02
1.613197278772539670e-02
4.580845327162862829e-02
0.000000000000000000e+00
4.963078823349122495e-03
1.650445406394717221e-02
0.000000000000000000e+00
1.226022711340923887e-02
2.174734040469561772e-02
4.522828784319248875e-03
0.000000000000000000e+00
1.666810407751629503e-02
3.468903440223886775e-02
1.982944768415043340e-03
6.389723290146678315e-03
1.648437266842815371e-02
0.000000000000000000e+00
4.268826236581758395e-03
1.650906441021953233e-02
0.000000000000000000e+00
0.000000000000000000e+00
4.039148878342049484e-03
4.039148878677994298e-03
0.000000000000000000e+00
1.708466986115821790e-02
7.182722074000028045e-02
3.191059388237119793e-02
1.991245982956026464e-02
1.582173971280508712e-02
0.000000000000000000e+00
0.000000000000000000e+00
7.313552128193690112e-03
1.619485415637607686e-02
1.630556722617737195e-02
6.490904625298610231e-02
7.113642400326128899e-03
1.653003570213729123e-02
1.653862371959002181e-02
1.991245982956026464e-02
7.354759554606797763e-03
0.000000000000000000e+00
5.461561686490642303e-03
5.461561686884009066e-03
1.176257044379136300e-02
0.000000000000000000e+00
5.461561686490637967e-03
5.461561686884008199e-03
1.176257044264704225e-02
0.000000000000000000e+00
0.000000000000000000e+00
0.000000000000000000e+00
0.000000000000000000e+00
4.711772245431770749e-03
4.740371762663105580e-03
6.604205417601450093e-03
1.550266203874949705e-02
1.569902193580065622e-02
0.000000000000000000e+00
0.000000000000000000e+00
0.000000000000000000e+00
4.709034474318801212e-03
5.146556170413922604e-03
6.580971297740228869e-03
1.549028171113453999e-02
1.569805837479508470e-02
2.270404714521770048e-03
6.668399862256007248e-03
0.000000000000000000e+00
5.517434067382741628e-03
2.771358303519404730e-03
0.000000000000000000e+00
0.000000000000000000e+00
5.202784510995615841e-03
6.017973608269339657e-03
6.712936687875653216e-03
1.550711983062672862e-02
1.570182028832415796e-02
0.000000000000000000e+00
7.659034205942039791e-03
2.174734040469561772e-02
0.000000000000000000e+00
0.000000000000000000e+00
0.000000000000000000e+00
8.382589561812083586e-04
4.344298789781563842e-03
3.082327673756505605e-03
5.845053267960417104e-03
6.911687221820954526e-03
6.919372828687909982e-03
1.554294431039690734e-02
1.572064823626938973e-02
8.937483049833180523e-03
0.000000000000000000e+00
0.000000000000000000e+00
1.582173971280508712e-02
4.674598118341566008e-03
6.875020737200950374e-03
1.648764331318773591e-02
0.000000000000000000e+00
0.000000000000000000e+00
7.401576857304015961e-03
1.583727980358906259e-02
1.598591079158848821e-02
3.225089765045496132e-02
5.643036775797613362e-03
1.657640226929275179e-02
2.398582908241127937e-02
0.000000000000000000e+00
7.659034205942039791e-03
8.382589561812083586e-04
0.000000000000000000e+00
0.000000000000000000e+00
7.379779850109045164e-03
1.598956890388538582e-02
1.613197278772539670e-02
4.580845327162862829e-02
0.000000000000000000e+00
6.955552348962229601e-04
3.191059388237119793e-02
0.000000000000000000e+00
7.354759554606797763e-03
0.000000000000000000e+00
0.000000000000000000e+00
0.000000000000000000e+00
3.190712525017386225e-02
1.250617872696192529e-03
0.000000000000000000e+00
4.810402573512302833e-03
0.000000000000000000e+00
1.463422419354599296e-02
0.000000000000000000e+00
0.000000000000000000e+00
1.103237075741055236e-02
0.000000000000000000e+00
0.000000000000000000e+00
1.684144298762556627e-02
5.000143645675125814e-02
6.679703700344597796e-03
7.927939705073168419e-03
1.649591636118284341e-02
0.000000000000000000e+00
0.000000000000000000e+00
0.000000000000000000e+00
1.588220182926797924e-02
4.522828784319248875e-03
0.000000000000000000e+00
0.000000000000000000e+00
4.947019359067231226e-03
5.574208264035034922e-03
6.638696350191757890e-03
1.549706468717990809e-02
1.569897848383288580e-02
0.000000000000000000e+00
5.202784510995615841e-03
6.017973608269339657e-03
6.712936687875653216e-03
1.550711983062672862e-02
1.570182028832415796e-02
0.000000000000000000e+00
0.000000000000000000e+00
5.948889339824758350e-03
1.648466869207911717e-02
4.674598118341566008e-03
6.875020737200950374e-03
1.648764331318773591e-02
0.000000000000000000e+00
1.708466986115821790e-02
7.182722074000028045e-02
0.000000000000000000e+00
1.582173971280508712e-02
2.056180449582706640e-02
0.000000000000000000e+00
0.000000000000000000e+00
5.517434067382741628e-03
0.000000000000000000e+00
5.461561686490637967e-03
5.461561686884008199e-03
1.176257044264704225e-02
0.000000000000000000e+00
0.000000000000000000e+00
0.000000000000000000e+00
3.190712525017386225e-02
2.174734040469561772e-02
0.000000000000000000e+00
7.733811232004647422e-03
0.000000000000000000e+00
0.000000000000000000e+00
0.000000000000000000e+00
7.313552128193690112e-03
1.619485415637607686e-02
1.630556722617737195e-02
6.490904625298610231e-02
1.874771438047985114e-02
0.000000000000000000e+00
2.771358303519404730e-03
0.000000000000000000e+00
0.000000000000000000e+00
0.000000000000000000e+00
1.666810407751629503e-02
3.468903440223886775e-02
4.674598118341566008e-03
6.875020737200950374e-03
1.648764331318773591e-02
0.000000000000000000e+00
4.593703049770238300e-02
8.937483049833180523e-03
0.000000000000000000e+00
0.000000000000000000e+00
0.000000000000000000e+00
0.000000000000000000e+00
4.910651068272921423e-03
4.910651068491026471e-03
0.000000000000000000e+00
0.000000000000000000e+00
1.226022711340923887e-02
0.000000000000000000e+00
4.522828784319248875e-03
6.679703700344597796e-03
7.927939705073168419e-03
1.649591636118284341e-02
7.659034205942039791e-03
0.000000000000000000e+00
0.000000000000000000e+00
1.982944768415043340e-03
6.389723290146678315e-03
1.648437266842815371e-02
0.000000000000000000e+00
0.000000000000000000e+00
0.000000000000000000e+00
7.313552128193690112e-03
1.619485415637607686e-02
1.630556722617737195e-02
6.490904625298610231e-02
0.000000000000000000e+00
0.000000000000000000e+00
7.201352413226802009e-03
1.643510908467467682e-02
1.649976290467794135e-02
9.228335373222081028e-02
0.000000000000000000e+00
6.955552348962229601e-04
7.659034205942039791e-03
0.000000000000000000e+00
0.000000000000000000e+00
4.910651068272921423e-03
4.910651068491026471e-03
0.000000000000000000e+00
0.000000000000000000e+00
4.039148878342049484e-03
4.039148878677994298e-03
0.000000000000000000e+00
4.947019359067231226e-03
5.574208264035034922e-03
6.638696350191757890e-03
1.549706468717990809e-02
1.569897848383288580e-02
0.000000000000000000e+00
0.000000000000000000e+00
0.000000000000000000e+00
0.000000000000000000e+00
1.708466986115821790e-02
7.182722074000028045e-02
0.000000000000000000e+00
0.000000000000000000e+00
0.000000000000000000e+00
3.190712525017386225e-02
0.000000000000000000e+00
0.000000000000000000e+00
5.817119576644349394e-03
5.817119576777864121e-03
0.000000000000000000e+00
0.000000000000000000e+00
0.000000000000000000e+00
8.937483049833180523e-03
0.000000000000000000e+00
0.000000000000000000e+00
5.329469101152408371e-03
1.650345073778711202e-02
3.805748109701525932e-03
5.064309989846017129e-03
5.374584342505119711e-03
7.272707327880124743e-03
7.274472408658737635e-03
1.558605098572785758e-02
1.581044087099980205e-02
1.581148462010154715e-02
2.239743499395542223e-02
1.103237075741055236e-02
0.000000000000000000e+00
0.000000000000000000e+00
1.284149400112969720e-02
0.000000000000000000e+00
0.000000000000000000e+00
6.679703700344597796e-03
7.927939705073168419e-03
1.649591636118284341e-02
0.000000000000000000e+00
0.000000000000000000e+00
5.202784510995615841e-03
6.017973608269339657e-03
6.712936687875653216e-03
1.550711983062672862e-02
1.570182028832415796e-02
0.000000000000000000e+00
0.000000000000000000e+00
3.191059388237119793e-02
0.000000000000000000e+00
5.461561686490642303e-03
5.461561686884009066e-03
1.176257044379136300e-02
0.000000000000000000e+00
0.000000000000000000e+00
5.817119576644349394e-03
5.817119576777864121e-03
0.000000000000000000e+00
0.000000000000000000e+00
4.947019359067231226e-03
5.574208264035034922e-03
6.638696350191757890e-03
1.549706468717990809e-02
1.569897848383288580e-02
0.000000000000000000e+00
0.000000000000000000e+00
0.000000000000000000e+00
7.313552128193690112e-03
1.619485415637607686e-02
1.630556722617737195e-02
6.490904625298610231e-02
7.354759554606797763e-03
0.000000000000000000e+00
2.771358303519404730e-03
1.568156154231533511e-02
0.000000000000000000e+00
6.668399862256007248e-03
0.000000000000000000e+00
2.174734040469561772e-02
1.712581582729369011e-03
6.323767487284890493e-03
1.582173971280508712e-02
0.000000000000000000e+00
1.115379104878168673e-02
0.000000000000000000e+00
1.226022711340923887e-02
3.805748109701525932e-03
0.000000000000000000e+00
7.733811232004647422e-03
1.103237075741055236e-02
0.000000000000000000e+00
0.000000000000000000e+00
2.219851720305133017e-02
0.000000000000000000e+00
4.268826236581758395e-03
1.650906441021953233e-02
2.749254673978540533e-03
0.000000000000000000e+00
0.000000000000000000e+00
7.401576857304015961e-03
1.583727980358906259e-02
1.598591079158848821e-02
3.225089765045496132e-02
5.635466872133802242e-03
7.128282359893363916e-03
7.526025255832026993e-03
1.074981064257192649e-02
1.561132236384787410e-02
1.576746527568312697e-02
0.000000000000000000e+00
0.000000000000000000e+00
0.000000000000000000e+00
4.947019359067231226e-03
5.574208264035034922e-03
6.638696350191757890e-03
1.549706468717990809e-02
1.569897848383288580e-02
0.000000000000000000e+00
0.000000000000000000e+00
6.679703700344597796e-03
7.927939705073168419e-03
1.649591636118284341e-02
0.000000000000000000e+00
0.000000000000000000e+00
4.039148878342047749e-03
4.039148878677993430e-03
0.000000000000000000e+00
4.522828784319248875e-03
0.000000000000000000e+00
0.000000000000000000e+00
4.910651068272923157e-03
4.910651068491025603e-03
0.000000000000000000e+00
0.000000000000000000e+00
1.032592656550984922e-01
0.000000000000000000e+00
3.082327673756505605e-03
5.845053267960417104e-03
6.911687221820954526e-03
6.919372828687909982e-03
1.554294431039690734e-02
1.572064823626938973e-02
0.000000000000000000e+00
5.461561686490637967e-03
5.461561686884008199e-03
1.176257044264704225e-02
0.000000000000000000e+00
2.270404714521770048e-03
3.238629142363370038e-03
0.000000000000000000e+00
0.000000000000000000e+00
0.000000000000000000e+00
0.000000000000000000e+00
6.955552348962229601e-04
0.000000000000000000e+00
1.684144298762556627e-02
5.000143645675125814e-02
0.000000000000000000e+00
1.712581582729369011e-03
0.000000000000000000e+00
0.000000000000000000e+00
2.771358303519404730e-03
0.000000000000000000e+00
4.963078823349122495e-03
1.650445406394717221e-02
0.000000000000000000e+00
1.582173971280508712e-02
0.000000000000000000e+00
5.643036775797613362e-03
1.657640226929275179e-02
2.398582908241127937e-02
4.593703049770238300e-02
0.000000000000000000e+00
0.000000000000000000e+00
0.000000000000000000e+00
5.202784510995615841e-03
6.017973608269339657e-03
6.712936687875653216e-03
1.550711983062672862e-02
1.570182028832415796e-02
1.103237075741055236e-02
0.000000000000000000e+00
0.000000000000000000e+00
0.000000000000000000e+00
4.522828784319248875e-03
1.582173971280508712e-02
0.000000000000000000e+00
0.000000000000000000e+00
1.708466986115821790e-02
7.182722074000028045e-02
1.991245982956026464e-02
0.000000000000000000e+00
5.064309989846017129e-03
2.056180449582706640e-02
0.000000000000000000e+00
0.000000000000000000e+00
4.910651068272921423e-03
4.910651068491026471e-03
0.000000000000000000e+00
0.000000000000000000e+00
4.039148878342049484e-03
4.039148878677994298e-03
2.749254673978540533e-03
0.000000000000000000e+00
0.000000000000000000e+00
5.329469101152408371e-03
1.650345073778711202e-02
0.000000000000000000e+00
0.000000000000000000e+00
3.082327673756505605e-03
5.845053267960417104e-03
6.911687221820954526e-03
6.919372828687909982e-03
1.554294431039690734e-02
1.572064823626938973e-02
0.000000000000000000e+00
6.668399862256007248e-03
0.000000000000000000e+00
5.461561686490642303e-03
5.461561686884009066e-03
1.176257044379136300e-02
0.000000000000000000e+00
4.379640368808499981e-03
1.648911694083099455e-02
0.000000000000000000e+00
0.000000000000000000e+00
0.000000000000000000e+00
4.268826236581758395e-03
1.650906441021953233e-02
0.000000000000000000e+00
4.711772245431770749e-03
4.740371762663105580e-03
6.604205417601450093e-03
1.550266203874949705e-02
1.569902193580065622e-02
0.000000000000000000e+00
4.266483305638651274e-03
4.356760964570008388e-03
6.508021134375520378e-03
1.548487016066439279e-02
1.570139438309801211e-02
0.000000000000000000e+00
5.493702152921722641e-03
6.469313890653929054e-03
6.804522948347601317e-03
1.552255859990901363e-02
1.570899321115837993e-02
0.000000000000000000e+00
0.000000000000000000e+00
1.463422419354599296e-02
8.937483049833180523e-03
0.000000000000000000e+00
