0.000000000000000000e+00
0.000000000000000000e+00
6.194422717689623131e-02
0.000000000000000000e+00
5.378533064246977975e-03
1.649236851378239194e-02
4.694938167760122696e-03
0.000000000000000000e+00
4.370363764934569184e-03
4.949550470000158194e-03
5.406058675588126285e-03
1.550532242605810566e-02
1.551566410730767856e-02
0.000000000000000000e+00
1.615892445127505017e-04
1.660427223993141480e-02
1.151916519435464484e-03
0.000000000000000000e+00
1.598536205906692792e-02
1.108694614536244044e-01
0.000000000000000000e+00
1.004351291627243736e-02
5.820129898763275016e-03
7.072286175106801999e-03
7.562413064108545330e-03
8.542806361832775558e-03
1.507382293227818928e-02
1.535650287810945772e-02
5.843261734820718797e-03
9.200649726148235272e-03
1.640911956691870274e-02
6.307298240713471102e-03
7.111233953878720593e-03
9.550362830117811036e-03
1.295792166866746933e-02
1.484064075926577221e-02
1.507180578987598642e-02
1.047577439981553851e-02
0.000000000000000000e+00
0.000000000000000000e+00
0.000000000000000000e+00
0.000000000000000000e+00
1.849059688617737604e-02
0.000000000000000000e+00
0.000000000000000000e+00
5.461561685596215410e-03
5.461561687982366582e-03
1.176257044255038867e-02
0.000000000000000000e+00
0.000000000000000000e+00
0.000000000000000000e+00
0.000000000000000000e+00
4.134423430360117252e-03
1.562378386671761134e-02
1.607606109181333731e-02
1.983278336483762852e-02
3.736923122418883692e-02
0.000000000000000000e+00
4.808595139614715332e-03
5.299136637343053848e-04
3.987882381452660142e-03
6.015904444772510358e-03
1.539699341912260586e-02
1.612661043542465075e-02
1.883044280479607632e-02
6.019569504080708386e-03
0.000000000000000000e+00
3.524659291497148073e-02
1.480296391783133365e-03
5.124883011714142893e-03
7.929771625426906834e-03
9.702241290581208738e-03
0.000000000000000000e+00
0.000000000000000000e+00
1.310749071347024801e-03
0.000000000000000000e+00
0.000000000000000000e+00
0.000000000000000000e+00
0.000000000000000000e+00
4.088223732560105662e-03
2.791253577075881055e-03
1.135632690067051899e-02
1.619506647250767983e-02
0.000000000000000000e+00
0.000000000000000000e+00
5.917151736219040947e-02
1.142443162419851371e-03
0.000000000000000000e+00
3.388266123506121150e-03
1.680554473369504087e-02
4.036461163524882739e-03
7.202981164447938567e-03
7.550990010281296259e-03
8.582214580303847845e-03
1.453181896108505025e-02
1.469534497050337465e-02
0.000000000000000000e+00
5.474830554766212977e-03
1.636790332311885768e-02
0.000000000000000000e+00
0.000000000000000000e+00
2.430018142935514922e-03
4.805481034688581336e-03
5.817119576659491795e-03
0.000000000000000000e+00
5.690550059832240673e-03
6.427671419830266290e-03
7.643256735133428272e-03
1.468646573064873173e-02
1.489094783923359221e-02
3.939459984902055067e-03
6.080212565414949005e-03
7.100155371693416852e-03
8.433341066093228561e-03
1.447781169379318278e-02
1.466821243373511892e-02
9.142314411042953490e-03
0.000000000000000000e+00
0.000000000000000000e+00
0.000000000000000000e+00
0.000000000000000000e+00
8.235437720914583204e-03
8.814735054073831455e-02
0.000000000000000000e+00
0.000000000000000000e+00
0.000000000000000000e+00
1.083977724732846162e-02
2.700756460226745592e-02
1.266542477017119916e-02
2.916293863780396959e-03
0.000000000000000000e+00
0.000000000000000000e+00
2.857252390840097495e-03
1.617640402192467922e-02
1.993694884070342649e-02
2.563145008963108214e-03
0.000000000000000000e+00
0.000000000000000000e+00
0.000000000000000000e+00
1.158328620168246406e-02
2.019814904322720858e-03
7.391908684917299945e-03
1.611683307766880943e-02
0.000000000000000000e+00
0.000000000000000000e+00
5.140096767915951562e-03
5.922653861285774417e-03
6.535665239755190058e-03
1.512668779325164990e-02
1.524248624516948668e-02
0.000000000000000000e+00
5.612599959617645129e-03
0.000000000000000000e+00
5.074042099352832347e-03
0.000000000000000000e+00
0.000000000000000000e+00
0.000000000000000000e+00
0.000000000000000000e+00
0.000000000000000000e+00
8.713881244690421801e-02
3.247170992519901513e-03
2.223708636673788798e-03
0.000000000000000000e+00
8.904575740393496155e-03
2.590986699634514889e-02
1.189280864996545076e-02
0.000000000000000000e+00
0.000000000000000000e+00
0.000000000000000000e+00
0.000000000000000000e+00
4.910651068298163384e-03
0.000000000000000000e+00
0.000000000000000000e+00
5.461561686844142519e-03
7.512391856898217521e-03
1.057127226823112096e-02
6.167026246678590680e-03
0.000000000000000000e+00
0.000000000000000000e+00
0.000000000000000000e+00
0.000000000000000000e+00
0.000000000000000000e+00
1.083977724732846683e-02
2.700756460226745939e-02
1.267687339104704713e-02
2.869203450008865532e-03
7.677804318659791141e-03
0.000000000000000000e+00
5.547940755693340706e-03
1.421965732374653839e-02
1.507197366888983307e-02
2.419140413091563566e-02
3.128883833870529235e-02
0.000000000000000000e+00
4.065445393729333855e-03
1.657798732002606010e-02
0.000000000000000000e+00
9.573495108588148464e-03
2.046370614962880752e-02
4.568729521879088228e-03
0.000000000000000000e+00
1.661470838235730094e-02
2.252683757350222582e-02
1.821682738591873241e-03
5.496414351160370561e-03
1.759520532212713664e-02
0.000000000000000000e+00
8.943591563259657966e-04
1.681888286716298753e-02
0.000000000000000000e+00
0.000000000000000000e+00
0.000000000000000000e+00
4.039148878384531995e-03
0.000000000000000000e+00
0.000000000000000000e+00
5.078335069895414250e-02
2.923115687055751616e-02
1.302104367273448395e-02
1.560401904291775985e-02
0.000000000000000000e+00
7.129093823613166792e-03
1.119465245208402238e-02
1.572632499488848395e-02
2.273388384054349926e-02
4.937541679315893967e-02
2.522139020259233158e-03
1.218010134515471257e-02
1.633360977886496451e-02
1.299625476203543871e-02
8.154010834663738896e-03
0.000000000000000000e+00
5.328095436007912640e-03
5.442108044435086875e-03
1.100774941521694833e-02
0.000000000000000000e+00
5.325908192422783294e-03
5.444248147460395079e-03
1.100776306501580724e-02
0.000000000000000000e+00
0.000000000000000000e+00
3.639420758373308144e-03
0.000000000000000000e+00
4.405874704792000530e-03
5.056292869659430832e-03
5.525638832139774005e-03
1.539605047149137512e-02
1.547393114464863488e-02
0.000000000000000000e+00
0.000000000000000000e+00
0.000000000000000000e+00
4.870617714693691210e-03
5.203706046186568242e-03
6.846172727847234935e-03
1.517611224027579954e-02
1.534290916893907113e-02
2.521979223149680305e-03
6.845497469004933715e-03
2.274417157332920061e-03
4.255076076905004064e-03
3.750493315790550970e-03
0.000000000000000000e+00
0.000000000000000000e+00
5.338034214974725702e-03
5.978009220986668475e-03
7.287142602772092581e-03
1.512780744933563126e-02
1.536443659804507915e-02
0.000000000000000000e+00
6.308007710540604676e-03
2.052406155898334542e-02
0.000000000000000000e+00
0.000000000000000000e+00
0.000000000000000000e+00
3.409695607574395656e-03
6.060082621677623065e-03
5.168362032100487329e-03
7.144439872988457389e-03
7.528526608684865326e-03
7.824115922034007714e-03
1.508280643763442591e-02
1.537630723428008196e-02
9.828735093102031195e-03
0.000000000000000000e+00
2.686045955927536966e-03
1.518504236980973421e-02
5.873070946643181578e-03
6.519365812411402963e-03
1.639020992648338934e-02
0.000000000000000000e+00
4.347580437113920775e-03
1.540372769832954424e-02
1.598558208804126343e-02
2.154385449031081395e-02
2.340248620985569544e-02
4.639227852945436610e-03
1.628699763176055110e-02
1.952664932776059653e-02
0.000000000000000000e+00
6.232059722964470271e-03
2.080954009208382197e-03
0.000000000000000000e+00
5.071846892173714760e-03
1.422971183311066284e-02
1.588973899016047145e-02
2.107502381938209865e-02
3.365371395537574556e-02
0.000000000000000000e+00
0.000000000000000000e+00
3.292607828414104848e-02
0.000000000000000000e+00
6.547954996404425909e-03
0.000000000000000000e+00
0.000000000000000000e+00
0.000000000000000000e+00
3.190712524979640724e-02
5.572184507586655858e-04
0.000000000000000000e+00
6.270807226767475227e-03
0.000000000000000000e+00
1.333715618375193833e-02
3.661989352523715665e-04
0.000000000000000000e+00
9.381074862385407540e-03
0.000000000000000000e+00
6.149110097663823375e-03
1.742318783425863063e-02
3.401414327051049263e-02
5.639661717566485204e-03
9.061037435877210278e-03
1.614838822510661701e-02
0.000000000000000000e+00
8.946373490272812451e-04
0.000000000000000000e+00
1.837842796149262437e-02
4.841974475907916131e-03
0.000000000000000000e+00
0.000000000000000000e+00
5.036488836528660133e-03
5.556316548568624933e-03
7.323301399726343114e-03
1.508609765027546859e-02
1.538303994958255261e-02
0.000000000000000000e+00
5.097022022558738395e-03
6.023714800608087963e-03
7.648367976453723967e-03
1.505799822729257144e-02
1.526454585742045844e-02
0.000000000000000000e+00
0.000000000000000000e+00
5.649367439466229657e-03
1.646257709960357793e-02
2.030312843117946815e-03
6.123209298561516772e-03
1.609152483117518018e-02
0.000000000000000000e+00
1.731921434129980730e-02
5.968341055005960127e-02
0.000000000000000000e+00
1.446140256621475211e-02
1.905498490109826595e-02
0.000000000000000000e+00
0.000000000000000000e+00
3.853118406797895277e-03
0.000000000000000000e+00
5.461561686844148590e-03
7.512391856898220123e-03
1.057127226823112096e-02
0.000000000000000000e+00
0.000000000000000000e+00
0.000000000000000000e+00
3.190712524979642112e-02
2.116348111260439938e-02
0.000000000000000000e+00
7.814366022505356627e-03
0.000000000000000000e+00
0.000000000000000000e+00
0.000000000000000000e+00
1.462322293677063671e-02
1.546740862601684793e-02
2.224181127859542820e-02
5.293728397942285696e-02
1.643221221274844199e-02
0.000000000000000000e+00
3.164076249937746322e-03
0.000000000000000000e+00
0.000000000000000000e+00
5.270296951546307729e-03
1.775798262602195504e-02
2.592187150047655861e-02
2.591847687953463281e-03
6.439744413805578195e-03
1.599534535150885436e-02
0.000000000000000000e+00
3.550217356344539943e-02
9.383165026628503824e-03
0.000000000000000000e+00
0.000000000000000000e+00
0.000000000000000000e+00
0.000000000000000000e+00
4.910651062551022773e-03
4.910651074098756029e-03
0.000000000000000000e+00
1.951214534744766423e-03
1.160161599644708719e-02
0.000000000000000000e+00
4.739371005375345169e-03
6.041936869143146698e-03
8.919129325446082876e-03
1.633056195035745284e-02
5.543260451760916377e-03
2.241454612309434422e-03
0.000000000000000000e+00
2.058439437973771848e-03
5.406118542380467483e-03
1.691718781656631129e-02
0.000000000000000000e+00
0.000000000000000000e+00
5.253589193306432842e-03
1.266048565648785103e-02
1.633972000808494099e-02
2.485156573992861745e-02
5.105608105260753260e-02
0.000000000000000000e+00
0.000000000000000000e+00
0.000000000000000000e+00
0.000000000000000000e+00
0.000000000000000000e+00
8.708870720765317375e-02
0.000000000000000000e+00
0.000000000000000000e+00
6.279534295514668969e-03
0.000000000000000000e+00
0.000000000000000000e+00
4.910651056932326293e-03
4.910651079715627580e-03
0.000000000000000000e+00
0.000000000000000000e+00
0.000000000000000000e+00
4.039148878384339440e-03
0.000000000000000000e+00
5.103996571222864549e-03
5.485722706410440727e-03
7.285930492754446111e-03
1.501652344994757957e-02
1.529640768984336964e-02
0.000000000000000000e+00
0.000000000000000000e+00
0.000000000000000000e+00
0.000000000000000000e+00
4.325816146501081788e-03
5.829926095161944155e-02
0.000000000000000000e+00
0.000000000000000000e+00
0.000000000000000000e+00
3.190712524979642112e-02
0.000000000000000000e+00
0.000000000000000000e+00
5.817119573722580664e-03
5.817119579628025200e-03
0.000000000000000000e+00
0.000000000000000000e+00
0.000000000000000000e+00
9.808301717763867611e-03
0.000000000000000000e+00
0.000000000000000000e+00
4.736241193069879937e-03
1.653334529373493705e-02
3.077248292636719854e-03
5.345311061556700868e-03
6.322723952987017136e-03
6.920595857277375695e-03
9.764187932630043198e-03
1.340078738889296725e-02
1.506414845755748265e-02
1.525711487518527712e-02
2.521565640510565337e-02
1.053042321693974798e-02
0.000000000000000000e+00
0.000000000000000000e+00
1.299094577477624690e-02
0.000000000000000000e+00
0.000000000000000000e+00
5.928118470505600208e-03
8.821594154402499777e-03
1.646910695008413361e-02
0.000000000000000000e+00
0.000000000000000000e+00
5.157989164721028461e-03
5.734465962345010326e-03
7.532623238993074906e-03
1.491110120620746382e-02
1.513592181468341631e-02
0.000000000000000000e+00
0.000000000000000000e+00
3.032774539672801820e-02
0.000000000000000000e+00
5.461561685974917688e-03
5.461561687603642620e-03
1.176257044255039907e-02
0.000000000000000000e+00
0.000000000000000000e+00
5.817119575207390335e-03
5.817119578143225070e-03
0.000000000000000000e+00
0.000000000000000000e+00
4.977164177652106634e-03
5.639180559234830900e-03
6.763204360971118538e-03
1.533652233449902570e-02
1.560827129452480554e-02
0.000000000000000000e+00
0.000000000000000000e+00
3.606866907007820217e-03
1.395793813828458824e-02
1.529681899795028166e-02
2.402667037223256072e-02
5.415869596585193985e-02
4.984120414073182730e-03
0.000000000000000000e+00
3.412025728399203321e-03
1.182023468077693894e-02
0.000000000000000000e+00
9.965882217586860548e-03
0.000000000000000000e+00
1.643319819718659300e-02
1.368791377278635911e-03
7.578574314093836257e-03
9.031727749774658837e-03
0.000000000000000000e+00
9.032893116427668026e-03
8.201465758527602288e-04
1.361071153171027233e-02
2.913313783660497012e-03
0.000000000000000000e+00
6.546546510903247969e-03
6.255059447868615771e-03
0.000000000000000000e+00
0.000000000000000000e+00
1.538608920499017450e-02
0.000000000000000000e+00
3.430898772076206287e-03
1.686216816313707706e-02
7.327843271700260064e-03
0.000000000000000000e+00
0.000000000000000000e+00
1.449023488353025184e-02
1.609875377496792354e-02
2.118264139530838530e-02
2.297173902310428381e-02
6.581558477707397450e-03
6.887620210535080369e-03
7.718891013211716737e-03
1.141896211651593010e-02
1.541164363674201766e-02
1.556767234664840384e-02
0.000000000000000000e+00
0.000000000000000000e+00
0.000000000000000000e+00
5.260914870865449414e-03
5.695353926511391267e-03
7.224834994876289281e-03
1.507063381492386445e-02
1.531364522122586475e-02
0.000000000000000000e+00
0.000000000000000000e+00
6.148645978730661946e-03
8.676400567206813547e-03
1.645945675200271088e-02
0.000000000000000000e+00
0.000000000000000000e+00
4.039148868978110173e-03
4.039148887891990183e-03
3.249122700024937443e-03
5.536326720047014469e-03
0.000000000000000000e+00
0.000000000000000000e+00
0.000000000000000000e+00
4.910651068298418388e-03
0.000000000000000000e+00
0.000000000000000000e+00
1.125256844684411756e-01
0.000000000000000000e+00
5.234904232247866197e-03
6.969832941721231835e-03
7.296105528847619988e-03
7.762443937064280285e-03
1.502895318641820493e-02
1.532875664248320967e-02
0.000000000000000000e+00
5.461561686844144253e-03
7.512391856898220990e-03
1.057127226823112096e-02
0.000000000000000000e+00
2.321980070264966986e-03
4.520522005877458151e-03
9.001064582862667012e-04
0.000000000000000000e+00
0.000000000000000000e+00
0.000000000000000000e+00
3.911313219040492262e-04
0.000000000000000000e+00
5.492020899123765260e-03
3.921746021462378662e-02
0.000000000000000000e+00
9.894168947167704137e-04
0.000000000000000000e+00
0.000000000000000000e+00
4.189623307608622560e-03
0.000000000000000000e+00
3.439766235171873646e-03
1.663784002127436865e-02
0.000000000000000000e+00
1.501177028953525061e-02
0.000000000000000000e+00
3.900986902791749294e-03
1.639260912603588902e-02
2.063997244572191372e-02
3.393804889117008061e-02
0.000000000000000000e+00
0.000000000000000000e+00
0.000000000000000000e+00
5.433843465116165034e-03
6.142868331577010753e-03
7.647081188394450231e-03
1.502802556935930317e-02
1.518446359587346216e-02
9.063056574384232775e-03
0.000000000000000000e+00
0.000000000000000000e+00
0.000000000000000000e+00
5.089379175114482588e-03
1.429653467374821137e-02
0.000000000000000000e+00
0.000000000000000000e+00
0.000000000000000000e+00
6.122121251213708676e-02
1.296441436863626610e-02
5.391800128145881471e-03
5.558306643008928925e-03
1.879345980163674851e-02
0.000000000000000000e+00
0.000000000000000000e+00
4.910651056974260631e-03
4.910651079675068011e-03
0.000000000000000000e+00
0.000000000000000000e+00
0.000000000000000000e+00
4.039148878384312552e-03
7.891954354740566419e-03
8.899310052500970705e-04
0.000000000000000000e+00
4.755934439615388219e-03
1.654742480335445048e-02
0.000000000000000000e+00
0.000000000000000000e+00
5.841942268702448454e-03
7.247165175129278124e-03
8.444543851597447609e-03
8.775779775421677434e-03
1.471192708443282149e-02
1.492444729751277351e-02
0.000000000000000000e+00
9.790231611654221996e-03
0.000000000000000000e+00
5.461561685884329560e-03
5.461561687694247227e-03
1.176257044255039040e-02
0.000000000000000000e+00
4.248979066089395192e-03
1.677699617698629950e-02
0.000000000000000000e+00
0.000000000000000000e+00
0.000000000000000000e+00
4.913626386887338937e-03
1.674819632837668687e-02
0.000000000000000000e+00
4.281613373337103505e-03
4.998262945103367806e-03
5.814570156091989836e-03
1.538685265928796571e-02
1.548311907366561879e-02
0.000000000000000000e+00
3.950314700716248822e-03
4.542095551945258061e-03
5.518362190654039177e-03
1.537835864378723355e-02
1.559417513566396969e-02
4.334814097596643642e-03
7.022156922596506021e-03
7.390332971852121673e-03
8.362184862677361774e-03
1.480267259882251871e-02
1.491924986862408660e-02
0.000000000000000000e+00
0.000000000000000000e+00
1.261297707349006737e-02
9.452080593875150302e-03
0.000000000000000000e+00
