-1.181037251055107410e-04
-8.639622338386278972e-05
3.837087280542929475e-03
-6.298007236549502545e-06
2.892861792319798993e-05
2.719982191944008776e-04
2.204244439909077555e-05
-2.011030960089918356e-05
1.910007943785306143e-05
2.449804985507878679e-05
2.922547040390164821e-05
2.404150235360204171e-04
2.407358326907957694e-04
-2.102267935528913563e-05
2.611108394220146441e-08
2.757018566177569748e-04
1.326911667748314672e-06
-5.011247819000371568e-04
2.555318001594564107e-04
1.229203748301670694e-02
-4.257513554615602516e-06
1.008721516993312846e-04
3.387391203847821367e-05
5.001723174260679962e-05
5.719009135219960143e-05
7.297954053577052893e-05
2.272201377936758392e-04
2.358221806453840474e-04
3.414370770162003196e-05
8.465195538327158578e-05
2.692592049614342636e-04
3.978201109730724970e-05
5.056964834679757821e-05
9.120943018689587158e-05
1.679077339713219155e-04
2.202446181455805399e-04
2.271593297677392909e-04
1.097418492758306017e-04
-8.814687650100002144e-07
-7.351476061784896437e-06
-4.976353132923438854e-06
-1.783194625521953831e-05
3.419021732071124919e-04
-6.170979312724597933e-06
-7.654028638362622029e-07
2.982865604557257571e-05
2.982865607163679933e-05
1.383580634159600569e-04
-6.257594523198259663e-06
-4.647641319930479926e-06
-1.762285856708360302e-06
-9.589571209327380809e-05
1.709345710151071601e-05
2.441026223139055413e-04
2.584397402277146378e-04
3.933392959965801476e-04
1.396459442286889690e-03
-1.263900757615845783e-05
2.312258721672626354e-05
2.808084910123144991e-07
1.590320588830053896e-05
3.619110628863364900e-05
2.370674063485048242e-04
2.600675641359472142e-04
3.545855762246963565e-04
3.623521701445846086e-05
-1.070370147317263659e-05
1.242322312113717814e-03
2.191277407526164144e-06
2.626442588375622046e-05
6.288127803142567823e-05
9.413348606065891360e-05
-2.685260382892627045e-06
-3.430712784241927149e-07
1.718063128037087746e-06
-1.924069411124645503e-05
-2.057040549087410817e-05
-5.334116454307975320e-06
-1.843681881597268815e-05
1.671357328746767964e-05
7.440075745947987977e-06
1.294651916598097351e-04
2.622229671071251746e-04
-2.560275345720746287e-04
-1.504421074884404919e-04
3.502596133716038857e-03
1.305176379359871039e-06
-2.610970813570583895e-05
6.819845390430778959e-07
2.767881473707842297e-04
1.501175853057160167e-05
5.363497148089753949e-05
5.702632830034432693e-05
7.363666842765683677e-05
2.112613212077039037e-04
2.159577001021372529e-04
-4.586227150260329480e-06
2.915063632918411872e-05
2.682371228417841625e-04
-9.180716244074911690e-07
-2.280025030438441763e-06
5.904988174995768424e-06
2.309264797475163962e-05
3.383888016915510621e-05
3.114767035459686323e-05
3.953606703001154846e-05
4.139285726716387189e-05
5.867348699639140012e-05
2.158973648436096388e-04
2.217832871385006129e-04
3.167460862015039353e-05
4.901817347547360727e-05
5.122849362404940297e-05
7.117412640782605352e-05
2.095483338853926345e-04
2.152763766093456822e-04
8.358191279036367800e-05
-1.243208813033462156e-03
-6.239677816077019660e-04
-4.263883537705418164e-04
-1.090000006780211632e-04
9.022179901566106455e-05
8.220492379301997179e-03
-1.710797840264469344e-05
-1.711553515166293728e-04
-3.751961771927364579e-08
1.175007707716998117e-04
7.294085457456500263e-04
1.604129846088661951e-04
8.504769899923196084e-06
-1.710309286376481129e-06
-6.830868457391139839e-06
8.017030486488699377e-06
2.616678808098651899e-04
3.986309736502950695e-04
6.569712336972491054e-06
-4.887337999023523033e-06
-1.450659240447952624e-06
-5.221695014826581586e-06
1.341725192300873676e-04
4.224428067184271183e-06
5.647210115001107352e-05
2.599657294469747424e-04
-7.210666501895782850e-06
-1.019173347963639213e-05
2.604759668771239263e-05
3.505890976906469135e-05
4.272901777551524181e-05
2.287327330222862262e-04
2.322722347907475282e-04
-1.303525673463602255e-06
3.150127830669999408e-05
-1.328780106787795539e-05
2.574590322600490253e-05
-1.368262670213531455e-03
-1.132062216508497848e-03
-5.269273141706869211e-04
-1.599927014100477416e-04
-8.004126842568845719e-05
7.916058169527217039e-03
1.054411945466268304e-05
4.944880100817600350e-06
-8.907203870804421991e-05
7.253863302669166899e-05
6.796423747552053250e-04
1.414388975846930373e-04
-5.882462504468189354e-06
-2.217229226593769224e-05
-1.119407254774855155e-05
-4.846215617513217769e-06
2.411449391457789400e-05
-4.889997015397860327e-06
-5.053962234491175379e-07
2.982865605920383289e-05
5.643603141159065414e-05
1.117517973690723346e-04
3.803221272722262817e-05
-3.284316238725512389e-06
-3.408134666237622597e-06
-1.628311465983281966e-05
-1.711553515166295354e-04
-3.751961771929243934e-08
1.175007707716999202e-04
7.294085457456502431e-04
1.607031189726366700e-04
8.232328437542777515e-06
5.894867915563094311e-05
-2.706962147173718782e-04
-6.223146165237924184e-06
1.382891658774125987e-04
2.265032054665951501e-04
6.090660185631170936e-04
9.405331474850841655e-04
-2.353374811891492427e-05
1.640091834938540034e-05
2.751975111199262509e-04
-2.204872478041744919e-06
9.165180859416121261e-05
4.187632693783558324e-04
2.087328944408952031e-05
-4.719543087757172494e-05
2.751737786980443761e-05
4.749788429910844676e-04
2.939832305485080924e-06
2.901931381483227558e-05
3.097275649968119610e-04
-2.349112114399721062e-05
6.329585087456002874e-07
2.831847077795592634e-04
-4.119928959589496320e-05
-9.709126866222098578e-06
-4.309451765087807918e-06
1.631472366175502485e-05
-4.872405938655206196e-04
-1.662585814752834163e-04
2.636517755216602910e-03
8.544605319911418142e-04
1.695475783272587576e-04
2.434854102917400807e-04
-4.610162970085303108e-04
3.626578459432929077e-05
6.949982564330474876e-05
2.416836755937522437e-04
3.718808014842033840e-04
2.499533944252280496e-03
6.360301309158560644e-06
1.483504519379751628e-04
2.667260782512149227e-04
1.689026378397288323e-04
6.648789269181363344e-05
-1.462749258252484164e-06
2.838860097520834577e-05
2.961653996730508341e-05
1.211705471882090573e-04
-1.459650452391471758e-06
2.836529807411611691e-05
2.963983789112594350e-05
1.211708476955262076e-04
-1.265028781999590004e-06
-5.836034010346645721e-06
1.324538345647854437e-05
-1.807439861917623482e-05
1.909423855081985542e-05
2.553987945276748093e-05
3.058126719193540375e-05
2.370206020942745612e-04
2.394699475384081083e-04
-5.376687860162400064e-06
-1.031673856886125885e-05
-1.614017099695027048e-05
2.325486897284301420e-05
2.705289967460414126e-05
4.706458059663571209e-05
2.304155886619720409e-04
2.353962691721083161e-04
6.360379201998665776e-06
4.686083559815295560e-05
5.172973405570360906e-06
1.810567242024927972e-05
1.406620011178960007e-05
-1.809292239605156350e-05
-4.678973804180838845e-06
2.678985839595307035e-05
3.572150374010018929e-05
5.556898502545519849e-05
2.312825687984412890e-04
2.360754686690277459e-04
-5.203540085698031233e-06
3.979096127623971667e-05
4.212371028769379042e-04
-9.371879048745143588e-06
-1.558264178396056432e-05
-2.155222535956854404e-05
1.162602413631212703e-05
3.672460138155913037e-05
2.969538381058830148e-05
5.105446078255958546e-05
5.591714913201987759e-05
6.075068000908388582e-05
2.276387015371884534e-04
2.364276746643856016e-04
9.660403353037540144e-05
-4.707307576579036141e-06
7.214842877354675927e-06
2.305855117729168529e-04
3.561370612076001410e-05
4.264844254565396733e-05
2.686232128699805465e-04
-2.193189523357787213e-05
2.877030094281816171e-05
2.381940728676918101e-04
2.557682968463645141e-04
4.825799677885849641e-04
5.250753582909623929e-04
2.014818886964872202e-05
2.653180285954483933e-04
3.825815470462194147e-04
-4.753139370059597822e-06
3.883856839059599290e-05
4.330369588440440488e-06
-2.788791088250812140e-04
-7.785094501025553618e-05
2.538951619174333128e-05
2.519834728081571038e-04
2.856438419984118869e-04
1.293393583102831531e-03
-1.852700117834482337e-05
-1.181124086813243033e-06
1.084126631173384751e-03
-1.229104853493731842e-06
4.287571463493768461e-05
-1.711553515474722141e-04
-1.711553514988603834e-04
-5.634950139743338583e-08
1.018064641706195291e-03
3.104924018658873686e-07
-9.191764704917690422e-06
3.932302327527919486e-05
-1.108531551208207742e-06
1.778797350697925599e-04
1.341016601799706284e-07
-1.260472099092229257e-05
8.800456557367940821e-05
-5.471915252936150899e-06
2.062941939765474647e-05
2.987095120967006318e-04
1.164325713782217919e-03
3.013371569993327900e-05
8.201951505867449135e-05
2.605140090760036677e-04
-9.627679728836784168e-06
8.003759862745615164e-07
-6.197926916278391992e-06
3.377666143357739071e-04
2.344471682534374007e-05
-1.271608870727584211e-05
-6.493053101114868418e-06
2.511656324151407887e-05
3.078665907468211809e-05
5.370170305517523427e-05
2.276817847106062315e-04
2.362351386149080757e-04
-2.613983772034780532e-07
2.521389219262551155e-05
3.629241357982499340e-05
5.881605022757501594e-05
2.270907312321099607e-04
2.330226534176286991e-04
-1.343648656460335765e-06
-4.902677558706972443e-06
3.036893195872276727e-05
2.715176980339196566e-04
3.496174953729925823e-05
4.547568057729397802e-05
2.599464022640656392e-04
-2.309327042878804473e-04
2.633036735046926594e-04
3.549554271066407505e-03
-6.316972693352755957e-06
2.091321641821225984e-04
3.630924495810828917e-04
-1.028594407941679694e-06
-5.576505743142545554e-06
1.484652145680475158e-05
-5.053962234504578616e-07
2.982865605920390404e-05
5.643603141159068802e-05
1.117517973690723481e-04
-1.711553515331820500e-04
-1.711553515131516859e-04
-5.634950904979584670e-08
1.018064641706196375e-03
4.478929328035630977e-04
-5.606108144472604040e-06
6.106431633368619813e-05
-6.353970023177058536e-06
-1.968663179931101647e-04
-1.541530118413902267e-04
1.702257617708552754e-04
2.352031952983920868e-04
3.067330163680628352e-04
3.118965859491630663e-03
2.700175982047990642e-04
-1.197421500208290891e-05
1.001137851542011275e-05
-1.665021176327367958e-06
-1.421927786570897677e-05
3.440281920379661566e-05
3.157768748229445883e-04
6.742370276305113255e-04
6.436163379354598198e-06
4.458444380425196653e-05
2.561650865094542611e-04
-4.975585256783088038e-06
1.260404327729001180e-03
8.804378591694428662e-05
-9.199832694420560122e-06
-1.795393118415891418e-05
-3.272820086672207512e-05
-5.484379641610225941e-06
2.411449385813349203e-05
2.411449397154726666e-05
-1.742801530858274330e-05
3.807238160599235245e-06
1.345974937290169522e-04
-5.014655498413243406e-06
2.246163752659250905e-05
3.674594954233592175e-05
8.013070525846915828e-05
2.665975235739470378e-04
3.072773643605663960e-05
5.024118779043237151e-06
-5.360279101886077408e-06
1.385739147242352840e-05
2.328360095066589876e-05
2.862162877189848120e-04
-4.720033883307720192e-06
-3.888974536670222163e-04
-8.589118629291836926e-05
1.942399078781576025e-04
2.624429366224609512e-04
2.696639898189633479e-04
2.839560803131877496e-03
-1.061130897626809877e-03
-2.217125736604707914e-04
-1.332310048520652952e-04
7.819395405601588592e-05
2.012001752023770320e-04
8.102722214373919360e-03
-5.232077326565493143e-06
-8.471004675609874941e-07
3.943255096854490820e-05
-3.272820086669751117e-05
-5.484379641568087746e-06
2.411449380295056945e-05
2.411449402671225924e-05
-4.119928959589486833e-05
-9.709126866207946351e-06
-4.309451765087794365e-06
1.631472366175346970e-05
-5.714176330519032746e-06
2.577456317950919306e-05
2.987087034627416716e-05
5.321902128825014747e-05
2.256351324544834339e-04
2.332939967856906944e-04
-6.071127271967004704e-06
-1.302407646748526330e-05
-1.465098428851478233e-05
-2.543176457983079486e-04
-3.319744301248533946e-05
3.422302876208185331e-03
-1.711553515336963955e-04
-1.711553515126373675e-04
-5.634951208328647491e-08
1.018064641706196158e-03
-7.987854796678115231e-06
-5.824104031760738684e-07
3.383888013498637988e-05
3.383888020369173622e-05
-1.625562452719598858e-06
-6.215879664249556225e-06
-1.063062597020101775e-06
9.620278258668962291e-05
-6.182187277031631791e-06
-2.178622996426611970e-05
2.200624637829675439e-05
2.736095552329766362e-04
9.469457054535606878e-06
2.857235034480042887e-05
3.996451707325241875e-05
4.789675036211076773e-05
9.535715954896503829e-05
1.795851235931755524e-04
2.269240741200857043e-04
2.327790748660471336e-04
6.358293279403457506e-04
1.108898131278636542e-04
-7.486146053360959145e-06
-4.979847568283963480e-06
1.687646721231768159e-04
-5.278733784934325313e-06
-5.563968687186908858e-06
3.547356927357191679e-05
7.870296197390654481e-05
2.711166173016105012e-04
-5.093384421902748592e-06
-6.207363728066121710e-06
2.508874420087026818e-05
3.306826811502761867e-05
5.852822438713432699e-05
2.240768429734947467e-04
2.300830844303834331e-04
-1.205680428061952560e-05
-1.021096632446394405e-05
9.197721408487574777e-04
-7.654028637896868257e-07
2.982865604970918986e-05
2.982865606749994801e-05
1.383580634159603008e-04
-7.987854796687036182e-06
-5.824104031009225642e-07
3.383888015226100697e-05
3.383888018641721077e-05
-2.073616988709735661e-05
-8.537918344745625817e-06
2.432599947313644409e-05
3.179180484511660675e-05
4.586503010199870212e-05
2.352926896219894605e-04
2.435082735937438520e-04
-1.193965616860613978e-06
-1.739968504106344553e-04
1.073262521627272041e-05
1.859066895557259737e-04
2.630317521129300375e-04
3.164897189214172825e-04
3.192412566484399694e-03
2.484145630198103427e-05
-6.154202525136367260e-06
1.164191957125811320e-05
1.397179479086418832e-04
-5.762573251829949303e-06
9.931880837481398710e-05
-4.026127156826488290e-06
2.700500029880166584e-04
1.873589834512344730e-06
5.743478863424285650e-05
8.157210614604962977e-05
-1.098592910288843850e-05
8.159315805280634647e-05
6.726404058830073431e-07
1.852514683994309689e-04
8.487397202066241424e-06
-1.329348045423042801e-05
4.285727121941949511e-05
3.912576869637042764e-05
-1.023221732013018662e-05
-1.431343228879826700e-05
2.367317410239151970e-04
-2.302115575469034300e-05
1.178691593422408443e-05
2.846224773453899406e-04
5.369728701460276953e-05
-1.733085991656235303e-05
-8.045381731099882113e-06
2.217299445355817920e-04
2.593813220782905131e-04
4.662625424787082782e-04
5.095171822754548420e-04
4.276505689325872124e-05
4.738449965599744333e-05
5.919423915962830206e-05
1.318717836816927938e-04
2.375560394216812382e-04
2.423533427188592619e-04
-5.049929178205118656e-06
-6.529679674774274608e-06
-1.823717492258908891e-06
2.731545318863845664e-05
3.217980057367422558e-05
5.360920192653073429e-05
2.285540317665165624e-04
2.324640058237840707e-04
-4.662754336947098044e-06
-5.913337716598815034e-07
3.845744094534726679e-05
7.569233084041018203e-05
2.708644056370385533e-04
-5.636208544480205849e-05
-7.758009619969303362e-06
1.631472358576714350e-05
1.631472373855910376e-05
1.055679831981733833e-05
3.065091355110653433e-05
-2.217229226593547979e-05
-1.119407254776132989e-05
-4.846215617513187276e-06
2.411449391458040121e-05
-6.167519919561252227e-04
-3.277368535257271678e-04
1.274538595579495677e-02
-3.463932074682362624e-06
3.055313979665659507e-05
4.858417138925420992e-05
5.290692157351498771e-05
5.950264353547533646e-05
2.259205528504833074e-04
2.349701348449942015e-04
-5.053962234488634280e-07
2.982865605920384983e-05
5.643603141159069479e-05
1.117517973690723346e-04
-1.388186732323523478e-05
5.391591446707700968e-06
2.043511920562235610e-05
8.101916362486467693e-07
-7.132417380943500302e-06
-7.637877911664219717e-06
-2.662167374687940809e-06
1.529837109744089633e-07
-9.548264541012683700e-05
2.949909323041787564e-05
1.553039932739007974e-03
-1.308687011376580325e-06
9.789457915509765550e-07
-7.476186700986105724e-06
-6.209055740672697836e-06
1.755294345965741477e-05
6.901492224313339585e-07
1.601140967255451611e-05
2.781375266791192864e-04
-2.880729707615609236e-06
2.253532472257732417e-04
-1.804678333213679566e-05
1.642894242030491713e-05
2.687681570848544140e-04
4.271512015958533093e-04
1.151791162539450965e-03
-6.729972832963559125e-07
-7.980344906810599213e-06
-3.881480088088019218e-06
2.791284189848753603e-05
3.773845342521596328e-05
5.867868991742686822e-05
2.261048211184136082e-04
2.305699690456251773e-04
8.213899447048927970e-05
-1.689869731932632177e-05
-4.900637928716655600e-06
-1.688892770206952033e-05
2.590178038808897015e-05
2.043909036776848606e-04
-1.858716593194301096e-05
-2.391297878571611369e-04
-1.493282203323568829e-04
3.770204787231459798e-03
1.680760399217024674e-04
2.907150862187394411e-05
3.089477273771719032e-05
3.531941313157363135e-04
-3.272820086670899016e-05
-5.484379641611130573e-06
2.411449380336242398e-05
2.411449402631391320e-05
-4.119928959589497675e-05
-9.709126866218090418e-06
-4.309451765087797754e-06
1.631472366175325286e-05
6.228294353730859812e-05
7.919771941054483632e-07
-2.159764619229970859e-05
2.226156905846023431e-05
2.740876993394300684e-04
-1.269741967707530365e-05
-1.322788859021187293e-05
3.720376531188173455e-05
5.252673388719587843e-05
7.131520872170372949e-05
7.489375477816834052e-05
2.166840601379253209e-04
2.227374300117338814e-04
-1.682005502318604159e-05
9.584863500983361023e-05
-7.654028639310758946e-07
2.982865604871967581e-05
2.982865606848963825e-05
1.383580634159600840e-04
-2.171496949546070082e-05
1.795445998226178453e-05
2.819697089492494819e-04
-5.745416192040957805e-06
-6.084526832776742625e-06
-2.155845805898289072e-05
2.404106064713733556e-05
2.807880459309629404e-04
-1.741115896665283610e-05
1.791538864507447688e-05
2.496587967200084626e-05
3.359641691984481369e-05
2.367424801811969601e-04
2.396263325193436562e-04
-1.407342585588599825e-05
1.533245456925486205e-05
2.062300019988412466e-05
3.012944345826455104e-05
2.364838474239107260e-04
2.429891764063415614e-04
1.873728897729274166e-05
4.883732775591936951e-05
5.304075930300685662e-05
6.999446050736320732e-05
2.193210835536655830e-04
2.226174983075704318e-04
-4.637602918581884602e-06
-1.220796521680247083e-06
1.590871906563860814e-04
8.934182755311121304e-05
-5.552774332461741452e-06
