6.610128380282815478e-06
6.124748053871319632e-05
1.777371871501780276e-04
2.662387174017128723e-04
8.433264319383858114e-04
2.116974613012854219e-03
-6.492718813616567101e-04
2.069348505216394261e-04
2.167213857623561009e-04
4.239606045217497428e-04
1.941709906832314765e-03
4.848895809027840148e-03
-5.700877064154268988e-06
-4.619104146995476279e-07
3.999763962676233228e-05
-3.272820086658172515e-05
-5.484379641577066296e-06
2.411449379321596538e-05
2.411449403644792719e-05
-4.121973827082701285e-05
-9.940532570515180831e-06
-4.447718003322545039e-06
1.631472366175192471e-05
-7.830627516937925840e-06
2.448934374176490596e-05
3.155555716841038614e-05
5.081211185838715051e-05
2.303133394845079986e-04
2.369668763336184585e-04
-6.044220558790939792e-06
-1.310681012261806184e-05
-1.433028101204733642e-05
-8.190796165807684665e-05
1.533624195229335227e-04
2.118996249498161007e-03
-1.711553515302532405e-04
-1.711553515160804955e-04
-5.634951291449064616e-08
1.018064641705829047e-03
-7.987854796616175099e-06
-5.824104031689842026e-07
3.383888013516427712e-05
3.383888020351511291e-05
-1.586645944280365140e-06
-2.197782890898032303e-06
-1.014206792459524516e-06
1.020464697499650600e-04
-6.286946873149170116e-06
-2.180894788500355294e-05
2.266942184204804073e-05
2.730091114798543746e-04
8.524131291247408532e-06
2.796419514037932466e-05
3.857976994591548003e-05
5.079943154710707637e-05
9.940431473454910429e-05
1.815834132758510947e-04
2.216594310524526293e-04
2.287301076764593970e-04
6.236063901368707994e-04
1.155114651360406990e-04
-7.215905172002759993e-06
-4.917996156099948403e-06
1.740825709481562573e-04
-5.722911146593205409e-06
-5.497130335526533350e-06
3.725888929372744461e-05
7.099833437624396520e-05
2.764002245031344494e-04
-5.565476790473668652e-06
1.722422616663602394e-05
2.597860551388219642e-05
3.663420310251204443e-05
5.740078027738550220e-05
2.264937812397243351e-04
2.308969748464307855e-04
-1.214609768563135170e-05
-1.034355068700517612e-05
-9.111905273179571642e-08
-4.993783323051719948e-07
-1.924807316208606558e-05
-2.212485392174260538e-05
-9.336913391298143209e-06
-1.865797855450006268e-05
1.651738427622004789e-05
6.531630542496891024e-06
1.141993698460970892e-04
2.639156370595652397e-04
-2.316272218818730467e-04
2.715752981902199944e-04
2.660171074006484337e-03
1.884800488013905541e-06
-2.268530290048889156e-05
1.825420263569151939e-05
2.828368518046213724e-04
1.602335018508841140e-05
3.995708057575650651e-05
4.585230494541309902e-05
6.940876310238638556e-05
2.171757730075596620e-04
2.226565677808483830e-04
7.641025930460824064e-07
3.096970367886088207e-05
2.733754794956699667e-04
-1.144385336801035208e-06
-2.274430205759900330e-06
4.632713056030779964e-06
2.441707860218656796e-05
3.383888016914717121e-05
-3.902086461354840945e-06
2.795420861907841660e-05
3.722691415991297566e-05
5.755413350720486231e-05
2.172380804687765491e-04
2.239792063505782445e-04
6.465023186630459726e-07
2.574655242241894303e-05
3.928916312110531013e-05
6.657290061530403934e-05
2.151069062667422440e-04
2.204773685001129482e-04
7.750152057488035118e-05
-1.604754756800882119e-04
1.522325703217424170e-04
2.668618765763942262e-04
3.576891670502063605e-04
2.578113507547088925e-03
5.012318327048979894e-03
-1.735055330934750912e-05
-1.711553515166759393e-04
-3.752027305085959583e-08
1.261550728489323181e-04
7.207542390803179256e-04
1.577589212069105342e-04
6.840912310507021202e-06
-1.621788367291277820e-06
-6.823975531777079545e-06
1.087498323193654390e-05
2.635907670178863952e-04
3.870089603601416088e-04
3.365188743437862584e-06
-4.948152980088769494e-06
-2.077720408256606458e-06
-6.058548854015845521e-06
1.354454041099381546e-04
3.385384792892739899e-05
6.964876664043191798e-05
2.684017261759889502e-04
-7.119535019338488191e-06
-1.303036004093305560e-05
2.505948520124505209e-05
3.248389033509418430e-05
4.493735147768456302e-05
2.291808291017802843e-04
2.344999992215215435e-04
-1.262279227034616860e-06
3.313661557670439286e-05
-1.354063411821785083e-05
2.520255615557350588e-05
-6.343315943212758093e-04
-9.547246667795830470e-05
1.823684189364790671e-04
2.212824271737785006e-04
1.765953601203472650e-03
4.958301762458537307e-03
8.151725954813920886e-06
4.108505958540791087e-06
1.859862125275721378e-04
2.362389043961308447e-04
5.272039678461367448e-04
1.386648380938749385e-04
-5.897049121522422210e-06
-2.219540753726475184e-05
-1.100919182888290478e-05
-5.007981065182175168e-06
2.411449391457145655e-05
-5.268041258348043885e-06
-5.053008022202673206e-07
2.982865605920067176e-05
5.703164374063730363e-05
1.111563241088103646e-04
4.020611933719726345e-05
-5.186586355945762449e-06
-4.049626877601330004e-06
-1.617534906496589714e-05
-1.711553515166759393e-04
-3.752027305083966408e-08
1.261550728489322097e-04
7.207542390803181424e-04
1.546112104408619756e-04
6.741219063396060905e-06
5.362821300723832836e-05
-2.496956536377191189e-04
7.989338839789987675e-05
1.414378991454731454e-04
2.329383737740710184e-04
6.620409584580539417e-04
8.608235741954779838e-04
-2.338028271794804447e-05
1.583787373474690796e-05
2.753998469774259221e-04
-2.984165880582445745e-06
8.907503821394705879e-05
3.813777139892199786e-04
2.242351429470177790e-05
3.260701627073772212e-05
1.882358333838003402e-04
5.249675553562955545e-04
2.416363086505682048e-06
3.221201506570967553e-05
2.846497496988661838e-04
-2.390341342410002963e-05
5.086438245193449458e-07
2.763348088706600548e-04
-4.121973827082703996e-05
-9.940532570526937648e-06
-4.447718003322551815e-06
1.631472366175359167e-05
2.775577388133997807e-04
3.591003020221943641e-04
1.733496310342624597e-03
8.368717575029170457e-04
1.997740806176462412e-04
2.821137960327845169e-04
-4.070614243212149490e-04
3.606426040087380930e-05
1.638203006844722348e-04
2.281441195062828566e-04
1.109933532596148187e-03
1.951990705546339253e-03
2.769205483586777521e-05
1.461412408935238740e-04
2.683926853490727960e-04
2.059104074594768970e-04
6.426226360238083827e-05
-1.665075236407093254e-06
3.110401942904487911e-05
3.613994548451862008e-05
1.499529732584829105e-04
-1.661140270571834944e-06
3.105595691995722743e-05
3.613153638333051643e-05
1.499530077480110059e-04
-1.279381597193930557e-06
-5.753531700008055558e-06
8.637688681287379038e-06
-1.931467853267957238e-05
1.891506909843206207e-05
2.383217012209302296e-05
3.018878018523934962e-05
2.358540162893771504e-04
2.366006432022702585e-04
-5.943399899050242057e-06
-1.021275852567965339e-05
-1.702573202772913075e-05
2.195603503089212533e-05
2.800702220704891476e-05
4.229667557877302809e-05
2.329655818945318164e-04
2.395829590327138770e-04
5.184305256568869944e-06
5.026933217021543562e-05
3.639031701830450926e-06
1.839116928443568257e-05
1.461182835162822448e-05
-1.805081103960613250e-05
-5.573150005356241806e-06
2.550219228190597439e-05
3.609405227648318130e-05
5.063818701027599726e-05
2.323068510219818833e-04
2.374830256700170047e-04
-5.973140701683668857e-06
4.111018968518858133e-05
4.011258170143508191e-04
-9.236596226658562477e-06
-1.622138282528652931e-05
-2.140556283965727900e-05
7.652307026584176874e-06
3.052211205844220697e-05
2.332175654988777257e-05
4.367795743167604360e-05
4.785922546640752429e-05
5.702895413234756967e-05
2.239366008763282322e-04
2.323777238478318000e-04
9.705831806139749622e-05
-4.790125248960824406e-06
6.064612761068376256e-06
2.568384651491221375e-04
3.656682720682062171e-05
3.918584763323046963e-05
2.693550278472967735e-04
-1.664297826467508152e-05
2.771066524727480916e-05
2.044165080465869396e-04
2.687817195227816883e-04
4.236855299496258831e-04
5.974932491258645164e-04
6.734193024250175353e-05
2.534981417368078419e-04
3.784435149574642116e-04
-4.696001647489869814e-06
4.080514503697267283e-05
3.015692512200449639e-06
-2.523859042040472382e-04
3.795705153693609835e-05
2.295636056351059873e-04
2.456364086066589020e-04
4.192496850863660653e-04
1.569793349113674918e-03
-1.887216673822438470e-05
-5.680516365624469366e-07
1.075282848691975308e-03
-1.226401969154715087e-06
4.337329031908746164e-05
-1.711553515345946570e-04
-1.711553515117378863e-04
-5.634950300689779500e-08
1.018064641705827529e-03
3.508926500153123623e-07
-9.047385240192297454e-06
4.328921527843548444e-05
-1.054827412766282502e-06
1.812606784301186251e-04
2.239758180334231633e-06
-1.208981500467004336e-05
1.042650085665211958e-04
-6.098453345268094175e-06
2.071375020216552636e-04
2.822636287694971257e-04
9.150971092368540699e-04
2.990852990291661276e-05
6.825986574978860238e-05
2.695143082262917069e-04
-9.753275785464055476e-06
-3.068159147607725330e-07
-6.176326357598522220e-06
3.445014433232529319e-04
2.356088025781687844e-05
-1.264353048754647294e-05
-8.366716985563511506e-06
2.600692374936481333e-05
3.237831932388857354e-05
5.223765477812617711e-05
2.301072679588142468e-04
2.370613433431760465e-04
-4.833632014142521829e-06
2.642881867877378186e-05
3.771329107813118536e-05
5.850306365944144585e-05
2.258940762650820614e-04
2.314824181553886014e-04
-1.273241038367732728e-06
7.121156772730710758e-07
3.013081990754745592e-05
2.745781716314653191e-04
3.539017101273379806e-05
4.009301338476908638e-05
2.695703218330529468e-04
2.753652804497987096e-04
4.108294519952035602e-04
2.933772141899895769e-03
-6.283188164264294701e-06
2.529504945262746893e-04
2.379930632283106179e-04
-9.905671682762589545e-07
-5.635956354407205775e-06
1.571674837986972587e-05
-5.053008022211978922e-07
2.982865605920075646e-05
5.703164374063736462e-05
1.111563241088103511e-04
-1.711553515367033760e-04
-1.711553515096416627e-04
-3.630264421053478034e-08
1.017470558832370489e-03
4.386706107802902763e-04
-5.249500557769597723e-06
6.427649935660967068e-05
-6.424017686517647905e-06
1.398873840912475742e-04
2.096341247011675429e-04
2.814875551274753163e-04
8.812131697788090070e-04
1.517999483771784912e-03
3.739584120830291309e-03
2.122156214811577151e-04
-1.056443340193521115e-05
1.140397727241669545e-05
-1.628638025060049064e-06
-1.125615256773986496e-05
1.842209257270200051e-05
2.709773579748969491e-04
6.848093187540703211e-04
5.068629617661533816e-06
3.412777666552578381e-05
2.596806407458741449e-04
-4.432086269875458046e-06
1.519875451636120822e-03
9.207213340713366978e-05
-9.205901949853723240e-06
-1.776040473074290744e-05
-3.272820086660662792e-05
-5.484379641617740818e-06
2.411449386335779474e-05
2.411449396632282842e-05
-1.858446758253594659e-05
2.859583722563982213e-06
1.305180353534083379e-04
-5.252448492190384242e-06
2.177214452873808931e-05
3.626113695748406758e-05
6.948350785746754501e-05
2.659697076236151002e-04
3.142410103905569880e-05
4.075236872769363722e-06
-6.120720518296522311e-06
3.630274393670165231e-06
2.430806385599364514e-05
3.193211642559877863e-04
-4.813394576371879823e-06
2.797568340997395636e-04
4.977732316972511943e-04
2.406432157516291692e-03
-6.969147607627281592e-06
2.905206634825309976e-05
2.759761391698035450e-04
1.452659362918160602e-05
-2.009882385373554708e-05
1.883583489611927208e-05
2.434961927674963837e-05
2.898050993325170188e-05
2.409483133536799427e-04
2.411347150501672422e-04
-1.728216550585108771e-05
1.244379443054933866e-05
2.772853472124979014e-04
1.810884530889981218e-06
1.078768285816662190e-04
3.724034855422860566e-04
3.894439264699309754e-03
-5.282102219706939951e-06
1.229048656454616848e-04
3.623062912689886206e-05
4.972591273905436338e-05
6.121760093247695009e-05
7.145842359558153664e-05
2.254885386156919034e-04
2.344500936284474768e-04
3.699698561697329372e-05
7.184057691166534799e-05
2.744405561925425787e-04
3.846721993690591638e-05
4.861594017594184769e-05
9.146245408835888705e-05
1.748683051485706982e-04
2.291358433119371489e-04
2.337051285619763175e-04
1.065860627263371849e-04
-9.147075183458969809e-07
-7.197376534720633303e-06
-5.664875477664324180e-06
-1.767896636981201484e-05
3.652752191973970245e-04
-6.097498396951903426e-06
-7.654028638234764523e-07
2.982865603905793351e-05
2.982865607815138393e-05
1.383580634160049970e-04
-6.196599739568007694e-06
-4.764994680687613178e-06
-1.725091739119843521e-06
-1.124302013528120746e-04
1.145014177591748353e-06
7.369706830398359949e-05
2.511145138893153056e-04
3.333259240960698318e-04
1.416785449223045097e-03
-1.263816699450461299e-05
1.940703627787504100e-05
1.341269286029868019e-05
3.433701602497511593e-05
2.249361578949472687e-04
2.429064856108644897e-04
2.604628190528346030e-04
3.384946142590766023e-04
3.647063022733826082e-05
-9.591298854691260461e-06
1.736659697460963972e-03
1.842350329121109676e-06
3.518166610255221959e-05
8.319747400971564386e-05
1.100953893770236750e-04
-4.772197007254138332e-06
9.364953774607904591e-04
-7.654028637837447837e-07
2.982865605148061697e-05
2.982865606572851074e-05
1.383580634160051326e-04
-7.987854796628258871e-06
-5.824104031071431742e-07
3.383888015095914444e-05
3.383888018771956120e-05
-2.046311245623113589e-05
-8.959529507081171945e-06
2.481045161437641034e-05
3.194181365700399418e-05
4.705723650156122794e-05
2.342578664007202412e-04
2.413642741753886526e-04
-1.219975463382873082e-06
9.866477013371686533e-05
2.318549487435752992e-04
2.664420863759765562e-04
3.197910742582687929e-04
1.478801677354676328e-03
3.810500986028042287e-03
3.861616351839317968e-05
-6.075820147995349949e-06
1.136669962210305983e-05
2.199915904498892601e-04
-5.606394161801426692e-06
8.852164267175891097e-05
-4.800671876898028237e-06
2.845771418582933375e-04
2.306305767492689532e-06
5.657283385583416688e-05
1.464212608128451026e-04
-9.761111883043513388e-06
1.127101303856581317e-04
9.420114925338950460e-08
1.797768389358198288e-04
8.139793397911318572e-06
-1.320193164255088734e-05
5.473154214202908624e-05
7.713805249558205166e-05
-1.026416041693503067e-05
-1.419711338065266666e-05
2.314565189845498353e-04
-2.612973020882300028e-05
6.487944406923467191e-07
2.792047816225738666e-04
4.391569943727093440e-05
-1.788096489721545683e-05
1.667106256815169607e-05
3.422582944386294991e-05
2.399491209665777539e-04
2.718920246531361727e-04
4.373649252587663962e-04
3.962204611760440604e-05
4.794470926864891996e-05
6.021231868504393583e-05
1.280560192282841482e-04
2.370297041207166853e-04
2.417415422165463898e-04
-5.304311029057803503e-06
-1.267411594271260240e-06
-4.168775676394600538e-06
2.419602690274065879e-05
3.195903999531019495e-05
5.151701543705535603e-05
2.273389533099076285e-04
2.359546998416046687e-04
-5.551726412334496935e-06
-2.026957542883413612e-06
3.620586363424958766e-05
7.700936205397224588e-05
2.743088967183108964e-04
-5.636208544490820189e-05
-7.758009619975764529e-06
1.631472356473369928e-05
1.631472375959181276e-05
8.246264678320837572e-06
3.113665964453855807e-05
-2.219540753726519908e-05
-1.100919182889732805e-05
-5.007981065181792309e-06
2.411449391457496665e-05
-3.084860592922735790e-04
2.256190352247721374e-04
4.644776010041264461e-03
-5.024373352847162988e-06
2.817405917804212051e-05
4.543550770660202822e-05
4.942125386433462390e-05
5.652932060825051293e-05
2.285311550375123942e-04
2.356382373915500035e-04
-5.053008022201420656e-07
2.982865605920065143e-05
5.703164374063730363e-05
1.111563241088103511e-04
-1.362311290470558720e-05
3.852047804176150568e-06
2.062786942349922263e-05
-6.460295664818120695e-07
-7.915473773125011376e-06
-7.754266220881052640e-06
-1.066094555808452473e-05
2.679599990295496658e-07
1.258762039354037736e-04
2.446492827827580880e-04
1.392487746504095063e-03
-1.344157227237527242e-06
1.394840376611142003e-06
-7.316914843127513124e-06
-6.192744612515015155e-06
1.704155873013386724e-05
-1.515239552200374265e-05
1.163406083755467894e-05
2.755396255265672224e-04
-4.001071229535510572e-06
2.493073424338977423e-04
-1.797676222982835977e-05
9.511134321746129224e-05
2.680793666541557733e-04
3.848713874795379390e-04
1.522768459704703422e-03
-5.827399851721997211e-07
-7.853521893340303925e-06
-5.484440491146347794e-06
2.516084223624808668e-05
3.655069670121108689e-05
5.519650766138386913e-05
2.263534230865214846e-04
2.311748589472017827e-04
9.345402776766330777e-05
-1.700913310159265373e-05
-5.207997984795206642e-06
-1.698797300809483312e-05
2.635510165007445011e-05
2.159075197226536581e-04
-1.916249786114162951e-05
-2.393014592033950946e-04
2.850277479409437514e-04
3.018881437333509419e-03
2.164043992114100335e-04
2.008951515065216095e-05
3.014461583763659093e-05
2.282858355136117747e-04
-3.272820086659401729e-05
-5.484379641611066198e-06
2.411449379204298060e-05
2.411449403763219105e-05
-4.121973827082708061e-05
-9.940532570523613891e-06
-4.447718003322545039e-06
1.631472366175173498e-05
6.370491364180945048e-05
3.985856223439576716e-08
-2.197437377126371257e-05
2.251987010443765020e-05
2.762569275628381214e-04
-1.277759124128793631e-05
-1.229887714010690549e-05
3.496828163339323677e-05
4.759059073940873498e-05
6.320809827257636458e-05
6.656720647654540326e-05
2.189344513948281471e-04
2.282476631272074678e-04
-1.830156253204382407e-05
8.899243290279542956e-05
-7.654028638472239739e-07
2.982865605233859019e-05
2.982865606487084922e-05
1.383580634160051055e-04
-2.180724718611928346e-05
1.318245841259236393e-05
2.785539184419777588e-04
-5.975112792589525194e-06
-6.212799800635063120e-06
-1.987699424366484971e-05
1.956467276539438981e-05
2.786873439217574027e-04
-1.756263115023743595e-05
1.790335422811539125e-05
2.549776036258949433e-05
3.123745303565448152e-05
2.393997958482019586e-04
2.401869607171470923e-04
-1.444085208230853569e-05
1.540429259513127357e-05
2.095679233446136802e-05
2.884724686312740305e-05
2.386805651265659438e-04
2.401588204119939557e-04
2.206656874632432352e-05
4.428938230247947086e-05
4.879465156895370595e-05
6.650436413795690117e-05
2.223251117226486800e-04
2.275033660662872481e-04
-4.795391654453185787e-06
-1.243779918811029658e-06
1.309645796187048272e-04
8.390946485310439985e-05
-6.092410369571780406e-06
