5.754820189178651291e-02
8.169792241219707429e-02
0.000000000000000000e+00
0.000000000000000000e+00
3.162184356847428084e-03
4.910651068324030713e-03
2.019574439192074310e-03
2.413208603224853768e-02
0.000000000000000000e+00
0.000000000000000000e+00
0.000000000000000000e+00
2.920825728048185091e-02
1.595356262489533439e-02
5.817119576675357576e-03
0.000000000000000000e+00
0.000000000000000000e+00
0.000000000000000000e+00
5.050902635914818542e-03
0.000000000000000000e+00
1.064211449683767630e-02
1.459805748314429736e-03
2.644059149318492719e-03
3.339807544702490250e-02
1.248605612410170519e-02
5.373813011634306219e-03
0.000000000000000000e+00
0.000000000000000000e+00
6.597017715380114680e-03
0.000000000000000000e+00
0.000000000000000000e+00
1.557767282205384414e-02
0.000000000000000000e+00
2.656054188468711871e-02
0.000000000000000000e+00
0.000000000000000000e+00
