4.992303352438171721e-02
5.652118071737904925e-02
0.000000000000000000e+00
0.000000000000000000e+00
3.139767147757334485e-03
4.910651068323976937e-03
2.019574439192169720e-03
2.406627406913929360e-02
0.000000000000000000e+00
0.000000000000000000e+00
0.000000000000000000e+00
2.925022596582881745e-02
1.595356262489821056e-02
5.817119576675302932e-03
0.000000000000000000e+00
0.000000000000000000e+00
0.000000000000000000e+00
4.904150858881933805e-03
0.000000000000000000e+00
1.061611445799532857e-02
1.538624146318359927e-03
2.672655530778350434e-03
3.336481612526908530e-02
1.260782820255282669e-02
5.265211608469873988e-03
0.000000000000000000e+00
0.000000000000000000e+00
6.495472887388123451e-03
0.000000000000000000e+00
0.000000000000000000e+00
1.564652872516922658e-02
0.000000000000000000e+00
2.427371428475344484e-02
0.000000000000000000e+00
0.000000000000000000e+00
