5.236150988186663580e-02
6.620978906740010439e-02
0.000000000000000000e+00
3.477776174481114800e-04
3.829517102971019896e-03
4.910651068381973947e-03
4.039148878510021891e-03
2.417798357215341504e-02
0.000000000000000000e+00
0.000000000000000000e+00
0.000000000000000000e+00
4.445594530057921101e-02
1.595356262508693113e-02
5.817119576711106757e-03
0.000000000000000000e+00
0.000000000000000000e+00
0.000000000000000000e+00
4.468741524916590262e-03
0.000000000000000000e+00
1.080457930385332610e-02
1.902874054850762966e-03
2.532154994923008565e-03
3.356487027793660094e-02
1.119871749697771111e-02
5.516185378705276178e-03
0.000000000000000000e+00
0.000000000000000000e+00
6.420747000564848601e-03
0.000000000000000000e+00
0.000000000000000000e+00
1.555177988330030264e-02
0.000000000000000000e+00
2.457131746304574288e-02
0.000000000000000000e+00
0.000000000000000000e+00
