4.992303352438171721e-02
5.652118071737904925e-02
0.000000000000000000e+00
0.000000000000000000e+00
3.139767147757334485e-03
4.910651068323976937e-03
2.019574439192169720e-03
2.406627406913929360e-02
0.000000000000000000e+00
0.000000000000000000e+00
0.000000000000000000e+00
2.925022596582881745e-02
1.595356262489821056e-02
5.817119576675302932e-03
0.000000000000000000e+00
0.000000000000000000e+00
0.000000000000000000e+00
4.904150858881933805e-03
0.000000000000000000e+00
1.061611445799532857e-02
1.538624146318359927e-03
2.672655530778350434e-03
3.336481612526908530e-02
1.260782820255282669e-02
5.265211608469873988e-03
0.000000000000000000e+00
0.000000000000000000e+00
6.495472887388123451e-03
0.000000000000000000e+00
0.000000000000000000e+00
1.564652872516922658e-02
0.000000000000000000e+00
2.427371428475344484e-02
0.000000000000000000e+00
0.000000000000000000e+00
0.000000000000000000e+00
6.553745356735124006e-04
0.000000000000000000e+00
0.000000000000000000e+00
0.000000000000000000e+00
0.000000000000000000e+00
2.044111866280052831e-03
1.514961373800863438e-02
2.959136754915206100e-02
5.712215812099256853e-04
8.731387408152933502e-03
2.828059034577742881e-02
1.088853957888426434e-02
0.000000000000000000e+00
6.526309377141794460e-03
2.777410388305732308e-02
2.868564311180985330e-02
4.571157205521476745e-03
5.008272331731064564e-02
0.000000000000000000e+00
1.892367092479795704e-02
6.332712385085599582e-03
1.458146931890198479e-03
0.000000000000000000e+00
0.000000000000000000e+00
1.948666636519028397e-02
1.281572504481554107e-03
0.000000000000000000e+00
0.000000000000000000e+00
0.000000000000000000e+00
5.791643100841232031e-03
1.284679314175396665e-02
0.000000000000000000e+00
2.396293875984293470e-02
0.000000000000000000e+00
2.806299979808822564e-03
0.000000000000000000e+00
2.537021049676416173e-03
4.448611628791396266e-02
1.623585496259950757e-03
1.111854318336894399e-03
1.729345652910800613e-02
5.946404324982725378e-03
0.000000000000000000e+00
2.455325534149081692e-03
0.000000000000000000e+00
1.177261290598674050e-02
3.083513123339295340e-03
0.000000000000000000e+00
0.000000000000000000e+00
0.000000000000000000e+00
1.892367092479796398e-02
6.338436695523523567e-03
1.434601725004432766e-03
3.838902159329895571e-03
4.107852032096823841e-02
1.031944139849635088e-02
0.000000000000000000e+00
4.786747554294074232e-03
1.023185307481440376e-02
2.284364760939544114e-03
1.351985511563633807e-02
1.235031509840539901e-02
8.811839855233856086e-03
2.019574439192265997e-03
2.567351629216673564e-02
1.461557843527875808e-02
6.510521836367241973e-03
7.802009521458879923e-03
4.959224638057636164e-02
1.551681721420824188e-02
6.498127381017719355e-03
4.077005417331869448e-03
1.088897644782997436e-02
1.088895970244949281e-02
0.000000000000000000e+00
0.000000000000000000e+00
1.819710379186654072e-03
2.291185912213101333e-02
0.000000000000000000e+00
0.000000000000000000e+00
2.370300443041888777e-02
1.260989611574840153e-03
3.422748734502466857e-03
1.137208578666460031e-03
2.127538038452502032e-03
1.875246657895275485e-03
0.000000000000000000e+00
2.458991222194317067e-02
0.000000000000000000e+00
3.154003855270302338e-03
1.026203077949167271e-02
0.000000000000000000e+00
0.000000000000000000e+00
0.000000000000000000e+00
1.704847803787197828e-03
3.030041310838811532e-03
2.916527098110586677e-02
4.914367546551015598e-03
0.000000000000000000e+00
1.343022977963768483e-03
7.592521184904867104e-03
1.444401420459296218e-02
4.083615800104011678e-02
2.016847556540502656e-02
0.000000000000000000e+00
3.116029861482235135e-03
1.040477004604191099e-03
3.688878556311690760e-02
0.000000000000000000e+00
0.000000000000000000e+00
1.646303914207052424e-02
0.000000000000000000e+00
3.273977498202212955e-03
1.595356262489820362e-02
2.786092253793327929e-04
0.000000000000000000e+00
3.135403613383737614e-03
0.000000000000000000e+00
6.668578091875969165e-03
1.830994676261857833e-04
0.000000000000000000e+00
4.690537431192703770e-03
0.000000000000000000e+00
2.797369705970567666e-02
1.534316375282462723e-02
0.000000000000000000e+00
4.473186745136406225e-04
0.000000000000000000e+00
9.189213980746312183e-03
2.420987237953958066e-03
0.000000000000000000e+00
2.417371539509700906e-02
2.452471695284250131e-02
0.000000000000000000e+00
1.099429773935646851e-02
1.438963271303259073e-02
3.790238527095107779e-02
0.000000000000000000e+00
7.230701283107376053e-03
9.527492450549132977e-03
0.000000000000000000e+00
0.000000000000000000e+00
1.926559203398947638e-03
1.177261290598674570e-02
1.595356262489821056e-02
1.058174055630219969e-02
0.000000000000000000e+00
3.907183011252678313e-03
0.000000000000000000e+00
5.087244634355161943e-02
8.216106106374220994e-03
0.000000000000000000e+00
1.582038124968873161e-03
0.000000000000000000e+00
0.000000000000000000e+00
2.480078902097083288e-02
1.260963798012964057e-02
0.000000000000000000e+00
1.775108678172269971e-02
4.691582513314251912e-03
0.000000000000000000e+00
0.000000000000000000e+00
4.910651068324889401e-03
0.000000000000000000e+00
9.756072673723832113e-04
5.800807998223543593e-03
0.000000000000000000e+00
2.369685502687672585e-03
1.567061686517402103e-02
2.771630225880458188e-03
1.120727306154717211e-03
0.000000000000000000e+00
1.273289405905304698e-02
0.000000000000000000e+00
3.097211358844811566e-02
1.093545078901468452e-02
2.347469083880061348e-03
2.287347972194431894e-02
8.382930742222082648e-03
5.759582597177322419e-04
6.342741175634566964e-02
0.000000000000000000e+00
5.021756458136218682e-03
2.971398065509952419e-02
1.572651551394382841e-02
3.291963162125961101e-02
5.237887199907769256e-03
0.000000000000000000e+00
0.000000000000000000e+00
0.000000000000000000e+00
0.000000000000000000e+00
9.245298443088688020e-03
0.000000000000000000e+00
1.134284690806448490e-02
0.000000000000000000e+00
0.000000000000000000e+00
0.000000000000000000e+00
4.651814148895876827e-02
0.000000000000000000e+00
2.404297569807357666e-03
3.044387357465140609e-02
3.009784752040354193e-03
0.000000000000000000e+00
1.762329645748574036e-02
7.401481958915666825e-04
2.562441505857071446e-03
3.964885812713453417e-03
4.851120645290604369e-03
0.000000000000000000e+00
1.516387269836400910e-02
1.134284690806447969e-02
5.817119576675307269e-03
0.000000000000000000e+00
2.414346953063985918e-02
0.000000000000000000e+00
5.371033955912397212e-02
2.492060207036591365e-03
0.000000000000000000e+00
1.706012864199601660e-03
5.910117340388469469e-03
0.000000000000000000e+00
4.982941108793430274e-03
0.000000000000000000e+00
8.216599098593296499e-03
6.843956886393179556e-04
3.789287157046918129e-03
4.515863874887329418e-03
0.000000000000000000e+00
4.516446558213834013e-03
4.100732879263801144e-04
6.805355765855136164e-03
1.456656891830248506e-03
0.000000000000000000e+00
3.273273255451623984e-03
3.127529723934307886e-03
0.000000000000000000e+00
0.000000000000000000e+00
7.693044602495087252e-03
1.015198293734752635e-02
3.663921635850130032e-03
3.758075973998611929e-02
3.179050900040537864e-02
0.000000000000000000e+00
0.000000000000000000e+00
2.429287372269628778e-02
0.000000000000000000e+00
0.000000000000000000e+00
1.567974952802425950e-02
4.039148878435049744e-03
1.624561350012468722e-03
2.768163360023507234e-03
2.455325534149209194e-03
5.644773236321135729e-02
0.000000000000000000e+00
2.892231179720248721e-02
1.177261290598674223e-02
0.000000000000000000e+00
1.160990035132483493e-03
2.260261002938729075e-03
4.500532291431333506e-04
0.000000000000000000e+00
0.000000000000000000e+00
0.000000000000000000e+00
1.955656609520246131e-04
2.241996720674436366e-02
0.000000000000000000e+00
4.947084473583852069e-04
0.000000000000000000e+00
0.000000000000000000e+00
2.094811653804311280e-03
1.075481689966644588e-02
0.000000000000000000e+00
7.505885144767625305e-03
0.000000000000000000e+00
2.055752492200499729e-02
1.696902444558504031e-02
0.000000000000000000e+00
0.000000000000000000e+00
2.465396911355070483e-02
4.531528287192116387e-03
0.000000000000000000e+00
0.000000000000000000e+00
0.000000000000000000e+00
2.544689587557241294e-03
7.148267336874105683e-03
0.000000000000000000e+00
3.070099667450333636e-02
6.482207184318133052e-03
2.695900064072940736e-03
2.779153321504464463e-03
9.396729900818374254e-03
4.910651068324663887e-03
2.019574439192156276e-03
3.945977177370283209e-03
4.449655026250485352e-04
1.063690546257057244e-02
0.000000000000000000e+00
0.000000000000000000e+00
3.004527781930825536e-02
0.000000000000000000e+00
4.895115805827110998e-03
1.134284690806448490e-02
1.051461202114038936e-02
0.000000000000000000e+00
0.000000000000000000e+00
1.082994989559521101e-02
2.294589631552588355e-02
2.245604699099582047e-02
2.834803639421337382e-02
0.000000000000000000e+00
0.000000000000000000e+00
6.306488536745033686e-03
4.726040296937575151e-03
0.000000000000000000e+00
