5.754820189178651291e-02
8.169792241219707429e-02
0.000000000000000000e+00
0.000000000000000000e+00
3.162184356847428084e-03
4.910651068324030713e-03
2.019574439192074310e-03
2.413208603224853768e-02
0.000000000000000000e+00
0.000000000000000000e+00
0.000000000000000000e+00
2.920825728048185091e-02
1.595356262489533439e-02
5.817119576675357576e-03
0.000000000000000000e+00
0.000000000000000000e+00
0.000000000000000000e+00
5.050902635914818542e-03
0.000000000000000000e+00
1.064211449683767630e-02
1.459805748314429736e-03
2.644059149318492719e-03
3.339807544702490250e-02
1.248605612410170519e-02
5.373813011634306219e-03
0.000000000000000000e+00
0.000000000000000000e+00
6.597017715380114680e-03
0.000000000000000000e+00
0.000000000000000000e+00
1.557767282205384414e-02
0.000000000000000000e+00
2.656054188468711871e-02
0.000000000000000000e+00
0.000000000000000000e+00
0.000000000000000000e+00
0.000000000000000000e+00
0.000000000000000000e+00
0.000000000000000000e+00
0.000000000000000000e+00
0.000000000000000000e+00
2.032079247730021829e-03
1.474379826104483572e-02
3.402819405262817037e-02
6.864401809360203650e-04
1.054512389552851592e-02
2.754263506705539530e-02
1.148662144605930302e-02
0.000000000000000000e+00
6.455428719084466485e-03
2.433996888645077392e-02
2.491024602390267892e-02
4.401747396627853949e-03
8.457984560300424448e-02
0.000000000000000000e+00
1.903937199834561389e-02
6.280105914849496741e-03
1.307756887814686764e-03
0.000000000000000000e+00
0.000000000000000000e+00
1.960287295492832427e-02
9.172225388963496174e-04
0.000000000000000000e+00
0.000000000000000000e+00
0.000000000000000000e+00
5.819050698136641470e-03
1.527348011857493533e-02
0.000000000000000000e+00
2.393052706245351810e-02
0.000000000000000000e+00
2.878220612492395254e-03
0.000000000000000000e+00
2.510107375968879864e-03
7.040920520107721292e-02
1.427561378261362271e-03
1.013472490813242333e-03
2.598433202261529393e-02
5.887801756468091091e-03
0.000000000000000000e+00
2.455325534148753829e-03
0.000000000000000000e+00
1.177828072290797862e-02
3.170414773227521379e-03
0.000000000000000000e+00
0.000000000000000000e+00
0.000000000000000000e+00
1.903937199834561389e-02
6.217137814960795213e-03
1.298192884685867845e-03
3.661564317584709797e-03
4.558167361906180493e-02
1.028742901500638920e-02
0.000000000000000000e+00
4.718978655756642104e-03
9.764447168032862681e-03
2.367673662833508826e-03
2.117116614363966087e-02
1.205079740634158736e-02
8.668256966343039494e-03
2.019574439192177526e-03
3.862264171480760122e-02
1.446436792174926947e-02
7.067072955220680096e-03
8.398121754785180249e-03
5.570301368259811953e-02
1.686695396628483737e-02
7.174789325469370198e-03
4.008187358469562922e-03
1.191713863852926492e-02
1.191463433043450995e-02
0.000000000000000000e+00
0.000000000000000000e+00
1.469497250872503274e-03
2.273238282121664566e-02
0.000000000000000000e+00
0.000000000000000000e+00
2.361157998040415082e-02
1.138453474737644803e-03
3.545043447202566970e-03
9.538123114416235298e-04
2.144246329391500012e-03
1.911271066046639055e-03
0.000000000000000000e+00
2.441297675641053433e-02
0.000000000000000000e+00
3.205861416421044302e-03
1.001406282452770025e-02
0.000000000000000000e+00
0.000000000000000000e+00
0.000000000000000000e+00
1.383140179680297050e-03
2.762341038794911482e-03
2.805821524790184582e-02
4.925909003965600434e-03
0.000000000000000000e+00
1.231321724922895215e-03
8.013090308194494721e-03
1.435947513133109185e-02
4.049169189639170718e-02
2.179073130102777631e-02
0.000000000000000000e+00
3.193945249881902614e-03
8.682874685552662312e-04
4.854064162535813576e-02
0.000000000000000000e+00
0.000000000000000000e+00
1.639575286996586279e-02
0.000000000000000000e+00
3.292920068840399922e-03
1.595356262489532051e-02
2.961809624263992097e-04
0.000000000000000000e+00
3.289727012931144539e-03
0.000000000000000000e+00
6.731654299466785681e-03
7.482910831244468826e-04
0.000000000000000000e+00
5.105511937272333607e-03
0.000000000000000000e+00
3.072177378639821127e-02
1.507385650285063272e-02
0.000000000000000000e+00
0.000000000000000000e+00
0.000000000000000000e+00
9.280375037185362858e-03
2.426977557468181293e-03
0.000000000000000000e+00
2.429176954932370236e-02
2.458753014812087648e-02
0.000000000000000000e+00
1.145171234363713889e-02
1.434973254684657890e-02
4.551368452811349608e-02
0.000000000000000000e+00
7.952208726609776360e-03
7.713511898420696497e-03
0.000000000000000000e+00
0.000000000000000000e+00
1.982217721383660800e-03
1.177828072290798556e-02
1.594890716344203249e-02
1.047223245994246231e-02
0.000000000000000000e+00
4.008631292492789884e-03
0.000000000000000000e+00
8.644131239599750494e-02
7.283811184420518198e-03
0.000000000000000000e+00
1.688488767538645413e-03
0.000000000000000000e+00
0.000000000000000000e+00
2.346117403276015007e-02
1.210393482373015722e-02
0.000000000000000000e+00
1.949279002372493116e-02
4.797711261818849229e-03
0.000000000000000000e+00
0.000000000000000000e+00
4.910651068324882462e-03
0.000000000000000000e+00
8.455151865229834987e-04
5.712224508748941533e-03
0.000000000000000000e+00
2.333031532616848796e-03
1.533298831621388199e-02
2.802860192689589879e-03
1.009360796837454471e-03
0.000000000000000000e+00
1.235260423741218506e-02
0.000000000000000000e+00
4.404608200204068735e-02
1.100126323101531696e-02
1.905688433951206349e-03
2.285446907930785074e-02
1.008973173973313001e-02
6.728455489356345099e-04
4.604478910929613727e-02
0.000000000000000000e+00
5.543123344412013292e-03
2.983818195764557230e-02
1.556232215805197772e-02
3.319336872887362899e-02
5.162026315468015540e-03
0.000000000000000000e+00
0.000000000000000000e+00
0.000000000000000000e+00
0.000000000000000000e+00
9.556087316436014112e-03
0.000000000000000000e+00
1.134284690806543899e-02
0.000000000000000000e+00
0.000000000000000000e+00
0.000000000000000000e+00
4.069938617803510461e-02
0.000000000000000000e+00
2.202670894498031957e-03
3.732126340093046279e-02
3.019545918980959254e-03
0.000000000000000000e+00
2.083662459145533066e-02
6.786660314766589227e-04
2.965706749771132578e-03
4.560632467369949393e-03
5.246317503187918757e-03
0.000000000000000000e+00
1.530110598503250756e-02
1.134284690806543205e-02
5.817119576675328085e-03
0.000000000000000000e+00
2.416696666812545580e-02
0.000000000000000000e+00
7.977500057394448785e-02
3.107095247912155037e-03
0.000000000000000000e+00
1.685726818178368176e-03
7.416056742802897180e-03
0.000000000000000000e+00
4.704297042910845529e-03
0.000000000000000000e+00
8.434707194951899731e-03
7.593263079027173746e-04
3.760745732425756563e-03
6.050232656948927555e-03
0.000000000000000000e+00
5.308251368992856177e-03
1.534610286468436862e-04
6.704044281920798487e-03
1.426516158155185197e-03
0.000000000000000000e+00
3.699038460939176563e-03
4.391413567849822980e-03
0.000000000000000000e+00
0.000000000000000000e+00
7.606847556388747489e-03
8.757449856649005687e-03
3.313446070078360922e-03
3.141300860204800788e-02
3.161923442276936419e-02
0.000000000000000000e+00
0.000000000000000000e+00
2.409414722651362362e-02
0.000000000000000000e+00
0.000000000000000000e+00
1.567745098333838544e-02
4.039148878435004641e-03
1.435815506804481202e-03
2.790011632795576582e-03
2.455325534148932506e-03
4.158660695109612365e-02
0.000000000000000000e+00
2.853244690943821521e-02
1.177828072290797862e-02
0.000000000000000000e+00
9.813317232434900540e-04
2.270895716644603241e-03
0.000000000000000000e+00
0.000000000000000000e+00
0.000000000000000000e+00
0.000000000000000000e+00
2.588242642361558515e-04
3.208838859952120592e-02
0.000000000000000000e+00
5.905168025998799169e-04
0.000000000000000000e+00
0.000000000000000000e+00
2.064071142798490702e-03
1.000513010540816060e-02
0.000000000000000000e+00
7.894734676255715095e-03
0.000000000000000000e+00
2.287188655707210819e-02
1.951133298691239831e-02
0.000000000000000000e+00
0.000000000000000000e+00
2.437034642003837320e-02
4.833581171545153939e-03
0.000000000000000000e+00
0.000000000000000000e+00
0.000000000000000000e+00
2.566861003739511447e-03
7.346895938467034974e-03
0.000000000000000000e+00
3.591355668346855878e-02
7.355344981906185471e-03
2.241066439814544918e-03
2.745205631534575631e-03
7.554565432796445448e-03
4.910651068324604906e-03
2.019574439192062601e-03
3.990767897341608236e-03
9.982304622981078783e-05
1.068324452950731272e-02
0.000000000000000000e+00
0.000000000000000000e+00
2.941275907747992191e-02
0.000000000000000000e+00
4.716790034090859694e-03
1.134284690806544593e-02
1.016035009273719147e-02
0.000000000000000000e+00
0.000000000000000000e+00
1.055856423521917345e-02
2.292016497076997464e-02
2.241000052884223673e-02
2.824332816360149156e-02
0.000000000000000000e+00
0.000000000000000000e+00
5.721987845554742970e-03
4.580105480584055304e-03
0.000000000000000000e+00
