5.236150988186662192e-02
6.620978906740011827e-02
0.000000000000000000e+00
3.477776174481114800e-04
3.829517102971019896e-03
4.910651068381973947e-03
4.039148878510021891e-03
2.417798357215340810e-02
0.000000000000000000e+00
0.000000000000000000e+00
0.000000000000000000e+00
4.445594530057925264e-02
1.595356262508693113e-02
5.817119576711106757e-03
0.000000000000000000e+00
0.000000000000000000e+00
0.000000000000000000e+00
4.468741524916590262e-03
0.000000000000000000e+00
1.091645991946976063e-02
1.902874054850762966e-03
2.532154994923008565e-03
3.356487027793659400e-02
1.119871749697771111e-02
5.516185378705276178e-03
0.000000000000000000e+00
0.000000000000000000e+00
6.420747000564848601e-03
0.000000000000000000e+00
0.000000000000000000e+00
1.555177988330030438e-02
0.000000000000000000e+00
2.457131746304574982e-02
0.000000000000000000e+00
0.000000000000000000e+00
