-4.906367470823116733e-05
-4.644937755577656184e-05
-7.770535143340330584e-20
-1.260062380408294543e-20
3.747161626445060060e-20
5.128119016260277595e-20
7.146407796534665587e-20
2.406730186090519396e-05
3.430567569664128946e-04
-1.224128321984632929e-20
-9.293702734181903238e-21
-5.635850846016883818e-21
1.379077977612180073e-20
1.503327244322250513e-20
3.830553112416898147e-06
5.535199930405117566e-06
9.919324964902613952e-06
8.825277298782489334e-05
-6.791429215597453516e-07
-1.540940609928969226e-20
-5.429079495457478932e-21
6.826731344004354917e-22
1.957863599463674991e-20
2.034465802911962216e-20
1.098571379176845229e-06
2.725777286446567666e-05
2.973396930372076529e-05
-1.626893355822000711e-21
-3.822368220924068701e-22
3.404099781744120615e-21
9.330734096733444665e-21
1.718141060977168337e-20
5.792483240129852903e-06
6.281329454323579096e-06
2.804379582225004772e-05
3.425075602888401366e-05
-1.322996453891024052e-05
-2.265545897248709439e-21
1.518032149298990103e-20
2.048348417157270310e-20
2.899483046667002024e-20
5.578948944005009780e-20
6.515993632048095950e-06
7.513795132426700132e-06
2.901678620033983774e-05
-1.390093468672608935e-05
-9.668929591413608235e-21
9.180440014987877916e-21
1.848998493466857605e-20
2.899001740583399854e-20
7.456383540065586871e-20
6.534938007058491239e-06
7.435020226966720675e-06
2.836598855318148640e-05
-8.036383169935148172e-06
-8.558218796085449752e-21
-1.310476275383408074e-21
1.147238175977449787e-20
1.262761718235171599e-20
1.913590043341446778e-20
5.892522856758538992e-06
6.260522104560913855e-06
2.809097557363341322e-05
-9.243957304720117020e-21
-7.667669507487758333e-21
-5.108090741654285198e-21
1.686225696682850248e-21
6.594018598453090161e-21
1.142950558004328246e-06
9.885095856272983284e-06
2.193235649750781692e-05
3.427156795951649882e-05
-2.632060773998011470e-20
-8.981071540695657250e-22
6.702879565194215184e-21
1.100591002706643605e-20
1.163315041967735684e-20
4.020292222589723207e-06
5.820265907644259282e-06
9.766638687638046261e-06
8.815046663483847771e-05
-4.909161525780662437e-05
-4.644838968017256316e-05
-2.091525230309713789e-19
-3.025162239461724653e-20
-9.044517560692883694e-21
4.549292346085379151e-20
6.467102200384353499e-20
2.363444536971812636e-05
3.430552446243614992e-04
-4.923880268764273829e-05
-4.521766733135214897e-05
-6.799539836688642157e-21
2.120660305805757924e-20
2.877568147926550317e-20
2.987388425898236221e-20
3.204691709648667917e-20
3.351304646196540820e-05
3.409449104157250476e-04
-3.256026293469859758e-21
-2.942748777590001612e-21
-2.438197875224144137e-21
1.095867450002284855e-20
3.211538673139261650e-20
3.224262821428478720e-06
3.822068241958353085e-06
2.043410745252979548e-05
8.625159103313588288e-05
-6.302569625491263492e-21
-4.568482388578831924e-21
4.844795213208533376e-21
1.500234009466200050e-20
3.212303884620389516e-20
4.726535022251408132e-07
7.409046115609802540e-07
2.774382034705671186e-05
2.905668820555847368e-05
-2.926827035698657176e-21
7.141225102323675530e-21
1.324687933122164505e-20
1.543076878063516308e-20
1.548097974220683283e-20
4.487339195381745246e-06
7.129685136728702422e-06
1.975341229580751279e-05
3.344917469642207352e-05
-1.664841000890984900e-20
-1.395911640801965803e-20
-4.256335973159276061e-21
2.561188151346661614e-20
2.577786600996115779e-20
3.670530230100907478e-06
6.877493813540459654e-06
2.512866604360397454e-05
3.374056523338943666e-05
-9.509464392361474794e-21
-9.001868916724363905e-21
3.026427126756594763e-21
2.023492496381142364e-20
3.130305244671753491e-20
3.730953498553129055e-06
6.823277375072511259e-06
2.502649195816566933e-05
3.399970266253419366e-05
-6.704783749821054446e-21
-4.830405263130574327e-22
4.433588210687786289e-22
3.652283557729487681e-21
2.897506619433022295e-20
4.244666468695484469e-06
7.042035717078805775e-06
1.964215837452834161e-05
3.428998283789233293e-05
-2.094116133620274080e-21
-1.532573803748618005e-21
1.728821008822925407e-21
6.148694318446907396e-21
1.572900053400991590e-20
4.470377324627969282e-07
6.908140641504647109e-07
2.408739874487493302e-05
3.249444056430598842e-05
-2.697628221144827746e-20
2.725460842249459261e-22
2.918461087488071652e-21
3.307941819719061032e-21
2.286823550233704713e-20
3.334764567239162857e-06
3.684075028710532802e-06
1.921093210265785231e-05
8.691351352326427574e-05
-4.926204182710542903e-05
-4.520485325725203378e-05
-3.662092611470923302e-20
-3.343934422717681622e-20
3.849563815596492502e-20
4.682304296710367310e-20
4.939184128273359740e-20
3.237282098586543271e-05
3.408825565164319300e-04
-5.115539271381481688e-05
-4.895650137419331211e-05
-9.516241138179652077e-20
-8.211548325337261482e-20
1.174815118808736921e-20
8.115186592217939882e-20
1.282190163498830574e-19
1.552520982744706504e-05
3.618363350469258957e-04
-6.735907365615159490e-21
5.865443447746195216e-21
2.428246838015144658e-20
2.713665115547734741e-20
5.163528662719338222e-20
2.179771513801500876e-06
4.835384890903148392e-06
9.837803713458461119e-06
7.735735447204194072e-05
-8.205443972241675200e-20
-4.052611818968328497e-20
-9.952619430906585015e-21
-8.997977918677788838e-21
2.911976997576519921e-20
8.734932027005697177e-07
9.607576085896570499e-07
1.668940144669151790e-05
1.892048738706181946e-05
-1.026503301545018868e-05
-2.675168801996842043e-20
-1.822441878811128140e-20
7.672627092975153001e-21
9.965170757304102143e-21
2.085918799809808418e-20
6.114124515175348240e-06
6.740298810204525630e-06
1.187368121344602877e-05
-1.730886494484809628e-05
-3.185453505803703285e-20
-9.967003550303919613e-21
7.441050720850177533e-22
1.422168257192605367e-20
2.721439436567595756e-20
4.191474117422752916e-06
5.948766863008489262e-06
1.166965609047682789e-05
-1.738124409972430858e-05
-2.839806629654554861e-20
-1.610772341907838332e-20
3.257487963368938819e-21
1.039114660396484660e-20
2.489924670584448384e-20
4.217376409762730226e-06
5.979779397061632259e-06
1.145909661913104936e-05
-1.224474617558190756e-05
-4.222829855618481627e-20
-3.259778481300085564e-20
-1.203199397256279194e-20
-2.977545141219592322e-21
3.685361461050794444e-20
5.984317230566516452e-06
6.742764490444695464e-06
1.655110324397237332e-05
-4.925573285352229243e-20
-4.571818103521367531e-20
-3.219541189191855245e-20
-2.409556514638485962e-20
1.546770993553635842e-20
8.389231727001757671e-07
9.328278173028041057e-07
1.502054682941415247e-05
2.087594492314025500e-05
-1.196065389915610759e-05
-3.290102723588096374e-20
5.472351614939348577e-21
6.050515552078563696e-21
9.106394747067833324e-21
4.354471125997159648e-20
8.163147217516842828e-08
1.316037625314199614e-05
7.750682714332286902e-05
-5.120502363836065281e-05
-4.895362948814498350e-05
-6.926866148533409433e-20
-3.898446816051219275e-20
-3.061578080531616526e-20
1.219470921660224074e-20
1.851679716785973048e-20
1.378238030810790151e-05
3.618342750568586969e-04
-4.881133410237661451e-05
-4.837056509187873945e-05
-1.988657830664591820e-20
4.889464501143133615e-21
5.179440997324535697e-20
5.201689326048674052e-20
6.234479200318447639e-20
1.189862304277922228e-05
3.387052612790808536e-04
-9.391322814289142064e-21
-5.343512818255750754e-21
1.345428233901283898e-20
2.155023846956189014e-20
3.277506738111508506e-20
4.215014780483114688e-06
4.489240883407238522e-06
1.103472698371839547e-05
8.517893324767064709e-05
-1.362536798621508328e-19
-8.464854132892468932e-20
-3.334791633033877769e-20
-2.584826168782317974e-20
-2.069404719353347195e-20
2.202079342454613466e-06
3.892635176439028531e-06
1.768451095356185905e-05
3.571290412728108548e-05
-1.405428146955965925e-20
-3.908323178573751827e-21
7.258989087729827902e-21
2.578035425176255541e-20
4.171550150360153431e-20
4.047004091585476034e-06
5.768461801450458627e-06
7.173843503339567650e-06
2.545743834102790767e-05
-1.334406059001953283e-05
-1.242706103086836698e-20
1.371650444661900304e-20
2.749124391011554514e-20
4.937404778949680049e-20
6.206836962627490213e-20
4.973139986877767403e-06
7.524946038480776828e-06
3.521967038044359011e-05
-1.357893944668802524e-05
-4.180565932495773565e-21
2.719497104473889114e-20
3.030310894992865749e-20
3.472167204299248639e-20
6.185921131647490102e-20
4.827873658651942545e-06
7.495397187652992433e-06
3.584226300161567756e-05
-1.770198266401000441e-20
-2.088511990374360712e-21
7.068591132140884996e-21
2.017143072854874971e-20
3.174587393628110251e-20
2.022036743407888567e-06
5.578495264527497189e-06
7.185442237525367594e-06
2.681315927390010820e-05
-1.210871269216483392e-19
-9.578582905106569500e-20
-4.923884649875199162e-20
-7.390968914435180236e-21
2.209838955529215533e-21
2.179076005470535394e-06
3.903269194124089717e-06
1.645591560109184592e-05
3.622482370567050273e-05
-2.582722761413101226e-21
2.781229703908342044e-21
4.069574057166077612e-21
7.955444388189720172e-21
5.313266908969426322e-20
4.217519059891617013e-06
4.487231200111376037e-06
1.037183822634698696e-05
8.607891601628917260e-05
-4.883529064410884645e-05
-4.834507841212631196e-05
-6.380335824588543124e-06
-1.985769162168897793e-20
4.122633743565380848e-21
2.802424568557008516e-20
4.262388132189409010e-20
7.945760686940950499e-20
3.386998894202635445e-04
-4.801533919987126871e-05
-4.713823690295337860e-05
-3.478544648924499285e-20
-1.945805409341462484e-20
5.050607412645175536e-22
4.240304987634722596e-20
5.068231873431188421e-20
1.922216794045676137e-05
3.640421125663665693e-04
-9.175627584021448680e-21
-8.618530300279153213e-21
-8.165290201617906877e-21
5.103319881910213770e-21
3.257744540513954343e-20
3.663615471286271581e-06
4.898316890912466493e-06
1.611947579524614435e-05
7.414286951634456912e-05
-7.259212105289820648e-21
-4.245268497121723931e-21
-2.935827183843620178e-21
2.219215870259361967e-20
3.853881287719220061e-20
2.472522939322837219e-06
2.729152747390520162e-06
1.559224086206231936e-05
2.556455360317001088e-05
-1.265752553121827328e-20
-2.909375545135833209e-22
3.080842011370028513e-21
6.399665459465589272e-21
2.424645227037963698e-20
5.473068790010978212e-06
5.728951968885835477e-06
7.432104330018941135e-06
2.713265953537797885e-05
-1.002203366594800367e-20
1.330984918708512313e-21
4.420740952901750505e-21
1.498057024658060458e-20
1.541964943028173313e-20
6.001578028351587049e-06
7.036516812825834984e-06
1.577222091984365469e-05
2.616282097694241172e-05
-9.589884079475850221e-06
-1.145254547694470825e-20
6.005420584341945837e-21
1.960941872211719404e-20
2.668035060831419317e-20
3.105617731369450541e-20
6.047011978729341865e-06
7.000080290265707862e-06
1.560884193191018276e-05
-3.003465990881647712e-21
-1.932181967516839881e-21
-4.898186367413100017e-22
3.713316431329478576e-21
2.318421325388414725e-20
5.507814742919528301e-06
5.753813102424502592e-06
8.817397401786110795e-06
2.424426224730638374e-05
-1.058709610169027867e-21
1.312385179020022101e-21
3.258148381820112146e-21
4.450463907344158996e-21
1.583492739442303887e-20
2.472274287084111677e-06
2.767723280924638897e-06
7.622120290861092803e-06
2.798949416003320480e-05
-5.671365783206637907e-21
-5.331450397582287008e-22
3.620846703199361934e-21
1.207229097698119064e-20
1.946451330183417221e-20
3.808947273242641831e-06
4.916971502881698470e-06
9.307778253290451673e-06
7.471159432483744187e-05
-4.801868382729780637e-05
-4.717698739578594669e-05
-2.420791028114862339e-20
-1.652640135157642181e-20
2.210527924643578354e-20
3.627541993809170645e-20
6.661643315583769075e-20
1.908292934515644519e-05
3.639999231055304329e-04
