4.228165326340658750e+14
1.913148364036973125e+14
1.424163556622265625e+14
1.823176017936805000e+14
1.625288360836930000e+14
1.627518362616818125e+14
1.483019627135842812e+14
1.674410668139284688e+14
1.921994420594282500e+14
4.223348240333671250e+14
4.313032013213578750e+14
1.993125136892226250e+14
1.385558072527565938e+14
1.704600139304571562e+14
1.743579593819461250e+14
1.745555823262785000e+14
1.702916273369388125e+14
1.374447178067806250e+14
1.980988068723053125e+14
4.301644282777550625e+14
4.212708291216090000e+14
1.771653353030859375e+14
1.174862951726394844e+14
1.330241197120523750e+14
1.369311391795879375e+14
1.368221190750426250e+14
1.431486563335165625e+14
1.172205190070292500e+14
1.836182598786348750e+14
4.187220427216319375e+14
4.063253915850046875e+14
1.898307528041307500e+14
1.548148009857645625e+14
1.377781895672241250e+14
1.652871015626060000e+14
1.658096204165482188e+14
1.321609859366399062e+14
1.535535798935768438e+14
1.892341425129486250e+14
3.958391993092506250e+14
4.229490748292785000e+14
1.901698359971853438e+14
1.388209775056900938e+14
1.438019179862740312e+14
1.610649586929811250e+14
1.379481415769550625e+14
1.434700906297951875e+14
1.281283059473663438e+14
1.800752143925823125e+14
4.227907119313238750e+14
