4.542880164644725483e+03
1.965408645302805326e+03
1.534071484729271333e+03
1.582790163707176134e+02
2.239646536242539696e+03
6.038323773017058329e+02
6.655640874876130511e+02
6.007163818216750997e+02
5.296085217935645915e+02
2.242522663292789275e+03
7.668864391451347728e+02
5.031461379467447159e+02
1.637500567151163750e+03
8.387444768666264281e+02
6.127915700299627133e+02
3.044189607830722935e+02
2.931124302311721976e+02
4.570755333514434255e+02
6.358404991411603078e+02
9.475355339182111720e+02
9.626664456935144472e+02
9.265362265919183073e+02
8.974247950020710505e+02
7.713051266783101028e+02
1.356963924713559572e+04
4.170749680359718695e+03
1.567634096298806753e+03
5.385066672303422820e+03
3.288292840667929340e+03
8.546981256795397712e+02
3.770266289674708332e+03
3.601645703500904801e+03
1.188415099163858486e+03
3.630122424686185241e+03
1.065448306628488126e+03
9.871000607388112940e+02
3.466611041050423864e+03
3.359906238450610090e+03
2.553068035001000226e+03
1.558662507830396635e+03
1.515124736613352979e+03
1.048037744774010662e+03
3.330185251144328959e+03
3.223552889874229095e+03
1.421085317047067747e+03
1.249793938118056303e+03
1.174169755896679135e+03
8.647480535284598773e+02
3.446231813619662717e+03
3.310936529554981007e+03
1.421427536640670041e+03
1.176150352719205557e+03
1.027388565512711693e+03
4.351049151760639120e+02
3.337104365251614126e+03
3.285564324013862915e+03
1.472106081420598230e+03
1.368757058497303888e+03
1.145308821847197351e+03
8.792102823640640281e+02
4.752288849320840200e+03
1.789210804055889412e+03
8.936633421860868793e+02
7.526854537148248028e+02
5.325693152382629023e+02
1.969589788663259924e+03
1.368825028278821264e+03
2.790720804414322629e+02
3.367596492652309621e+02
5.337643758008207442e+02
8.698190908759539752e+01
1.887687625777285234e+02
2.973054049201134603e+02
2.624942643750554225e+02
3.515315610243153515e+03
4.215074847848156878e+02
2.876165301585700149e+02
4.635640357575686608e+02
6.006233788260228721e+02
5.850061063812767088e+02
1.201445605942236625e+03
9.861190186427887738e+02
9.705151633795383077e+02
7.777644484720963192e+02
1.399907537943499483e+04
3.908695185106989811e+03
3.569123360337548093e+03
4.981735978913226063e+03
3.483180161433968806e+03
1.365303164670943261e+03
3.704219784320664530e+03
3.533135710409432704e+03
1.873693214846973660e+02
3.522996089824753199e+03
1.216000710979516043e+03
1.043601057296875751e+03
3.616584244059245520e+03
1.079965819806744776e+03
9.037884215688098948e+02
3.436556716527718436e+03
3.352720053671643200e+03
1.726582101681519589e+03
1.475491719401485852e+03
1.268660228355279060e+03
1.099123668664614570e+03
3.405405269963794126e+03
3.366843434224568682e+03
1.396162464091021093e+03
1.028334288205589246e+03
9.449652186658004211e+02
9.241034216545191384e+02
3.427892790047622839e+03
3.370142211296500591e+03
1.383605586025852517e+03
9.855375938829195093e+02
9.782475370413674227e+02
8.794833111625043784e+02
1.695627826554774174e+03
3.479169614453201120e+03
6.016569389356815236e+02
2.704017175382715322e+03
2.561995246809260607e+03
5.259838700556144886e+02
5.739120991562740528e+02
4.849784773427489881e+02
4.307902194577002319e+02
1.469334565171202030e+03
2.468172814599710989e+02
4.888282790552988786e+02
5.180050994283262753e+02
3.018023064129530212e+03
2.255348363505480393e+03
2.333810367592869284e+02
3.100506405958804521e+02
2.536983112599314154e+03
3.719370948508192782e+02
4.332269800405472324e+02
5.334637956167412085e+02
3.324547292216219375e+03
2.359249042905703391e+03
6.691505033671436422e+02
7.072838875111548305e+02
1.407395104777831330e+04
4.273059504310437660e+03
3.886301146947737379e+03
9.065714805890309435e+03
3.634998576806040546e+03
1.875257769717475867e+03
3.578619578247918071e+03
1.734892837896469928e+03
9.767402457130247058e+02
3.516155061387212754e+03
1.256600515046339524e+03
8.702338879692517821e+02
8.606603654094780723e+03
3.621751548667004045e+03
3.473708085212491369e+03
3.328265844311425099e+03
1.880951702407708808e+03
7.415097281938056994e+02
3.464611684446349955e+03
3.378575756827267924e+03
2.565088698349684819e+03
1.593885724204750659e+03
1.509626523766751234e+03
1.040556751892236662e+03
3.415045299242281999e+03
3.366261458721779491e+03
1.371133303857749752e+03
1.023243950766021271e+03
9.881986954976182460e+02
9.178142767949558447e+02
3.261469349942584813e+03
7.041459236891869296e+02
5.607475402909191189e+02
5.157866870655234379e+02
2.835659769110154230e+03
2.469854855748932096e+03
1.078150210318528025e+03
6.985313440098245792e+02
1.514803333090089836e+02
3.761083820857796809e+02
5.137725379893740865e+02
2.878947406415545174e+03
4.729053599298155177e+02
2.956002097724352780e+02
3.460481253839481042e+02
5.721222535363733641e+02
4.901625924330109001e+02
5.148271924615131638e+02
1.899476626564704020e+03
3.381014561097236992e+02
9.900814260865050755e+02
8.767815018320346780e+02
7.638572493334951332e+02
1.428867241298052431e+04
3.544043393208334692e+03
2.858478232546970503e+03
3.541341647414341423e+03
1.554310743583166413e+03
1.130121088888790609e+03
3.497555527248038743e+03
8.589935073631469322e+02
6.490871099511908824e+02
3.526948473603900311e+03
9.100951694724689105e+02
6.070174414020248150e+02
3.639097186140298618e+03
1.077354285188231870e+03
8.766298623111750885e+02
4.461788828708301480e+03
3.437211961966672789e+03
3.217227846358645820e+03
1.565823867788284815e+03
1.119986581717107811e+03
1.086551480944792047e+03
3.474376409930849604e+03
3.339310752393512757e+03
2.621176938588877874e+03
1.627781790078120594e+03
1.469706438751682299e+03
1.069328120570132569e+03
3.413913058165750044e+03
3.354964269190802042e+03
1.431457529496091865e+03
1.214979598047990294e+03
9.635156365399515153e+02
6.139195556567409540e+02
3.455220446583951343e+03
3.422140963738387200e+03
1.456786351609130406e+03
1.098305366029488368e+03
9.781513443399029484e+02
6.172627363763840549e+02
4.636881787343934775e+03
1.707340130424589688e+03
6.323917058021343109e+02
7.403406451746568564e+02
4.501245938008161147e+02
3.231169274549561123e+03
1.488621537691118192e+03
4.265711619018705392e+02
4.905857102622325101e+02
5.102842247020723221e+02
2.867752921439212969e+03
1.021617916936493430e+03
4.944517674377674865e+01
2.658840456505546626e+03
4.871094833847511723e+02
6.062889440325466239e+02
5.918130750121387109e+02
3.344518414386529003e+03
9.989983417641582264e+02
8.937934155158328622e+02
7.782509404480081230e+02
1.284538489535578083e+04
3.649256170430637212e+03
2.823555933703300525e+03
5.025911818346219661e+03
3.539422200249287016e+03
9.317533748634147059e+02
3.622937845750278484e+03
1.056299048073947461e+03
9.214010209873788426e+02
3.599731756053931349e+03
1.037370527806686596e+03
9.903639603743530415e+02
8.190175521431784546e+03
6.139120949398785342e+03
3.043732400326576226e+03
2.686579101569326212e+03
2.440525306826472843e+03
2.390338325852576872e+03
4.623078855658209250e+03
3.473546499447685164e+03
3.240905548361301044e+03
1.421250024836625698e+03
1.406763168783035553e+03
9.589190559741720108e+02
3.434486255495962723e+03
3.156930021818171554e+03
2.596054841261711772e+03
1.462045736058521925e+03
1.149001625802418403e+03
8.287282065865405229e+02
3.440554891895445053e+03
2.884069873718641247e+03
2.643012756922667450e+03
1.416495698198565833e+03
1.346050053975750416e+03
9.057307368613286371e+02
3.341618849507680807e+03
3.118384149813993645e+03
1.900728938508320198e+03
1.430934464184921126e+03
1.342451506652937496e+03
9.359971016829514383e+02
3.462599754418422435e+03
3.261663887155246357e+03
1.565520883000579033e+03
1.426908881367816548e+03
1.074928509297726805e+03
9.483333044373338225e+02
3.407209860634433880e+03
3.373230466618751962e+03
1.379178216329582710e+03
1.002199508800186322e+03
9.877558394493817104e+02
9.225981673085790362e+02
