2.694076398381803350e-01 -1.046240952762190202e-01 9.688175151126564646e-03 -1.314210307099998760e-02 3.121070677629404072e-03 -1.220835354571733712e-03 -1.290658123420099779e-01 3.471001392535543600e-02 -1.375364018112914255e-01 -1.291325084451701855e-01 6.727542155619666009e-02 1.239190906068046716e-01
-1.069931255788856422e-01 1.061605451719856569e-01 6.679944052697257828e-02 -1.475650184554782272e-02 3.331766315182167759e-02 -7.190639914785205457e-03 3.831686640426262142e-02 -4.535236343799849135e-02 4.654002968264688705e-02 8.114739266889162139e-02 -8.689240947867978015e-02 -9.844431775023626541e-02
8.479031457226464744e-03 6.053529380068454341e-02 5.802964151594983688e-01 1.555272472293635095e-03 -7.055188986568546906e-03 -1.975653706382166433e-02 -1.789336869312191380e-01 4.725894066804549321e-02 -2.859360849364915302e-01 1.627453976250379797e-01 -9.809139939228773974e-02 -2.467913400929833134e-01
-1.314210307099998760e-02 -1.475650184554782272e-02 1.555272472293635095e-03 1.952748243518483834e-03 -6.480016565648983066e-04 -9.323669421913852791e-05 3.583660093056628172e-03 7.451945371935063227e-03 -7.517497486748428394e-04 3.614484883187342543e-03 7.701890910652903210e-03 -1.148086901246553066e-03
3.121070677629404072e-03 3.331766315182167759e-02 -7.055188986568546906e-03 4.213659552435081862e-03 -3.457303878251849483e-02 5.927377962841879309e-03 -1.387299156616633982e-03 8.879769635001778186e-04 -8.958842860701073845e-04 -2.230652999942085365e-03 -1.132805678387359708e-03 2.455196496483694635e-03
-1.220835354571733712e-03 -7.190639914785205457e-03 -1.975653706382166433e-02 6.824593657172835573e-05 5.988715746711918350e-03 1.060076729033334990e-02 2.991955968669504987e-03 1.196786297747824690e-02 2.793474338784106888e-03 -2.221157858508276267e-03 -1.076162242213655161e-02 5.209586474700021903e-03
-1.290658123420099779e-01 3.831686640426262142e-02 -1.789336869312191380e-01 3.583660093056628172e-03 -1.387299156616633982e-03 2.991955968669504987e-03 9.868180982855953576e-02 -6.523448762947249568e-02 1.608029830796904314e-01 8.735653697219569747e-03 9.017325788091788957e-04 1.888199094057476171e-02
3.471001392535543600e-02 -4.535236343799849135e-02 4.725894066804549321e-02 7.451945371935063227e-03 8.879769635001778186e-04 1.196786297747824690e-02 -4.150032678236140193e-02 3.657278411488484871e-02 -4.925967470795378916e-02 -3.873733276311370349e-03 6.452911307243164481e-04 -1.093199700533366986e-02
-1.375364018112914255e-01 4.654002968264688705e-02 -2.859360849364915302e-01 -7.517497486748428394e-04 -8.958842860701073845e-04 2.793474338784106888e-03 1.596341826608228542e-01 -4.980941467308695053e-02 3.175153796106654491e-01 -1.852402915253741414e-02 2.620544148643749044e-03 -2.987828565294389782e-02
-1.291325084451701855e-01 8.114739266889162139e-02 1.627453976250379797e-01 3.614484883187342543e-03 -2.230652999942085365e-03 -2.221157858508276267e-03 8.735653697219569747e-03 -3.873733276311370349e-03 -1.852402915253741414e-02 9.720055183142292665e-02 -9.602759184965856121e-02 -1.444312355491878808e-01
6.727542155619666009e-02 -8.689240947867978015e-02 -9.809139939228773974e-02 7.701890910652903210e-03 -1.132805678387359708e-03 -1.076162242213655161e-02 9.017325788091788957e-04 6.452911307243164481e-04 2.620544148643749044e-03 -7.730361939071415944e-02 8.494739626185469905e-02 1.103067313221939710e-01
1.239190906068046716e-01 -9.844431775023626541e-02 -2.467913400929833134e-01 -1.148086901246553066e-03 2.455196496483694635e-03 5.209586474700021903e-03 1.888199094057476171e-02 -1.093199700533366986e-02 -2.987828565294389782e-02 -1.436595265188113923e-01 1.100703639644581983e-01 2.730494652713332249e-01
