0.000000000000000000e+00
1.079642244212452445e-02
2.763855923158669778e-02
7.798788921714019939e-02
1.002568026590993158e-02
1.332268921861231963e-02
1.040235396733996537e-01
2.186444867173592196e-02
6.442591174101878863e-03
2.943949261856728533e-02
5.795556781161866414e-03
5.199205437747463424e-03
6.426509507899819118e-02
1.044276569678946436e-02
5.756286521807521539e-02
7.144478482385308027e-02
3.576765331199199122e-02
3.352162482078480804e-02
1.222634640367965472e-02
1.178580533288049390e-02
1.334311094712213423e-02
8.773791438701546846e-03
9.249254527199468265e-03
1.071454745454031646e-02
9.459331575814163354e-03
7.948687463645697643e-03
8.954689129761146324e-03
-2.046152301903185044e-03
1.093380158838668306e-02
1.952822583348697849e-01
1.925439239031623978e-02
1.319210856348111173e-02
0.000000000000000000e+00
2.073037470906219717e-02
8.498004217259798668e-03
2.809150055330674346e-03
1.044237078606156770e-02
3.263252124844333996e-02
1.058619340107052123e-02
-2.554052682825868996e-03
8.273267128487445457e-03
