0.000000000000000000e+00
4.646458918146752909e-02
2.207997133902845840e-02
2.142331478143894852e-01
1.581262855857988592e-02
1.321598972257687077e-02
6.000430046007824980e-02
1.179162770131980675e-02
5.602037401034051269e-03
1.388281764779156387e-02
2.135351514343082971e-02
8.276754228003764188e-03
6.705176674466888087e-02
8.480296298024322249e-03
4.234964890706394841e-02
6.729112013680987880e-02
3.226641517232513301e-02
1.363298887745315324e-01
9.671789309000500615e-03
6.862755841893131495e-03
9.046086060864195685e-03
7.762143966616800485e-03
8.741537058173775437e-03
1.280274332310110327e-02
7.284178620829566235e-03
6.585791845887049335e-03
1.137830546468345146e-02
4.091897305986713987e-03
5.189492209160376929e-03
1.836970081789290055e-01
1.097665943504422953e-02
7.834177135383065330e-03
0.000000000000000000e+00
1.253533858866647498e-02
1.135786648159811153e-02
5.587821303890549637e-03
8.700340824010003443e-03
2.242842569587934209e-02
8.009566950392417841e-04
4.814436928484851566e-03
5.376995790275100433e-03
