1.939986633655466780e-02
2.549661585744307860e-02
5.246218121803014264e-03
4.524999448481759751e-02
1.750830343800584624e-02
3.058946235407034031e-03
-3.916789931039195774e-03
1.148658367202296145e-02
1.804983152828324941e-04
8.864212425531866474e-03
3.135570886444309299e-03
1.467034781944912827e-04
4.219088770209903846e-03
4.034959561353254100e-03
4.574303759024974324e-04
5.738014835256895164e-04
3.554787674654750693e-03
-2.425781417327388476e-03
-1.376934563119380892e-04
2.307092925543000918e-03
6.805507525854026692e-03
-1.831234663278561792e-03
1.663028702374114154e-03
-1.838034488315002692e-03
-9.945062976843833101e-05
2.517569273267960877e-04
3.307545119929737045e-05
7.087673589764401387e-05
8.090442591629128653e-05
2.705907832789261960e-02
8.612906248786078578e-03
4.949815258940107841e-03
0.000000000000000000e+00
2.322908327958289262e-02
-1.444090949994277470e-05
5.333819139223076019e-06
5.466809237516049788e-03
5.962172785555257086e-03
5.680465504856672086e-03
3.462911039555234896e-03
-1.132735437145537789e-04
3.698217884711355995e-03
1.363409314466916127e-05
2.800206912213118113e-02
6.221697509974343995e-03
-1.016789432758106489e-04
5.140798616976398165e-03
8.623835940323298227e-03
9.809692517391832567e-04
4.804758407533138431e-03
2.236707231790569048e-03
3.222311461259856104e-03
1.401605316876475965e-02
5.930870906826654111e-03
1.573086359205596099e-02
3.306976490134331658e-03
2.106972749158601398e-03
7.062351130377956393e-03
3.023305919441281533e-02
6.665127321532348943e-05
3.123065533033061222e-03
3.868976338135201448e-02
2.232719804714141182e-05
1.552167873598477889e-02
2.331978468467962027e-04
5.052574623756248690e-03
3.351182430922018674e-02
-1.952459648942289280e-02
2.920652310677608610e-02
2.582134129081180285e-02
1.554783278552666350e-04
4.933103242474593669e-03
0.000000000000000000e+00
1.470770443736520681e-02
-3.282748964811658401e-05
1.413297024480009048e-04
1.723640340718442688e-04
1.868561297626256806e-02
5.391303869720657539e-03
1.015116325009538857e-04
1.809353275955386886e-03
3.399540465322729507e-03
3.025267713347775268e-03
1.377357222799731849e-03
1.013304244146791787e-03
5.768197151697777901e-04
1.578220338559173722e-02
2.771982073200596284e-03
4.156836055217475682e-04
2.684676065226968781e-03
5.849336154960896881e-04
4.391095337472616797e-05
1.678338752665526831e-02
4.477643541241086572e-03
4.324049567779320036e-03
1.361588620371501079e-03
8.247154655127153511e-03
6.115690866593795870e-03
9.744125707544822393e-03
1.347554389895185521e-03
5.864925613717090168e-03
2.132736536547715292e-02
1.847032114625764797e-03
5.461830578790431365e-03
1.459157256195157525e-03
5.520338100405789978e-05
8.950962676698977910e-03
-7.643476968868245249e-05
5.910951727489677232e-03
3.039665740416360243e-02
1.075422155849548034e-05
4.788835539092595401e-04
0.000000000000000000e+00
2.812061583536085369e-04
-1.429044431469073084e-05
3.167637173624893057e-04
1.215277993291241616e-04
-1.088723716335580037e-02
2.089431242187626391e-03
-1.800033230240360993e-04
-6.709451375327931451e-04
8.859767129121310161e-03
4.735702762109402495e-05
1.372861558188699822e-02
1.411166981342256311e-03
4.874785749554037297e-03
6.307752741270489455e-04
5.607665867344565486e-03
1.198287158157714492e-03
1.237734968470460719e-04
-3.771933289621702399e-05
-2.808769237948371749e-04
6.958369807823871871e-03
7.597220993116667910e-03
2.545899072744051248e-04
8.746701520511506248e-03
4.908076397000408174e-03
-8.957703600965446480e-04
6.576666416120210447e-03
3.548142711752670506e-05
-3.290195902174719713e-05
1.699909742852173319e-02
-1.461372446809328011e-06
3.880678881033346574e-04
-4.435841207567629146e-03
5.302991112117857488e-03
1.569635642152446969e-02
-5.206178922777082718e-03
2.392902343172605487e-03
2.361371825179413297e-02
7.769148910178695622e-05
0.000000000000000000e+00
0.000000000000000000e+00
5.368460398972629485e-03
2.047195127711002715e-03
-2.389707250914548594e-05
7.053926738125467291e-03
6.115047914748527984e-03
1.870828273590567083e-04
-7.569619222457616434e-04
6.465243939003769563e-03
1.367176644252972642e-04
6.114836820858411638e-04
2.340709585428974934e-02
5.602548996323323913e-06
1.553372324363052302e-02
5.152286015943714943e-04
1.025326160100974507e-02
4.025698501951505831e-03
4.786295979174045104e-03
3.777091190506694945e-04
2.800989094838183570e-03
4.699144965022143293e-04
7.974832785295020150e-05
2.181866727971500542e-03
3.244995798882266413e-04
5.079405397475274645e-07
-3.212265336366352370e-04
4.464839293087267090e-03
9.677587453701766722e-05
1.389679493367553410e-03
1.220274012487885217e-02
-3.443845910708897982e-05
1.060954062780764955e-04
1.975384824685925619e-03
1.528063053647075835e-02
1.424410428059067792e-02
3.011167650057614865e-03
2.006691642803779679e-02
7.221844384520448084e-04
3.867893346202092887e-03
3.022516581854469385e-03
0.000000000000000000e+00
4.580184367140264536e-03
-1.777244296206070693e-05
0.000000000000000000e+00
1.260818624932258424e-03
3.722323599368045468e-04
1.221400507991502794e-04
2.931433041223733844e-03
1.826170847122554619e-03
