2.258074097459558324e-02
2.022074669441685513e-02
7.042536774250966573e-04
3.124775472330559509e-02
5.523531378921327402e-03
8.561096074942857502e-04
-1.144056852458966980e-03
1.988094988607319938e-02
7.690349726409288810e-04
8.063910927036000570e-03
2.071197515428613301e-03
6.272587712907580666e-03
2.063996134527701278e-03
-1.951758154121074787e-04
9.119776833597844625e-05
6.963910100933816232e-03
8.796920822580404573e-03
1.818640218202993708e-04
3.582166941195922757e-03
2.507644493012328832e-04
5.276727139015139831e-03
1.313924602415828674e-02
6.138282397896154831e-05
8.231241472837743170e-03
2.300213327516279892e-03
2.970403424832153763e-03
6.495776075006842298e-04
1.331262432508835978e-03
3.676875402552903793e-04
2.040221934265210382e-02
1.366894820774544692e-03
4.049368443987029671e-03
0.000000000000000000e+00
8.928253468055369346e-03
7.676895703027024169e-04
9.294981864937194578e-05
1.210151331245682815e-03
-8.516957431892476340e-04
3.472096531852408938e-03
1.972937474862934801e-04
5.685044891569513304e-04
5.942097797133675391e-03
1.693323296105386897e-04
1.858792788647388450e-02
-1.938361769180948092e-03
1.755807093744499213e-03
1.893535566172566131e-02
1.460542987409444793e-03
3.421079269255722366e-04
4.157499846038082005e-05
1.062268653818909713e-03
2.341852231726752540e-03
1.316874482116914963e-02
1.957384979948965670e-03
1.839269248480146545e-03
1.290729802222037072e-02
9.993880353131883235e-03
3.092554525225632480e-03
5.906672044564312274e-02
8.305293166140497244e-03
1.170160857255349773e-03
3.795137578978645398e-02
5.944247664672126959e-04
1.381174644617703387e-03
9.773724771806601992e-05
1.502606397617665089e-02
2.214106632969210439e-02
2.847578333742569519e-03
1.245731450516633122e-02
3.858007001648601497e-02
3.183583107177123759e-03
1.587406029328889768e-03
0.000000000000000000e+00
2.196841396104150506e-03
5.313468313600570002e-03
-2.217436041633728296e-03
5.493192729431273453e-04
4.291755191911857462e-03
6.285086974313203526e-03
9.946618938534064220e-04
-1.407308639178617062e-03
7.550039255653162411e-03
5.821775575658254091e-03
4.755380623391551077e-03
3.290881319298236997e-03
1.307304932070467050e-03
2.432101323520437751e-03
3.254346387403384087e-03
5.381178536877140100e-04
4.028053128334763036e-04
7.291537832609200072e-05
2.735827815806723853e-04
2.901032145976943644e-02
3.821611078824652900e-03
6.732227495699165225e-03
1.682523213639252474e-02
1.515610164650339937e-02
7.008047385254275417e-03
1.399182302719440864e-02
1.342292072907073400e-05
2.161761741647081486e-02
1.573517787192718273e-02
2.132803523146975348e-03
1.740938432654246665e-02
6.898465035261776809e-06
6.565475698961376061e-03
2.620132506037838645e-03
-1.967262706184369665e-03
5.142646347231856832e-03
3.770005820718521240e-03
3.894671581187910130e-04
1.026699008566792949e-03
0.000000000000000000e+00
1.240209170000302176e-03
-1.513431293706624212e-04
-1.252581943101168348e-03
5.830922624106849202e-03
9.559854652523069873e-03
3.385008869647928003e-03
2.183647055216120236e-04
-2.218621318932430698e-04
3.412815965687388160e-03
-5.828666936203689584e-04
2.114115450554605521e-02
2.405320351617934276e-03
2.563381552989674010e-03
2.163529063869177715e-03
1.171614792925172212e-03
8.660965839901575659e-04
3.423505660030171874e-04
-2.814439450696444995e-05
7.869972877467823209e-05
3.381381354729362347e-03
4.934807054753760809e-03
9.318864099218189707e-04
1.965813971031306340e-02
8.283143879274682334e-03
1.851047598124895945e-03
1.031155266089065457e-02
2.350040124527996778e-05
3.250456718925986760e-04
1.028275949695475582e-02
-3.028231713927779649e-05
6.342885153397937077e-03
5.796593924485282385e-05
-3.962995243669919718e-03
1.278101616571926565e-02
6.045986118649630207e-04
3.013560238519256626e-03
2.911581789354162828e-02
1.514457969290690766e-03
0.000000000000000000e+00
0.000000000000000000e+00
1.661625840228118239e-02
1.551867978606735754e-03
1.261402559391407662e-04
1.109545464744362138e-04
1.271730856594377511e-04
-1.528761243948265893e-03
1.517454735473703752e-03
1.831300931415362054e-03
3.715647749901977194e-03
2.201772362913819445e-05
3.116926062534308706e-02
2.265633253100141076e-04
8.127906787091647781e-03
2.210639031821874266e-04
1.046595106007572849e-02
6.626719694043448246e-03
1.067477879415656885e-03
1.696513421789477014e-03
4.286543616474128987e-03
1.993931326008787242e-03
-3.843642765665178374e-04
-8.797275200656725085e-05
-1.381678864195793601e-03
-1.354342575890984121e-03
1.770918661101076675e-03
5.785674587459628884e-03
4.603622016255245336e-03
1.252498447568036345e-03
1.633962682730377355e-02
2.709216309990170220e-03
4.343706805649949661e-03
1.119009472512488791e-03
-1.187853454999661862e-03
1.345410833917178592e-03
3.905289497928639991e-04
9.978071997797025375e-03
1.054010450852264349e-03
1.190934790575925951e-03
3.108286879288324478e-03
0.000000000000000000e+00
2.919230869218162813e-03
1.648209578059371130e-04
0.000000000000000000e+00
5.999803752644676378e-05
-2.707530476186770013e-04
2.348597643677822534e-04
8.317169403520748570e-05
-1.352230649678265417e-05
