0.000000000000000000e+00
1.372415873992920490e-02
1.664360316369413104e-02
1.578869794030256790e-01
1.526703049232076490e-02
2.599326268577709445e-02
1.100240845800668082e-01
3.844957133581928393e-02
1.487801416042150091e-02
1.921448925429531177e-02
5.465922163432512977e-03
4.958372414503335254e-03
8.746805151865783001e-02
1.054537373711072340e-02
6.737998583141589781e-02
8.931620267546375169e-02
3.361055467548439840e-02
1.399400054565865248e-01
1.481331088194470097e-02
1.730183690456573928e-02
1.789373491273309538e-02
1.609168503746730497e-02
1.569861816260461826e-02
2.040724190557372669e-02
1.299809576566304282e-02
9.015046344205209124e-04
2.830445796984011261e-02
4.364979713440127890e-03
1.250537152936742960e-02
2.959841264207203060e-01
1.274122840184683039e-02
1.692859676769296190e-02
0.000000000000000000e+00
2.056617182185553963e-02
1.824827902948610719e-02
3.810518338921549831e-03
7.294180415504602881e-03
5.685950821388022214e-02
2.425083940019687884e-02
1.722416681453979017e-03
3.879207235968850503e-02
