0.000000000000000000e+00
2.470526131005210818e-02
1.816711795279043681e-02
2.391590987400940560e-01
2.047261897355134863e-02
9.027807528788851787e-03
4.030654087106954470e-02
1.674395998214871228e-02
6.351479420477808974e-03
1.133328510340430792e-02
1.251423338430427031e-02
6.772154061110483708e-03
6.048426850620588352e-02
7.412167676125647545e-03
4.119314507111217216e-02
6.446274259520330674e-02
2.818465922901848553e-02
1.870084219729520603e-01
-2.467678942764672811e-04
1.039760850417289183e-02
1.610372987779297438e-02
3.465997622498935820e-03
7.135165412689259239e-03
2.502575842869101536e-02
9.032162703437651707e-03
-7.734919789399219425e-03
-2.228478881477110316e-05
3.718658437656034363e-03
-1.863288698111440628e-02
1.942202876430444425e-01
8.475513846128006692e-03
6.946417835229283175e-03
0.000000000000000000e+00
4.582063705886770845e-03
9.248578293736701983e-03
1.880504022785123254e-03
1.176817435693031620e-02
1.197913899335609038e-02
-1.571621851167718598e-03
2.906041893262734013e-03
4.341392524570553135e-04
