4.287572330411481940e-03
6.976652718643079794e-03
8.427553916482791738e-04
2.499429132010674501e-02
6.702180366600174119e-03
1.384270311408797348e-03
3.995612148928222133e-03
1.536186410094636176e-02
1.103905641304692153e-03
4.586628687364117593e-03
8.636558046704045921e-05
4.436142003105158940e-04
6.509036211682306394e-03
1.967012197197999870e-03
1.820950747407105660e-04
2.134086507249732985e-03
5.353812925882868966e-03
2.388033009505400716e-03
3.389611379984946993e-03
1.910654977893844154e-03
3.307257455197088001e-03
9.023037729267439216e-03
1.172021541823979081e-04
-3.920321595483692786e-03
2.380706543490555306e-03
2.862408888014404294e-04
2.896350385272716734e-03
2.714259713761268847e-04
2.845139361089321422e-04
1.478474142757366626e-02
-7.791918707802973024e-04
9.388609947637386330e-05
0.000000000000000000e+00
9.632970771016399411e-03
9.747068261789355826e-04
3.505442758229504680e-04
3.762301521672391496e-03
1.841111996283073494e-03
2.653739318472222129e-03
-2.099822512365475454e-03
2.065201039991526545e-04
1.105819885715260973e-03
2.962627856241602589e-03
2.037365243028333578e-02
4.758479261419701074e-05
7.552580252411011724e-04
8.894452877388563453e-03
1.710032127506925593e-03
2.430237326456123170e-04
4.028750898273333100e-04
6.086570720327551644e-04
1.764705615483179056e-04
1.951401258572215552e-02
7.865704800910903625e-04
5.048867484362203409e-03
3.487301429609934809e-03
2.559982043736923080e-03
4.209133421183082653e-03
3.303110431920942835e-02
2.870078454250505891e-04
1.949506455762156296e-02
2.310412724781023622e-02
6.263319760553276438e-04
1.409644490213931125e-03
-1.217376132888562771e-05
1.351340987381806878e-02
4.003461792935420621e-02
-1.512486955953740110e-04
2.684536274191919036e-02
6.928274863496134729e-03
9.893584886998688446e-04
-3.024051008033120432e-04
0.000000000000000000e+00
1.103026365365892712e-03
4.694178757741621967e-04
4.203344125711513057e-04
1.430036009752030110e-03
1.172077373469869281e-02
2.947871746079800065e-04
1.095277952624466381e-05
1.891500573924709359e-03
5.333652436420610946e-03
1.336207287571407722e-04
5.987158283706158629e-03
4.763349346313890814e-03
8.065333067329927491e-04
1.889976649050477018e-03
1.050773091875631220e-02
1.076653193018254706e-03
3.704398959504444019e-03
4.344265144748312227e-03
2.065303012678487704e-03
2.218765400673254964e-02
7.682688675612622288e-03
2.334563210066272268e-04
6.278134317713106143e-03
2.905465047379917481e-02
1.437878377589270904e-03
8.980038595036991117e-03
6.762802243603261310e-04
1.718012023054559662e-02
8.910079988683865249e-03
4.993530238652418287e-04
1.218600702794991192e-02
-6.517970399895951794e-05
1.152896845222321212e-03
4.176741584932064030e-03
-1.200139777402927320e-04
3.345225628172373341e-04
1.764701755746682019e-02
4.016959365428007583e-04
5.321982258541746664e-04
0.000000000000000000e+00
-9.222086167669137904e-05
3.999947902228499167e-04
2.242328423968912741e-04
2.231848957392138910e-03
3.680656190646236677e-03
1.885728608240078239e-03
6.293233677283627530e-05
2.995096299842899251e-03
7.427730965269992852e-03
4.603756630704447517e-04
2.041707533590851609e-02
9.094834423851757069e-03
1.334774195556557653e-03
6.079156977353276058e-03
4.688887388662524996e-03
1.232008921608588638e-03
9.430795045882364161e-05
6.717409305775283272e-04
-4.252211018917299574e-05
1.611483093981756765e-02
8.563858492488212251e-03
2.439726717742366977e-03
8.457789808178498361e-03
8.885717036761990595e-03
5.169478999716685006e-04
2.150757942035484704e-02
1.135609451629123357e-04
1.278271074323574516e-03
5.542716896149794611e-03
9.930207702280035453e-06
5.087381561913906659e-04
-7.637210849724685162e-05
6.753872480241544405e-04
3.657223364442518942e-03
-1.313190823713172807e-04
5.633002554367975805e-03
1.668121545230870362e-02
2.442797832796032571e-04
0.000000000000000000e+00
0.000000000000000000e+00
1.089197853526013143e-02
1.508210689130022207e-03
-3.785178968938707309e-04
2.545153308604053422e-04
2.417315419520171924e-04
-5.719167588363882615e-04
-2.129686982091734751e-03
9.092341811513563257e-03
7.157044099189491032e-04
1.768060045480579490e-04
2.001205624223225538e-02
8.612351106046019916e-03
1.273991970640370522e-02
8.713693829974340777e-03
9.435977267156630058e-03
2.680168938068919985e-03
8.549793614079556332e-05
5.254852780158137272e-04
2.428336993976991116e-03
3.704257678714665712e-04
6.231345792581480540e-05
2.568788160414866087e-03
-5.807187259889712430e-05
-3.828418744175758007e-03
5.052343916835688904e-03
7.312521146920343725e-03
3.487947089993855606e-03
2.703653910139677038e-03
1.246311987162683314e-02
-1.210033486290710669e-04
6.603536456282865352e-04
-1.786962732856093639e-04
4.734976363288863517e-03
1.134148656334314342e-03
7.916790554306147795e-03
6.980413616645978619e-03
9.628410131488222877e-04
8.506329768889135494e-04
2.218284387925854417e-04
0.000000000000000000e+00
5.688092825332106105e-03
-1.607564859443274272e-03
0.000000000000000000e+00
6.011031309555299809e-03
3.755377885206190314e-05
-9.613828020816006731e-04
1.363669535786223403e-05
-9.626451999492487100e-04
