0.000000000000000000e+00
3.122626876003170224e-02
1.257262219038307247e-02
1.016296136638564357e-01
4.894390316560841107e-03
1.042559388359540033e-02
5.335617877984403373e-02
7.746547447080172691e-03
2.817492877947280847e-03
2.193191815111420265e-02
9.659742569377915283e-03
5.146157187554430482e-03
6.712331286428435684e-02
9.613951118067502744e-03
3.058999375498530973e-02
7.311953181731227491e-02
1.335651822735216092e-02
5.615216265553743535e-02
4.402830883753401994e-03
9.773296456148994338e-03
1.376454145130990431e-02
6.178834527532924698e-03
5.299303284877561644e-03
1.455291232728420266e-02
4.726510149993900720e-03
1.969758147182417134e-03
-4.417309054394072919e-03
-1.832931047915020793e-03
8.082471822523529248e-03
1.010695497955052119e-01
3.557238394214764024e-03
8.619274693146154742e-03
0.000000000000000000e+00
9.753517721004249103e-03
6.557616527947640953e-03
1.128454856491326952e-03
8.036470086869695884e-03
1.182711573484556897e-02
-2.988386505813796657e-03
-2.882485817476787386e-03
2.476482972612707289e-03
