1.505964969317756096e-03
4.451346230658444723e-03
1.675047371415239097e-03
1.122008356377709841e-02
2.930950171594785564e-03
1.561345003728442692e-03
-1.322234641531457554e-03
1.352515743744828712e-02
-3.986198809603121456e-05
8.757603084693273154e-05
7.517990797979878792e-03
1.585076243079352966e-04
1.272946136687410322e-02
1.088898564989358546e-02
5.199144201227505089e-04
1.693510809771077950e-03
1.753823829734502127e-02
8.187062453093752346e-04
1.321821164425385133e-03
2.289228280305681041e-04
2.847774845613256466e-03
2.556055852743958565e-03
5.797637299075712454e-05
1.692664642942783406e-03
3.223595214664369286e-03
1.676597422511028003e-04
-1.388284007524627831e-04
1.292846656073121017e-03
4.046059611396109808e-04
1.387693277959470457e-02
1.791211695464367537e-03
9.350299154302262874e-04
0.000000000000000000e+00
8.196861153130148916e-03
1.972387310962201822e-04
1.182658990031818820e-04
6.364676100987424687e-03
3.652718288230912339e-03
3.876874850010943565e-04
2.623488354191349961e-04
5.947255547726615181e-03
4.336305696686304717e-04
-5.094225191647409716e-04
9.716173011632056253e-03
1.136438474869542591e-03
5.884838552438968577e-04
2.212375938671597153e-02
4.608563886018638838e-05
-5.882537581136586084e-04
4.526985289927676077e-05
1.697334342866267166e-04
6.256263795984133612e-04
5.126851632408920348e-03
2.369159941678107908e-03
-2.132769025011960022e-03
6.971170043307665237e-03
6.937169760032853467e-03
2.846531415452117388e-03
1.388776881991861563e-02
8.171672331171405453e-04
8.371549427609240382e-03
2.796137159916232962e-02
5.620289493015666153e-04
5.518207781429973480e-03
1.332936857760961603e-04
-2.188442385031967325e-03
1.845648198185174602e-02
2.180246514418734006e-03
1.622696191462248694e-02
3.997646147764040425e-02
2.036999024799383308e-03
4.133765034581478597e-04
0.000000000000000000e+00
2.119953840305388473e-04
4.306158177755555210e-04
6.237997626620620526e-04
7.973027971045858187e-05
4.618930612407441856e-03
5.153779318479593217e-03
7.692323057488052718e-05
-8.046767385782472182e-04
6.541331383986677362e-04
3.025203804942311445e-04
1.006028489779127108e-02
1.080277593064424800e-02
1.069929963069227077e-03
-1.615820514132234199e-03
1.113666539739321948e-04
2.518175547948642290e-04
2.523852227341727514e-03
1.914329204653145980e-03
2.568906098955177852e-04
8.799200806379192663e-03
7.719182452406562513e-03
-2.437779359303560102e-04
3.285988501852125498e-03
3.658042360032073143e-02
4.163368292400789535e-04
2.203607898015648436e-02
5.543164289684820566e-04
2.031731263399690676e-03
2.499487302390893464e-02
2.067667739848788654e-04
1.287850840654736206e-02
4.284864254427386051e-04
5.625304815227116957e-03
2.381179333243018184e-02
2.569113662733490738e-04
-3.012428950680478938e-03
8.267962053063009076e-03
8.488456375677522637e-04
-1.643286582766630621e-03
0.000000000000000000e+00
2.842554045896187633e-03
5.648407406753615852e-04
-4.105409881249855175e-05
-4.650406803553182593e-05
4.356561700120146867e-03
9.101484159289352288e-04
-2.861883473600131472e-05
3.897780125026965338e-03
3.784088964087913357e-03
9.983885704836214527e-05
1.967845350393866363e-02
7.835265453561834361e-05
1.121083223260336582e-03
1.602139049697667026e-03
1.305834026591530972e-04
5.908734847926866429e-03
-3.185396277465280250e-05
2.786790956552653717e-05
-7.478009567088625116e-05
2.121863347753873141e-02
5.333914170045406071e-03
-1.741513288532122328e-03
3.457787574692032170e-03
2.727080408156144775e-02
5.764373030110754755e-03
1.124598549573614312e-02
-7.480101749172500017e-06
5.490056776658036258e-06
3.160895598640744986e-03
3.703609145864946030e-05
4.451558693381244664e-04
7.626189226573802486e-04
5.873277967813376414e-04
1.408405014999650380e-02
1.038690179697502637e-03
4.366098469070019486e-03
1.880967601485221755e-02
5.259491881819178044e-04
0.000000000000000000e+00
0.000000000000000000e+00
2.635437862715526991e-02
1.117312825315834064e-04
1.622786206437284127e-03
1.022984814221435632e-05
-2.662212334008621714e-03
-4.803388157415877440e-04
1.407040508682492694e-04
4.603327138856064959e-05
6.198749684371714606e-03
2.418679046600387959e-04
3.062822241146615290e-02
6.698702786708477181e-04
2.207383416981893286e-03
4.326316852445740270e-04
1.162486578246034290e-02
1.073711305073565781e-03
2.461433272236209662e-04
2.600878988975467211e-04
5.053162930863293496e-03
8.626592069434612774e-04
1.614567555040776490e-03
1.678051961459958805e-03
4.952639640459777226e-04
6.921348544710425980e-03
8.528502053647043696e-06
8.564692029616309890e-03
5.243342278171151706e-03
7.693907508981172360e-04
2.181218454982159112e-03
7.525984634177684644e-03
1.128567798838645865e-03
-6.042953213075316068e-04
6.431970232425365591e-04
2.642631124251182406e-02
9.872863834962479479e-05
5.014001368857856286e-03
3.949049092560515399e-04
7.228095745603087654e-04
4.940261504101872920e-04
0.000000000000000000e+00
3.891603988766245692e-02
2.178480373012566527e-04
0.000000000000000000e+00
2.797434007322611711e-04
4.815326990219285673e-04
3.906614793527311120e-04
-6.967439328662284313e-05
1.481573460943915333e-03
