1.165079823264735664e-02
7.191686660532159436e-03
3.122517448246542532e-04
6.682826978476902324e-02
5.982199029864669441e-04
8.036107961111167665e-04
2.697812710982164914e-04
9.371753611207286200e-03
1.370887350734569530e-03
4.209209934023494179e-03
5.095078601506664202e-03
3.248077598788793653e-04
7.646876000008758119e-03
4.111790293285773855e-03
5.250314027621438622e-04
2.446542019497803012e-03
4.412659592377998416e-03
3.554986619896623613e-03
1.459599199966622046e-02
5.600788937445200016e-04
1.061598427843245956e-02
1.766940928507691397e-02
4.665503116679052260e-04
4.471689533724261881e-03
5.414908724405901978e-04
1.604520646548775631e-04
1.398291438480359083e-03
-6.913874812828050718e-04
-7.851130649111137455e-04
8.193507751405112657e-03
3.491756822481225427e-03
2.607403302504795843e-03
0.000000000000000000e+00
1.121245826741525294e-02
2.424525734668077749e-04
3.309897542547327932e-04
-2.808748856570971613e-04
2.421119574611411626e-03
6.948507498472089594e-04
1.143565266273238761e-04
7.581080820264762821e-04
2.508029005984354232e-03
1.033977893814400908e-03
1.422913627079596885e-02
1.284093336505313454e-03
5.270499947816290618e-04
3.876426345037279654e-03
1.360851238788877504e-03
1.240104721392976074e-03
4.309001484921341275e-04
6.574724884241156964e-04
2.268106730621618095e-03
9.785409570941131299e-03
3.169926431208258764e-03
-1.639639099780643193e-03
1.462101640310320416e-02
8.993113423856861563e-03
6.838447398545473635e-03
3.418494870463287261e-02
1.858800868802079620e-03
9.765179489248857272e-03
6.788222219406649105e-02
9.469842381703822863e-04
8.779827334980920203e-03
-1.017011278463549485e-03
1.032368267964566683e-02
1.527893949369324780e-02
1.256288568856037948e-03
1.102844848559239067e-02
2.529481231339190950e-02
-2.806893078333150271e-04
1.513258408119303724e-03
0.000000000000000000e+00
8.887977180819091284e-04
3.971037481396969991e-04
9.704650722148915097e-04
2.023382479446741099e-04
3.038403671050519689e-03
8.078279360036355605e-03
7.658889141861487072e-04
7.990655728044330705e-03
1.756161659237102414e-03
3.346692207490361334e-04
4.293402042497203655e-03
9.563205847172635832e-03
1.105336149921180454e-03
3.346975676759152488e-03
1.056988991951287194e-03
-9.629607652901958276e-06
1.296711579543556028e-03
9.847293100391229799e-05
2.580874853260602618e-04
1.841703664738301299e-02
6.342398132669051052e-03
3.338105939502011843e-03
3.104800782895319675e-02
1.355198624180310035e-02
4.530828004361368670e-03
1.137535200898747226e-02
3.227763078768005386e-03
2.258748836102054958e-02
1.654605442401942475e-02
-4.285705502971026873e-06
2.666613399471371576e-02
-6.360749357636530160e-04
2.057309943412392536e-04
5.138592185157545532e-03
5.374703907437513358e-04
4.746731166427875515e-03
1.835311661707657652e-02
6.601643210523885355e-04
-1.410735332040502445e-04
0.000000000000000000e+00
4.392437258513496971e-03
1.085028142072371480e-03
5.990066441344440025e-05
2.285578798346092275e-03
6.670757974288709855e-03
6.545390385176282034e-04
4.383727973473749713e-05
2.661199372585976337e-03
2.547270161027233564e-03
3.382341417029029445e-03
1.813947204330973104e-02
-2.060359970676920837e-04
1.403099422855517411e-03
7.260558231260550062e-03
4.829203945305512481e-03
7.625505411766283267e-04
-5.278845860553123620e-06
1.723989861625844664e-04
1.241695356819113227e-03
1.278013865952950905e-02
5.103856514649529955e-03
7.527234659990464079e-05
1.221886311883232761e-02
9.355675489248826276e-03
-6.261209443056008116e-04
4.153625591183292623e-03
1.067669580242143998e-05
5.039958882561960561e-04
6.233123985642951941e-03
1.139024395666599110e-05
2.875802201171577012e-03
6.224104581526113339e-04
1.357309053964694812e-03
7.757469889206032934e-03
3.704485773020997077e-05
1.438930667400025376e-03
7.317397351721677615e-03
1.040453564589327541e-03
0.000000000000000000e+00
0.000000000000000000e+00
1.696428307993459728e-02
1.621227496017518767e-03
8.914694224803436091e-05
1.147654487537323352e-03
2.677449353620871991e-04
2.426511424240921592e-03
1.834510259677809066e-04
5.749056572747601301e-04
4.909249913228830526e-04
1.212272599368372774e-03
2.649664333660585458e-02
1.266162849608928062e-03
6.299960248338351033e-03
4.931155597302180373e-03
6.814781536880302158e-03
4.183644011356942548e-03
3.292025654283066980e-05
2.162190574821091799e-03
5.974628959341110948e-03
-2.079671735864666894e-03
8.375713085448932560e-04
1.308034013321986546e-03
1.858332724016475924e-04
-7.838687632766294655e-05
2.326374827527547765e-03
7.492900703705933189e-03
2.920431513026418898e-03
1.265683123677444890e-03
1.555791006246300991e-02
2.482741718680673681e-03
2.055978237779099334e-03
6.265350450413542226e-04
4.362878017954600202e-03
4.662980125958730154e-03
1.071400168536233277e-03
3.672655070950543981e-03
2.902193475186424783e-04
1.425554904842559487e-03
1.074235658707678508e-04
0.000000000000000000e+00
1.943929466641125536e-03
-1.752045607975224046e-05
0.000000000000000000e+00
4.829809393407528463e-04
7.857066859870235080e-05
1.481246104796748184e-03
6.569705781105457561e-04
4.532295576743801792e-04
