-9.379138896851293983e-02
-9.175501520299998715e-02
-1.300203573769299903e-02
-6.718322356548664387e-03
-4.681948830009191598e-03
1.020067328615095859e+00
-2.717090594701945805e-03
-2.299391390679824450e-03
-1.339245476579816602e-03
-9.215462790444284898e-04
3.714529051003968851e-02
5.096347654356334633e-01
-1.784531676573714032e-02
-6.142847113097480707e-04
-6.097344390564560278e-04
-2.605858244544463631e-04
6.252160645837004371e-02
6.252615673218803183e-02
-3.927471398573645356e-01
-3.884647248353988447e-01
-2.369675415429917109e-02
-1.001678971612579572e-02
3.099814158773761541e-02
1.923778604560110850e+00
-1.338084525982136119e-01
-1.270908897466213050e-01
-2.889916174646607605e-02
3.824894172375997714e-03
1.054245704665790484e-02
1.073896093014264919e+00
1.438569780843585236e-02
2.066359021682639963e-02
2.132892436552189311e-02
2.279106294186242221e-02
2.973428946437694717e-02
1.249750593836420898e-01
-2.781734746067041075e-01
-2.546377296762284415e-01
2.285574609603335805e-02
4.639149028686129217e-02
5.502970050392619328e-02
1.579662914749443425e+00
-4.974996546856111368e-03
-4.585579208939663531e-03
9.572198275343508922e-03
4.097964735370407396e-02
5.656783383706150137e-02
2.695178381190214134e-01
-1.783840452014087349e-02
3.587050998685066550e-04
6.576258177947956474e-04
6.958844638157261897e-04
5.799445097619805589e-02
5.829337191713059030e-02
-4.551700346205817538e-01
-4.537050987433740024e-01
-1.559204432878526503e-01
3.780992199167382273e-02
3.927485786347473251e-02
2.036566254394656994e+00
-4.311920776996089333e-03
-1.008422082916658920e-03
9.991503555238038375e-04
6.310445204951020681e-02
6.511202448934796938e-02
1.248434564968644578e-01
-1.699808519019118877e-02
-9.579837780043128082e-04
-2.558545822828051097e-04
5.866457171461864073e-04
5.955437361220000669e-02
6.025650281446555401e-02
-7.323060866672932712e-02
-7.293390953576991964e-03
2.022229327769148322e-02
2.934812448931017892e-02
5.686380871525274772e-02
3.321372449940522831e-01
-3.290788515065171116e-02
-2.284699754184150305e-03
1.459638709794794376e-02
5.096663391722303788e-02
6.677906503189889875e-02
1.514090771504328636e-01
-7.912783743647655230e-03
8.336702016603145596e-03
1.841645028028148640e-02
3.466593604005632073e-02
4.804730606337613563e-02
1.563522134053293156e-01
-6.965080833042159858e-01
-6.933775948589460114e-01
-1.445477790222335912e-01
7.273193811731804015e-02
8.419338014711386098e-02
6.580558503542624393e+00
-9.361750916631089714e-02
1.507052390072471937e-02
1.693886420301346507e-02
1.910474790937422007e-02
1.916274514624661807e-01
1.951299671690641113e-01
-2.098258408323047663e-01
-7.832467877254001287e-03
-5.225643147752950801e-03
7.036345034254509745e-02
1.329452794062402354e-01
1.348301597595267520e-01
-2.498988314961855250e-01
6.973978427032748173e-03
1.022092773493812889e-02
5.655506353218234250e-02
1.042496547641421772e-01
1.062577106378893577e-01
-2.103409241677332009e-01
-3.650843393678430970e-03
-2.308519033484474070e-03
3.381280376016398970e-03
5.413943087689709888e-02
5.493996389798266183e-02
-6.204103595590139131e-01
-6.058264362040228779e-01
-7.294796745556098028e-02
4.276243919764122214e-02
1.514344164026310002e-01
5.700836236959989201e+00
-1.846273723993773486e-01
-3.785757440238463056e-02
2.585707910014162225e-02
1.374661223009330802e-01
1.834491392950122757e-01
1.429422986260337147e+00
-2.784457354063831214e-01
1.133919990827070290e-03
5.563941357003415744e-03
1.147769457227915124e-02
1.702953513480211789e-01
1.775125505335866105e-01
-2.522107652582440962e-01
-2.217705791144705674e-03
-1.863687556356324881e-03
2.252585170252266455e-02
8.047215259699416756e-02
8.079075681589489855e-02
-1.785689947536270583e-01
-4.297567972792229116e-03
1.495537627644589421e-03
1.621322662799825568e-03
3.990446735614416179e-02
4.073739663816394047e-02
-3.530864450480782901e-01
6.408043842714872262e-03
2.006046808678124682e-02
4.497392036870745402e-02
8.779599537667265308e-02
2.777324437812202618e+00
-2.829192878505397135e-01
5.231352758162832739e-03
1.373834391582928749e-02
2.520511163987176895e-02
7.221555413639607623e-02
2.846534529407282132e+00
-4.390234653045269053e-02
-2.983462382336016239e-03
5.659735903147666836e-04
2.076711074428238268e-01
2.244559223403176651e-01
2.291095209583327852e-01
-2.668952802728643547e-01
-3.551322546338969710e-03
-2.616358125138981694e-03
2.632058546247012520e-03
8.267808896415346220e-02
8.361305345394279276e-02
-1.595217453701543442e-01
-5.619712235010849988e-03
-5.239230657496721233e-03
2.911607331423163303e-03
3.648543518703722260e-02
3.762688105486809015e-02
-5.864083183752316630e-01
-5.859739432905107792e-01
-7.177421103125392055e-02
-2.883166052057140050e-02
1.663777475725445321e-01
6.216559431753013953e+00
-2.144701290865156651e-01
-5.598892518081765440e-02
7.844868681642851171e-03
9.774113067510298639e-03
1.135921420209187599e-01
1.170791858685954895e-01
-2.273291310756578310e-01
-1.438190368847444556e-03
2.711002784020505318e-03
6.696298086613874934e-02
8.170980971647806568e-02
8.332281841353444962e-02
-2.144499199999848338e-01
2.236663396741209175e-03
6.586161387494599007e-03
3.100446098593609423e-02
6.297341596603822644e-02
6.732291389610851884e-02
-1.860005816495119424e-01
6.339293604258198133e-04
6.720704156974134300e-04
1.337984205218592515e-03
4.045062611096396366e-02
4.106651499887293416e-02
-1.872450814974418454e-01
-3.126298603970337209e-02
-1.878830069676196146e-02
1.157799254672383649e-01
1.175962557116933538e-01
1.261557539051639587e+00
-1.728572553006096080e-01
5.865022173690545571e-03
7.804495556674617696e-03
1.073483415776507466e-01
1.274622619975800952e-01
1.306799660096809312e-01
-1.045075030586628539e-01
1.480128627637619654e-02
1.527735277244456069e-02
1.075837981010023814e-01
1.115839217380041465e-01
1.372596411848368836e-01
1.391960418645402098e-02
1.464377121461907932e-02
2.704430030164822751e-02
9.065855083215804133e-02
9.258595496437985184e-02
1.392051535987416933e-01
-1.824279235579831515e-01
-3.046694138334471447e-03
-1.912913941779552374e-03
2.599837273878853952e-02
5.225522314514896571e-02
5.315738473749324206e-02
-8.437113374028349932e-01
-8.209594586345454470e-01
2.459253309377795738e-03
2.521109400918142285e-02
9.818250321312904649e-02
6.158841082647724896e+00
-4.444116430983302557e-04
-1.482201944651706516e-04
4.340209108137718652e-02
1.258438805838305585e-01
1.265344396354943501e-01
1.447780020165280734e-01
-1.209898708568831437e-02
-3.023058243643413079e-03
1.351254028144452911e-02
2.683328100897718754e-02
1.131882204377234608e-01
1.222823588235207176e-01
-4.705062248736352482e-02
-4.223227995940256885e-03
1.351012404585683058e-04
1.894902904990265757e-02
1.099735632875922797e-01
1.147584726600183458e-01
-1.844916061974446742e-01
3.248012729160851264e-04
4.392320194598481331e-04
1.589277998493288102e-03
4.896911504041372154e-02
4.899845548282862062e-02
-7.395204110522617391e-01
-7.312899213302935797e-01
-4.285518623295847540e-03
3.944950456397200433e-03
2.825503756337119921e-01
5.979749483051102210e+00
-3.492963333284357375e-02
-3.261523437804499798e-02
-2.289258720517740875e-02
-6.369365726660580762e-03
1.868999540624215194e-02
1.971447057775481682e+00
-1.340374746712709626e-02
-5.530890792448726542e-03
4.965391920683792648e-04
1.507967152545627854e-03
1.273147114635566901e-01
1.286168414474049559e-01
-1.889826523558993387e-01
2.279188220530303788e-05
1.163415427240382938e-04
1.133538594727895310e-03
7.041077374305577952e-02
7.041545269951959840e-02
-1.712403427835794412e-01
-6.193426575341470786e-04
-1.427792352640816498e-04
1.211753453855227147e-03
4.038634051370534189e-02
4.067729744415028714e-02
-2.192975462588913904e-01
-2.158508557880761403e-01
-8.349048547706128254e-03
-7.709667965452193794e-03
-4.263013948490240734e-03
3.235498653386434498e+00
-2.268768648449377145e-01
-2.236014800060235064e-01
-1.337871326182432652e-03
6.213879133465383120e-09
1.937539378265767942e-03
3.243847662260986642e+00
-2.419329837654249360e-02
-1.933191793026336341e-03
3.209457434222538763e-04
1.180700634751168376e-01
1.201510861748512071e-01
4.481875815965107868e-01
-1.761096760158344654e-01
-5.826784903491061263e-03
-4.279977956518521420e-03
-1.331088742884095621e-03
6.742670110744052037e-02
7.021790861828743069e-02
-1.499368712921029800e-01
-6.060344081809436456e-03
-5.067147381521766580e-04
-4.011848788342126104e-04
3.252055034811481699e-02
3.262608893245083630e-02
-7.765266419115157692e-01
-7.650339989829606502e-01
-7.232329609570919970e-02
-6.083064857415821508e-02
2.182962944149438034e-01
6.278954875182437334e+00
-1.171745789999440179e-01
-2.889878160154582543e-03
-7.581534980014015268e-04
1.669504504490643138e-02
1.089773393659433237e-01
1.111162146589181748e-01
-1.691238963379360638e-01
-1.279447659918124536e-02
-1.321757949727525583e-03
-3.606966190915217307e-04
6.632070489843741590e-02
6.731469568216628951e-02
-1.742228216081178893e-01
-1.175341253814349285e-02
4.210342774067841022e-04
1.117499123577727791e-03
5.103268412248111729e-02
5.172914818746263826e-02
-1.666596716127382583e-01
-7.711716420960718077e-04
-7.153072443677049863e-04
1.234819886795700608e-02
4.125519141122278161e-02
4.131105568035531306e-02
-5.258327430968168931e-02
-5.126707119863253836e-02
-2.222648626213288847e-02
-4.653614803549747936e-03
2.685900986263957402e-03
2.052264886713060843e+00
-1.360631659596880580e-02
-1.267233158976447879e-02
6.376312148038738685e-03
1.245476020071524872e-02
1.019528577291074212e-01
1.028868410878726880e-01
-2.023204752664036973e-02
-7.737178054642065983e-03
-7.369697553184810165e-03
1.230910726508356937e-02
8.934019638315621181e-02
8.970767940989482492e-02
-1.069453698995723040e-01
-2.761919604211418577e-03
-2.505358200392979184e-03
3.694955393717128111e-03
7.811464841050290431e-02
7.939181217229070164e-02
-1.859263422312854019e-01
-9.602378937675903892e-04
5.067120764656179999e-05
3.131723637058089760e-04
4.980806456615959055e-02
4.993909881554137870e-02
-8.112317408639935223e-01
-7.950347123898041657e-01
-9.432009757222452329e-02
-7.812306883381103795e-02
3.993265517902801903e-02
7.226935580431502082e+00
-6.008011195571641948e-03
-4.376693880433820544e-04
8.005993868117440224e-04
1.719135673902149469e-02
1.842962551230652168e-02
2.098368689571419310e-01
-5.207538178239067006e-03
-6.449290241189757286e-04
8.894719201848581835e-04
1.131416575274307029e-02
2.436476939774577868e-02
2.593829237035086971e-02
-4.669825168203954081e-03
-1.032351665008683032e-03
-5.508752261510450887e-04
2.370744092506761949e-04
2.519009735102351391e-02
2.571069581775622601e-02
-6.083444573660135024e-02
-1.976673034172097415e-03
-5.105255478140614291e-05
-3.754539655790746348e-05
1.574515427505464998e-02
1.575866143239129311e-02
-8.003327129383828176e-01
-8.001063400092286448e-01
-3.269436323757507479e-01
-4.499632148598866482e-02
-4.476994866765818953e-02
6.616618446897034822e+00
-1.401834511788031534e-01
-1.370238525180274836e-01
-7.135321920920902061e-03
-3.975723215420638376e-03
6.055455084549916933e-02
1.695013895091015188e+00
-1.106330581529307768e-04
-5.654159522419475455e-05
2.775205203498883316e-03
2.271364904162825535e-02
2.276774050424790544e-02
8.442130880066898990e-02
-4.807384204809297956e-02
-4.545780233996855879e-04
-1.966204894666596925e-04
3.475310488264292397e-03
2.230545727130920503e-02
2.257235329238630253e-02
-6.096735861970010995e-02
-9.843736404775865236e-04
8.053220717148299281e-05
1.568438451341743021e-04
1.306036114504188946e-02
1.313667278283029566e-02
-2.928906619652676957e-01
-2.886149517344016591e-01
-2.672068979046238191e-02
-2.244497931777700295e-02
1.366197543983815876e-09
2.766291323449706407e+00
-2.979104344026695661e-01
-2.963070509087603055e-01
-2.170091743073920831e-02
-2.009753376963685501e-02
1.591672071921124143e-09
2.766291323452130690e+00
-2.950871881445887076e-03
-1.954261220871451876e-03
-1.533536995341434547e-03
-5.216370721342010984e-04
-1.009128937264091620e-04
3.763099518538505772e-01
-4.620633779069144992e-02
2.242577888767610661e-05
4.648796635048878245e-04
1.477399374022234091e-03
2.103673023294460112e-02
2.151138419833251506e-02
-5.841274921142064480e-02
-3.454852939214700380e-04
-2.125084661760059251e-04
7.168127685956184048e-05
9.929175137092363657e-03
1.009299993156605700e-02
-8.383242614445085561e-01
-8.278614671934506619e-01
-1.066450441378219427e-02
-2.017095616579922535e-04
7.329989571205686172e-02
7.037794781980700520e+00
-1.067017309153007847e-03
-5.341432570041194277e-04
1.094365705320066813e-03
1.645642735104066792e-02
2.590147472102508064e-02
2.643434877310486472e-02
-4.371564202196439458e-02
-1.664970731832492168e-04
-8.220903698171605489e-05
1.733385877928192431e-03
2.121409166222872414e-02
2.124135316763934092e-02
-5.332008050927744547e-02
-1.629985215386228412e-03
1.866718671085589075e-04
2.632513131599958098e-04
1.750437909043708190e-02
1.758095853995821425e-02
-6.094754201828768425e-02
-6.870243580437938868e-04
-1.821008920728419550e-04
-1.429320084477929409e-04
1.275102888841309935e-02
1.279019776777252752e-02
-1.411676665450622148e-01
-1.382062965412594602e-01
-1.254530229516764850e-02
-9.583932220886961367e-03
5.197980430673200536e-02
1.583545332265653194e+00
-3.689561338194761314e-03
-4.289061734858296004e-04
-2.387780931606964252e-04
2.373247260600460165e-02
2.392260068384802554e-02
3.080462888032161825e-02
-9.908897903608236690e-04
-4.452333438248433362e-04
8.540797984155891476e-03
1.201499489898904573e-02
2.299009706969521241e-02
2.351771432434525758e-02
-6.249109614358080121e-03
-2.560083675196720907e-04
-1.964898084930409572e-04
4.525411967128143212e-04
2.360772374556303899e-02
2.368528149842791947e-02
-6.049082739740695158e-02
-1.074429572204181615e-03
-8.835822743506749344e-05
-3.007656620579793327e-05
1.570455278255529843e-02
1.576283444536314901e-02
-6.397817967199789235e-01
-6.201209251026413849e-01
-2.930449474109417807e-01
5.412806621946364416e-02
2.105080789851363487e-01
6.606293965603448726e+00
-1.193858626910471177e-02
-1.044542469305370473e-02
2.277050940011529634e-02
4.649593064475601722e-02
1.845518117321777729e-01
1.853068356661086158e-01
-1.038079540454536764e-02
-6.611305017920704463e-03
1.011419644716439054e-01
1.064477271104532358e-01
1.646142578161196857e-01
1.657983866459152578e-01
-6.768492717746676414e-03
-5.277499196064379741e-03
5.964814428664558937e-02
1.390349968602041519e-01
1.409559484559688991e-01
2.109659940208245543e-01
-2.129137151340831091e-01
5.220880961159940492e-04
9.736439782277173105e-04
2.910059800532806273e-03
6.459607666507123647e-02
6.507130075796815905e-02
-7.203038531219384533e-01
-5.539800146398488057e-01
-5.256103545517325504e-01
2.153995752977255762e-03
8.431359139843674910e-02
6.699111897649093983e+00
-1.969895159102442728e-01
-1.095485104684612576e-02
1.534356655408672387e-02
1.030920208360838752e-01
1.114697860269829310e-01
1.517227523018105373e+00
-9.494107849262758969e-02
-3.415726494848692063e-02
-3.482498178571741265e-03
-1.103641863634596820e-03
1.724595138697437580e-01
1.735883986427433079e-01
-2.258548786994639679e-01
-3.154857097378421793e-04
4.112873497135877132e-04
1.039595019839097134e-02
8.997443885259821805e-02
8.997789064466533981e-02
-1.941919183546879646e-01
-3.074079338335200529e-04
-1.991210974508217380e-04
2.490876542314002240e-03
5.314746001566034161e-02
5.335994943699761545e-02
-2.746350076527318551e-01
-3.923990089592596653e-02
-2.310120360042106080e-02
6.930122511983438649e-03
4.960624337292551811e-02
2.863121185013847381e+00
-2.869893424245677505e-01
-4.667644288158032118e-02
-4.138487190154713224e-02
4.557713603498159127e-03
4.660204330676953610e-02
2.840533335393941705e+00
-3.635986732769673404e-03
-1.455201176408702900e-03
2.514605898138535731e-02
1.889336171012858112e-01
1.911127085486577504e-01
2.779561726173509495e-01
-2.318313686865915157e-01
1.121540489810599062e-03
1.362702919364813803e-03
4.831687776841384063e-03
9.062496507698332426e-02
9.100457458609106931e-02
-1.766375871870438374e-01
-7.663245000698315490e-05
1.240341818473308932e-04
3.815817760476049314e-03
4.304133756210292566e-02
4.325352951779062871e-02
-6.023845211450052917e-01
-6.012714604871027824e-01
-3.145987985644374541e-01
3.540060993134785949e-02
1.919785799342995647e-01
6.507556946242218920e+00
-1.503476269650917407e-01
-1.338961118064888045e-02
-2.631830401211371351e-03
1.142666259773333359e-01
1.380001489268367354e-01
1.595092681339483620e-01
-2.141911138181575303e-01
2.855404166100083962e-03
4.381639418270508179e-03
1.677767884018534217e-02
8.696878674036581658e-02
8.728988341106994064e-02
-1.848326002080435682e-01
6.821023978212242822e-04
7.621847717647067810e-04
4.284307139972708123e-02
7.299241059722008651e-02
7.357498613867695381e-02
-1.678789532375800919e-01
1.932241981709853507e-04
9.562414420067819054e-04
2.880763825906387798e-02
5.174976458955183461e-02
5.237925043678593601e-02
-3.107882312697883842e-01
3.378481288802137605e-03
1.024706416346604643e-02
7.123214422223056452e-02
7.796581874071023543e-02
1.534612563763413373e+00
-3.321156425408033908e-03
-2.562042521119245464e-03
1.023178674782361380e-01
1.573183616707616306e-01
1.590695462335967314e-01
1.650455472262657985e-01
-4.174920642506434708e-03
-3.499147525284633693e-03
1.229459054503058008e-01
1.304234233884789540e-01
1.405775014547347712e-01
2.407363072811034566e-01
-1.312161152247996732e-01
-6.809261520946213730e-03
-5.443542367088063938e-03
4.472815683407584120e-02
1.068194185601658297e-01
1.074412237529254188e-01
-2.136043577305001551e-01
-5.303982783211314000e-05
7.522404044247449351e-04
1.034822347544400722e-03
6.466289836284443149e-02
6.497418055735157405e-02
-4.265973955176807081e-02
5.730414024735168421e-03
7.637694801054542570e-03
2.392472653753838913e-02
2.608318934211151935e-02
6.627208181698290845e-01
-5.287274159190799572e-02
-4.678881125575767852e-03
-1.236690666191642141e-03
5.032882755261341989e-03
5.228999593514827710e-02
5.513867302276553861e-02
-6.853412054302557288e-02
-3.544565988713353766e-03
-1.589668939181637652e-03
4.377833512916019798e-03
3.903578868605652591e-02
4.082834612728158952e-02
-7.086065790163073586e-02
-1.945769876516276198e-03
-1.327702488696472227e-03
2.256423461660640728e-03
3.487175694896878925e-02
3.548170186121434727e-02
-5.601221469735619130e-02
5.280561693833327186e-05
2.389261854911402250e-04
7.231504687086748318e-04
1.614791569723594139e-02
1.633473283014897845e-02
-3.731124018365385153e-02
3.600422968340406815e-03
3.912003865573589201e-03
2.179767799759873420e-02
2.210888067395826856e-02
7.566802451695170406e-01
-1.788939032990632602e-02
-1.342212318919400182e-05
3.754335771929961929e-04
7.197445207996716610e-02
7.237132263960353862e-02
1.297431640211647308e-01
-5.705278827949473996e-02
-4.678989043904201173e-03
-1.246278842494140393e-03
1.671706797473513501e-02
4.548163416334543435e-02
4.826798795931242642e-02
-6.763736808510847909e-02
2.670482739476134904e-04
2.941888150963974102e-04
7.473815418789914178e-04
2.328244985597009362e-02
2.330830375538208224e-02
-4.715902582692765854e-02
-1.880387592679355320e-03
2.746071189310699706e-04
4.023206468254505791e-04
1.333762815364385353e-02
1.346525985787322063e-02
8.062082454478801093e-04
2.363921065561910666e-03
8.660940383798880482e-03
7.296888508574482513e-02
7.433874779283293488e-02
1.335711530297802874e-01
6.779552279814044218e-04
1.209701563168706423e-03
5.786660858427045487e-03
7.326545882106803853e-02
7.360935578821523051e-02
1.468047386704730006e-01
-3.397561394690633979e-02
-2.537257273905517418e-03
-7.039659367298264914e-04
2.134206779034544810e-03
5.826405382812370470e-02
6.082844275321656891e-02
-6.811056755035374555e-02
-1.479663841961013915e-04
-8.314890558887982897e-05
9.164223772030466453e-04
2.384531990216583533e-02
2.391197452826992684e-02
-4.349047282384011642e-02
-6.660432891972422774e-04
1.605040418120397044e-04
2.572557355894351371e-04
1.060120625108867606e-02
1.069770938204722688e-02
-1.996587667829015020e-02
4.249771274676312355e-03
5.742859849948302176e-03
1.717360718463278868e-02
1.872763089355136690e-02
7.059121135794823587e-01
-7.381123367584448147e-02
-1.198384452849379778e-03
-1.143906623267187950e-03
3.301480984064242286e-04
3.621038401613210084e-02
3.626673281958914946e-02
-6.721485547254799076e-02
-2.546222106712195399e-04
1.511471109516514255e-04
1.680129577609698610e-03
2.270638227653033747e-02
2.311367943896086574e-02
-6.170895746592204578e-02
1.716464919315381643e-04
6.090099643310080413e-04
1.364484427351944640e-03
1.889991641920008361e-02
1.934126242394066178e-02
-4.814522206540156057e-02
-1.501429988337471631e-03
2.447479862849679419e-04
3.122637712225157154e-04
1.337552035561047521e-02
1.344246421845430618e-02
-1.184799303400989323e-02
-3.023286349722303229e-04
-2.902727225453597543e-04
7.218423217979427764e-02
7.219715406237092736e-02
1.327038739293616709e-01
-6.393859156988732084e-02
-2.140917240255703347e-03
-9.585425274104761306e-04
5.205943198127484239e-03
4.208863197934945705e-02
4.325470805674320324e-02
-6.504704919134429719e-02
-1.751700764697577961e-03
-9.448569811206647406e-04
3.560048415029951063e-03
3.755125356494579819e-02
3.836242011618703346e-02
-6.703319823985379178e-02
-1.830011412728885234e-03
-1.599729193772797542e-03
1.439129138459203233e-03
3.238333345988970297e-02
3.259763051800686900e-02
-5.648290599285028801e-02
3.444848264913813463e-04
4.295800371376425064e-04
1.148630719585179080e-03
1.597989010634571702e-02
1.606419722545724890e-02
-1.951565138269506061e+00
-1.915809326297652770e-01
-4.393521298657732110e-02
-9.545730834239041229e-03
2.303441763511426821e-02
4.260230162733400494e-01
9.254519485348422503e-01
1.177688406866866933e+00
1.311387146410188187e+01
-1.977308139067235349e-01
-6.377497078100974326e-02
2.250225316385301433e-04
4.749501669233435752e-03
4.474996799588654151e-02
7.933201836341696733e-02
1.262051210435441440e-01
4.779256042548167271e-01
9.093799066998602409e-01
-6.049418297874209483e-02
-1.363522199362244419e-02
1.632807529535623692e-03
5.037650359951684198e-03
1.374817421002463846e-02
2.738859823334348353e-02
9.287390075610042761e-02
2.046256188441837320e-01
8.907027679408909826e-01
-1.461965169847033175e-01
-6.155341006247146141e-02
4.394272769375207055e-04
7.423098881000983473e-03
1.937585846078707097e-02
2.339100605609989447e-02
7.304842744035261459e-02
2.003766300442058335e-01
9.759623648611224223e-01
-2.443130893119774161e+00
-1.097428148797363612e-01
-1.608628913664311710e-02
2.288330059583287834e-02
9.087967989280265613e-02
4.694362865956569486e-01
8.901097474627155393e-01
1.755239251209022910e+00
1.368714487190173301e+01
-3.048078938777971647e-01
-1.211886397147387273e-01
-2.751319736720853060e-02
1.733716451782219004e-04
7.087435044051293431e-03
5.310248433863390405e-02
7.302391543844767297e-01
1.114341198435045754e+00
3.310905991074021948e+00
-7.031335358655499412e-02
-1.534907199467303029e-02
1.096127562575779923e-03
5.078392457733144072e-03
1.674393423931597180e-02
3.631503740912880862e-02
1.326934948764664224e-01
2.943439382594950637e-01
9.227321072698434490e-01
-1.634724974987512500e-02
-9.863665811234156866e-04
9.604440553568696637e-04
6.292897670554964407e-03
1.332663160568243327e-02
2.098605152900029705e-02
5.017711543650897610e-02
1.067674238214001287e-01
9.150008460064964488e-01
-1.950691179384362428e+00
-9.077986599862597483e-01
-1.882663132041439980e-01
-1.417540332828459704e-02
1.381679031145293113e-01
1.800722954476550175e-01
7.183072523490372507e-01
2.828171209981359624e+00
6.242036826516779158e+00
-1.422852831144575392e+00
-5.650249918106476921e-01
-1.193196855615357155e-01
-8.229312455769965950e-03
7.976470920625766681e-02
2.595210394631670692e-01
5.212470369762793876e-01
2.083534035032255982e+00
6.963147417057898636e+00
-1.287533935399947371e-01
-4.789884854415259186e-02
-2.660521330896309378e-03
6.530752400610018160e-03
9.227801702312038445e-02
1.406188889158240529e-01
3.648601093961701958e-01
8.526359545701098774e-01
1.005044783355873994e+00
-7.421533670064069110e-02
-2.999921130421099712e-04
-2.757672505518304266e-04
1.358363813605406589e-04
4.870766072202492580e-04
1.624171238661514804e-03
3.241433845913299638e-03
6.251633127597062967e-02
9.461901998991077978e-01
-1.944150589636824078e+00
-1.533867090522438303e-01
-4.592805366223995378e-02
2.886145123461192341e-03
9.135538470859838611e-02
5.295432578091712195e-01
1.079740559817480072e+00
1.500238611723016646e+00
1.364703876436321295e+01
-1.264919766677539414e-01
-2.703249172510596710e-02
4.904767267415732768e-04
1.034438250449826180e-02
1.511795119311265534e-02
2.090353887163559632e-02
8.586951092141428821e-02
1.795763956798320515e-01
9.263450709966257746e-01
-2.408567640937100129e-01
-1.298056959011292810e-02
-1.039308579608932970e-03
2.399524159429899939e-05
5.985262841752547747e-03
1.994791978026230761e-02
8.670594875500278742e-02
2.406115852490084139e-01
9.242785193278081346e-01
-7.234738096310953936e-02
-1.710551557604883532e-03
-3.244002999358841510e-04
3.635155244775395422e-04
1.225429132160338330e-03
1.843974431230271938e-03
9.600480140534453644e-03
7.017023660104829141e-02
9.493743771978659929e-01
-1.449960532721976669e-01
-5.044589799241078198e-02
-1.677301888059951063e-02
6.829848046154718411e-03
7.679022102368010527e-02
1.518445112349313120e-01
3.083896550534245828e-01
8.826040032519384404e-01
9.859038162764097724e-01
-9.419404844053436143e-02
-8.652724459621924380e-03
1.710453172317619175e-03
3.602310201814007407e-03
1.874789421004947887e-02
4.442633370344108157e-02
9.635417288760390886e-02
2.381844883635987342e-01
8.805509940819973291e-01
-1.176539851729645619e-01
-5.896545720147663289e-02
-5.822963142103829148e-03
1.064783765067714438e-02
2.341967592892879590e-02
3.158077871968051342e-02
7.182204239658360190e-02
1.364864118895670053e-01
9.928927215094394132e-01
-7.527067779485906163e-02
-3.088071460304080140e-02
-2.109385875538535154e-02
-1.044239353786159674e-02
-5.115276675512842042e-03
9.160853259478268784e-03
5.233757742023736892e-02
6.774434616506685991e-02
9.700121326738779803e-01
-2.088623669791500603e+00
-1.410261620190771836e+00
-5.995047657155720966e-01
-1.532350648959066586e-01
-6.115971853649115886e-02
2.332631880218238862e-02
5.980419169855366590e-02
2.317194923013423669e-01
5.139111065473107587e-01
7.260272059897561192e-01
1.533112875507918638e+00
1.049038196609586038e+01
-9.583826598875468117e-02
-7.528588552255688349e-03
1.378625808970523892e-03
3.962137530507281458e-03
1.401139301464261744e-02
1.565126577021465348e-02
1.022946152418885563e-01
1.307810493185077028e-01
1.533364599073699375e-01
4.742449291202588957e-01
7.857736778056172433e-01
9.687732147260321725e-01
-2.147610800089298083e-02
-2.701948305199874945e-04
2.352573457505998528e-03
4.700467793214150453e-03
5.138172565513098033e-03
1.176249006834940644e-02
8.936974074681261482e-02
1.049669789870378289e-01
1.290945685666953779e-01
1.733295434147021641e-01
6.989105289235035823e-01
9.555869453027444616e-01
-1.859944951616162093e-02
-6.297709556545270232e-03
-4.131074873312039208e-03
2.804113792403254563e-03
6.101970245502030127e-03
1.114113549585526650e-02
5.036871402034220901e-02
8.480241411392372419e-02
1.271472078643240411e-01
1.301174882950546785e-01
6.963043934283162928e-01
9.662222536239639670e-01
-1.955156517949843131e+00
-1.557004224686358462e+00
-6.269035917438918748e-01
-1.159959304780848743e-01
2.755096091917086376e-02
5.477229907313807544e-02
7.654521892719712284e-02
1.658865925753318926e-01
5.510508449193265434e-01
8.261533228011783692e-01
2.237648119542310798e+00
9.496870260414873144e+00
-1.474471201332023806e-01
-8.747971632878698278e-02
-3.583025441324683147e-02
-2.304346342329487152e-02
6.532484659299425678e-03
1.416171654788178635e-02
7.329913651652639195e-02
1.140313753834648614e-01
4.283662850335994143e-01
8.401790640839892355e-01
9.427928762687985964e-01
2.972928425583640788e+00
-3.156250495729703148e-02
-5.456847515593308412e-03
3.821567544373682956e-06
3.818887506362819706e-03
4.431960121121417129e-03
5.039385299447848854e-03
1.041215874017460408e-01
1.187845373703608765e-01
1.417429499220129729e-01
2.276470036027569421e-01
7.191391788023037135e-01
9.792356402762366629e-01
-1.612503162529532394e-02
-1.035554549910885219e-03
8.005908972760142350e-04
1.956651255019380836e-03
6.037928759435137738e-03
8.179165799576115781e-03
1.803015280869763384e-02
8.793048009762237383e-02
1.308984502295611196e-01
1.347692662037253131e-01
7.010336723157072347e-01
9.721497174659189389e-01
-2.694526982180123209e+00
-1.735658190915214671e+00
-5.449666639183909922e-01
-4.465860941070505241e-01
-1.330537083124800901e-01
-7.955056364394863522e-05
1.869496009031603734e-01
3.355437181656926171e-01
4.914014849368206761e-01
1.929833627242982796e+00
2.385271216472129918e+00
4.861110976855464116e+00
-1.267001067795021418e+00
-1.015733304458271480e+00
-5.197186874080632624e-01
-4.287435424729985067e-01
-1.691702416423022104e-01
3.144093268229397609e-03
9.565408833096467056e-02
1.397426658443767788e-01
3.290738465425095960e-01
1.396336990730161487e+00
1.753536740253049286e+00
6.584689653984051816e+00
-1.463985965610714313e-01
-2.240776796952871630e-02
-5.374557158846243743e-03
9.946008843092685181e-03
2.055876966158645680e-02
4.020927861560522065e-02
9.386832417603843681e-02
1.705139729166156581e-01
1.909187577131767066e-01
5.427075376849394006e-01
8.483495661807995969e-01
9.439236666322647906e-01
-5.580578187084839908e-02
-1.067039333120370359e-03
-6.772294485537788677e-04
-2.246760088090438146e-04
1.573151281429180370e-04
1.287982129442179213e-03
2.205139595425967269e-03
4.313231622856939645e-02
8.339530693090543845e-02
1.314572572286409891e-01
6.881757435510245102e-01
9.704021784575128651e-01
-1.698947558312613237e+00
-1.298732279914077692e+00
-2.411152544658674568e-01
-1.539185639910258807e-01
-4.421747388964636372e-02
7.110254288860584637e-03
4.724215268649678556e-02
1.190308511986475359e-01
5.868206119881294036e-01
7.200127818441650618e-01
1.435456891415124669e+00
9.259755975603153999e+00
-1.359674661365234405e-02
-7.968719900231586301e-03
-4.243683762159469047e-04
1.704075016962966829e-03
7.256977861886424602e-03
9.275210665999466392e-03
1.953911556656230675e-02
8.242654826471074170e-02
1.255238277950855297e-01
1.326931494947672097e-01
7.009509753991813863e-01
9.816111889139421676e-01
-4.023671441843823526e-02
-4.025513062000614373e-03
2.284778687476132775e-04
2.073416158733534798e-03
8.800109868573699479e-03
9.140551074359036521e-03
3.210318684963506947e-02
7.490991894497209258e-02
1.243190715213815800e-01
1.353955014483118890e-01
6.862271994798975205e-01
9.606150730124894954e-01
-5.588623930750764163e-02
-6.547500210763307349e-04
-5.717421264121586022e-04
1.793773471351484128e-04
1.029226544285943845e-03
1.897222254227670657e-03
5.503298517984346605e-03
5.202676268817881672e-02
9.189572647823981977e-02
1.336905513040444193e-01
6.868751924390513741e-01
9.681391076788431471e-01
-1.207014898515932216e-01
-3.437787443819005639e-02
-1.353423599011667477e-02
4.272449953863763361e-03
2.192788719750916882e-02
5.676540518232485455e-02
9.171599235138759576e-02
1.563492629242687060e-01
2.267909193128790912e-01
5.397342220744704155e-01
8.242438445021672555e-01
9.243500631073663376e-01
-6.191874721888506600e-02
-1.249818808961127015e-03
2.477731395984894558e-03
4.429793680263097166e-03
7.497139390360021971e-03
1.507533011710272819e-02
8.436258173466967825e-02
1.113939266991516852e-01
1.355119425467563588e-01
2.117239116998922699e-01
7.016402891587603108e-01
9.643717215219069772e-01
-4.227780523283425351e-02
-1.580506601971461145e-03
1.611395210245614162e-03
4.058473278988880550e-03
6.670024947289139583e-03
1.363571262696561953e-02
6.599124619761451149e-02
9.330850792012956862e-02
1.313252179626427096e-01
1.516011977135765521e-01
6.910451798086729713e-01
9.651317878983467491e-01
-3.627824736951472673e-01
-2.933538995290940754e-02
-3.240122949515589212e-03
6.330776812096372552e-03
1.055359932261223932e-02
1.201230457817104025e-02
1.773185806553700949e-02
6.579515267461111261e-02
1.351969135102512043e-01
3.284253205528741004e-01
7.133249883955470327e-01
1.018799033924198127e+00
