-7.769994783957409612e-02
-7.769994780000004375e-02
-1.197737668406174323e-16
-4.170484532344774507e-17
6.915261162722965882e-17
9.216660358395736274e-01
-1.067348773992163833e-17
-2.399433477896234084e-18
9.861759465166666126e-17
1.454478178222348358e-02
1.454478180000001210e-02
4.634452502177763833e-01
-2.155736000315154610e-02
-3.439228259029369562e-17
2.817529782423095815e-17
5.539434610664862052e-17
5.799815219999997912e-02
5.799815220315159697e-02
-3.144193020357006207e-01
-3.144193018508350534e-01
-2.997767713607099735e-16
-1.874568484911060750e-16
-4.764806083497552224e-18
1.870883685286532483e+00
-7.769994783957409612e-02
-7.769994780000004375e-02
-1.197737668406174323e-16
-4.170484532344774507e-17
6.915261162722965882e-17
9.216660358395736274e-01
-3.214461740332788531e-02
-2.593884945202465592e-17
2.139140753980400483e-17
5.903517240866358931e-17
5.189646379999998671e-02
5.189646380332792186e-02
-9.252101697901611299e-01
-9.252101696000002429e-01
-7.531755550384247788e-16
-5.567522237752329176e-16
2.453712676376310337e-16
3.877062923790160376e+00
-1.383930281442062312e-18
1.971953483321346877e-18
2.681435682901108832e-17
5.259351499112716044e-02
5.259351499999995183e-02
2.766785690088726657e-01
-2.155736000315154610e-02
-3.439228259029369562e-17
2.817529782423095815e-17
5.539434610664862052e-17
5.799815219999997912e-02
5.799815220315159697e-02
-3.144193020357006207e-01
-3.144193018508350534e-01
-2.997767713607099735e-16
-1.874568484911060750e-16
-4.764806083497552224e-18
1.870883685286532483e+00
-2.817936368577297892e-18
4.765693025871702134e-18
1.009930716856995920e-17
6.674868979762157983e-02
6.674868980000005225e-02
1.267851866023781970e-01
-2.155736000315154610e-02
-3.439228259029369562e-17
2.817529782423095815e-17
5.539434610664862052e-17
5.799815219999997912e-02
5.799815220315159697e-02
-1.383930281442062312e-18
1.971953483321346877e-18
2.681435682901108832e-17
5.259351499112716044e-02
5.259351499999995183e-02
2.766785690088726657e-01
-2.817936368577297892e-18
4.765693025871702134e-18
1.009930716856995920e-17
6.674868979762157983e-02
6.674868980000005225e-02
1.267851866023781970e-01
-3.214461740332788531e-02
-2.593884945202465592e-17
2.139140753980400483e-17
5.903517240866358931e-17
5.189646379999998671e-02
5.189646380332792186e-02
-4.519929202267550794e-01
-4.519929200441966111e-01
-4.532621130868887564e-16
-5.985454979208495576e-17
3.028439370374057406e-17
6.391652696670941936e+00
-2.166832825669350593e-01
-8.850110997851513235e-17
1.111424550945799055e-16
5.000017739439081801e-11
2.134071795999999688e-01
2.134071796169352830e-01
-3.552492838199613479e-01
-8.459818586667445601e-17
1.112668917547487051e-16
2.174205283462609831e-16
1.516044410000000064e-01
1.516044410199614834e-01
-3.386638200182447989e-01
-6.658459464141617597e-17
7.029355791335547693e-17
1.319109899048399328e-16
1.237564579999999442e-01
1.237564580182451413e-01
-2.076839088201273276e-01
-4.950672868080170036e-18
-3.240101248935347050e-18
5.391723588901912445e-17
5.235932141348715457e-02
5.235932160664048124e-02
-4.519929202267550794e-01
-4.519929200441966111e-01
-4.532621130868887564e-16
-5.985454979208495576e-17
3.028439370374057406e-17
6.391652696670941936e+00
-7.033340012219838036e-17
9.352990295843643842e-19
1.048881445719186671e-16
1.839537303526129763e-01
1.839537303999999873e-01
1.381152569847385658e+00
-3.247384324198915317e-01
-1.337224078414939337e-16
8.329263928672640220e-17
2.032812802675843683e-16
1.826499011999999922e-01
1.826499012198918859e-01
-2.637175228691297502e-01
-4.999371898612055695e-11
-4.509637822105940210e-17
1.399573133024663903e-17
8.116030740000002019e-02
8.116030741912384772e-02
-1.785140672029585929e-01
-2.385136244587340279e-17
2.121724828935203793e-17
9.012498198507741747e-17
4.170825680000000979e-02
4.170825680295869864e-02
-1.520329657657453648e+00
-1.520329657300948378e+00
-1.318134720944787469e-15
-1.334974509169966327e-16
4.956986813901582870e-16
1.258208541655838530e+01
-4.519929202267550794e-01
-4.519929200441966111e-01
-4.532621130868887564e-16
-5.985454979208495576e-17
3.028439370374057406e-17
6.391652696670941936e+00
-2.522345255180112521e-17
-1.338544111747742145e-17
8.610713093918560528e-18
1.794159599135658131e-02
2.367280968059027324e-01
2.367280970027402509e-01
-2.637175228691297502e-01
-4.999371898612055695e-11
-4.509637822105940210e-17
1.399573133024663903e-17
8.116030740000002019e-02
8.116030741912384772e-02
-1.552874837486903636e-01
-2.240572661990681165e-18
2.774072744205761213e-17
6.455193967605278966e-16
3.303313182427026345e-02
3.303313252441969494e-02
-4.519929202267550794e-01
-4.519929200441966111e-01
-4.532621130868887564e-16
-5.985454979208495576e-17
3.028439370374057406e-17
6.391652696670941936e+00
-3.386638200182447989e-01
-6.658459464141617597e-17
7.029355791335547693e-17
1.319109899048399328e-16
1.237564579999999442e-01
1.237564580182451413e-01
-2.637175228691297502e-01
-4.999371898612055695e-11
-4.509637822105940210e-17
1.399573133024663903e-17
8.116030740000002019e-02
8.116030741912384772e-02
-2.357677734038823858e-01
-3.683673663931403043e-17
4.164964055221938420e-17
8.197118291676084955e-17
6.543295460000002339e-02
6.543295460388247331e-02
-1.785140672029585929e-01
-2.385136244587340279e-17
2.121724828935203793e-17
9.012498198507741747e-17
4.170825680000000979e-02
4.170825680295869864e-02
-7.033340012219838036e-17
9.352990295843643842e-19
1.048881445719186671e-16
1.839537303526129763e-01
1.839537303999999873e-01
1.381152569847385658e+00
-3.552492838199613479e-01
-8.459818586667445601e-17
1.112668917547487051e-16
2.174205283462609831e-16
1.516044410000000064e-01
1.516044410199614834e-01
-3.386638200182447989e-01
-6.658459464141617597e-17
7.029355791335547693e-17
1.319109899048399328e-16
1.237564579999999442e-01
1.237564580182451413e-01
-3.037689164664261199e-01
-4.999988970004687096e-11
-5.313692130741458357e-17
6.995045374888082809e-17
1.002997707999999794e-01
1.002997708164262841e-01
-2.076839088201273276e-01
-4.950672868080170036e-18
-3.240101248935347050e-18
5.391723588901912445e-17
5.235932141348715457e-02
5.235932160664048124e-02
-7.130254995573247490e-01
-7.130248167180412988e-01
-3.354631792181592186e-16
-8.844710481214186323e-17
1.321363364565747786e-17
6.245853817075357028e+00
2.128097194750788038e-17
5.429001287440111483e-17
2.313340622991118001e-16
1.336327415027350474e-01
1.336328982965944434e-01
1.503346070006706947e-01
-1.051050500088273748e-01
-1.399486676120589533e-17
-1.270197778975391536e-17
7.445742083161815441e-17
1.179857984005893007e-01
1.179865196082383189e-01
-1.596591272104387060e-01
-2.428280452774546760e-18
5.110634163457262414e-17
6.941453453529172871e-17
1.039415195801704633e-01
1.039415410302685222e-01
-1.881112794094403073e-01
-2.100885324675585504e-18
4.563290385468554854e-18
3.671145177658306325e-17
5.027997940175165520e-02
5.027998740768892250e-02
-7.130254995573247490e-01
-7.130248167180412988e-01
-3.354631792181592186e-16
-8.844710481214186323e-17
1.321363364565747786e-17
6.245853817075357028e+00
-1.355423578075867427e-02
-1.355408188750947991e-02
-9.466018254120125407e-17
1.742792633322948645e-18
1.545166384870437762e-16
1.710804664068266145e+00
-1.013101520551954945e-02
-2.628619927478624574e-17
-2.628524120343147737e-17
-6.809186822167561584e-18
1.292269828093938200e-01
1.292270459961256390e-01
-1.995510750108793752e-01
-7.726897517149725673e-18
3.358385509868057440e-18
2.973226269314214400e-17
7.497337779940869973e-02
7.497339701147101576e-02
-1.729422458084430292e-01
1.379629517483371040e-19
6.938528456973199370e-18
1.057689660291848654e-15
4.023951400395908012e-02
4.023953440448319735e-02
-1.784093696461426903e+00
-1.784093181297344177e+00
-1.131306957363520745e-15
8.571503376922577021e-17
2.164413959882666434e-16
1.233033449855875219e+01
-7.130254995573247490e-01
-7.130248167180412988e-01
-3.354631792181592186e-16
-8.844710481214186323e-17
1.321363364565747786e-17
6.245853817075357028e+00
-4.133434752131130345e-18
4.877754917971970451e-18
6.607689742933891582e-17
1.235775809606746156e-01
1.235776702274811178e-01
4.224083436118435397e-01
-1.995510750108793752e-01
-7.726897517149725673e-18
3.358385509868057440e-18
2.973226269314214400e-17
7.497337779940869973e-02
7.497339701147101576e-02
-1.550253724573920910e-01
-4.999996397602795731e-11
1.387667338227184615e-17
4.999999369013569167e-11
3.173211700226118842e-02
3.173211785513099098e-02
-7.130254995573247490e-01
-7.130248167180412988e-01
-3.354631792181592186e-16
-8.844710481214186323e-17
1.321363364565747786e-17
6.245853817075357028e+00
-1.596591272104387060e-01
-2.428280452774546760e-18
5.110634163457262414e-17
6.941453453529172871e-17
1.039415195801704633e-01
1.039415410302685222e-01
-1.995510750108793752e-01
-7.726897517149725673e-18
3.358385509868057440e-18
2.973226269314214400e-17
7.497337779940869973e-02
7.497339701147101576e-02
-1.979921278102952653e-01
1.036485455615434333e-17
3.529733573771975609e-17
4.608141632392517134e-17
6.189551360338990671e-02
6.189552380690571676e-02
-1.729422458084430292e-01
1.379629517483371040e-19
6.938528456973199370e-18
1.057689660291848654e-15
4.023951400395908012e-02
4.023953440448319735e-02
-1.355423578075867427e-02
-1.355408188750947991e-02
-9.466018254120125407e-17
1.742792633322948645e-18
1.545166384870437762e-16
1.710804664068266145e+00
-1.051050500088273748e-01
-1.399486676120589533e-17
-1.270197778975391536e-17
7.445742083161815441e-17
1.179857984005893007e-01
1.179865196082383189e-01
-1.596591272104387060e-01
-2.428280452774546760e-18
5.110634163457262414e-17
6.941453453529172871e-17
1.039415195801704633e-01
1.039415410302685222e-01
-1.886806476110041153e-01
-1.090504526129932429e-18
2.115603775954966527e-18
4.247090357111727285e-17
8.917379619264802215e-02
8.917383841835636871e-02
-1.881112794094403073e-01
-2.100885324675585504e-18
4.563290385468554854e-18
3.671145177658306325e-17
5.027997940175165520e-02
5.027998740768892250e-02
-7.577376650235033706e-01
-7.577376648324554154e-01
-1.460612193360698408e-16
-5.018051832471221937e-17
1.378524924353950593e-15
5.710821142855950328e+00
-1.030721332327216672e-17
5.314880708718233104e-19
2.254870445582782853e-17
1.691530799326106463e-02
1.691530799999999002e-02
1.873089732067388657e-01
6.473985727298863459e-19
1.303303057526260668e-18
1.085168004704648990e-17
2.760903019893334517e-02
2.760903020000001276e-02
5.416474940106655311e-02
-4.323269460317351533e-18
-4.239951188768621241e-19
1.757463947897847201e-18
1.675446959956614773e-02
2.803197980000001269e-02
2.803197980043374560e-02
-6.484699645321480299e-02
-4.999998645678713856e-11
-7.317782049255162980e-18
1.051044788552922643e-17
1.631989899999999882e-02
1.631989900321486470e-02
-7.577376650235033706e-01
-7.577376648324554154e-01
-1.460612193360698408e-16
-5.018051832471221937e-17
1.378524924353950593e-15
5.710821142855950328e+00
-1.280158054598546091e-01
-1.280158054000000434e-01
-4.042866030220668933e-16
-8.337477930854521271e-17
1.347383639911871172e-16
1.384902626859853880e+00
-2.877301121065963495e-18
-2.875489736779658649e-19
1.497412802595927357e-17
2.456725739694132563e-02
2.456725740000000741e-02
1.015710624030585346e-01
-4.292596700262717169e-02
-9.283465663177186946e-18
1.387887955169439809e-17
2.085682942483053063e-17
2.365772019999999240e-02
2.365772020262718600e-02
-6.442100540305628620e-02
-4.699722735042368880e-18
5.210033131302089033e-18
1.548239245111518482e-17
1.278085959999999965e-02
1.278085960305632394e-02
-1.788203837321382439e+00
-1.788203837031086874e+00
-3.215574959312163976e-15
-4.718968476817852174e-17
1.202635183290290157e-15
1.217206069295245463e+01
-7.577376650235033706e-01
-7.577376648324554154e-01
-1.460612193360698408e-16
-5.018051832471221937e-17
1.378524924353950593e-15
5.710821142855950328e+00
-8.101276143920686920e-04
-8.101276000000046541e-04
-1.884701874721398791e-17
-5.416886730820924745e-19
6.078254755386614265e-17
3.632368420143919918e-01
-4.292596700262717169e-02
-9.283465663177186946e-18
1.387887955169439809e-17
2.085682942483053063e-17
2.365772019999999240e-02
2.365772020262718600e-02
-5.983434385275179790e-02
-4.999999480007504607e-11
-1.423848812087257842e-19
5.255546288786989968e-18
9.648907999999997709e-03
9.648908002751820784e-03
-7.577376650235033706e-01
-7.577376648324554154e-01
-1.460612193360698408e-16
-5.018051832471221937e-17
1.378524924353950593e-15
5.710821142855950328e+00
-4.323269460317351533e-18
-4.239951188768621241e-19
1.757463947897847201e-18
1.675446959956614773e-02
2.803197980000001269e-02
2.803197980043374560e-02
-4.292596700262717169e-02
-9.283465663177186946e-18
1.387887955169439809e-17
2.085682942483053063e-17
2.365772019999999240e-02
2.365772020262718600e-02
-5.853966460311305076e-02
-1.199232491940029314e-17
1.043378767222864862e-17
2.999164012253406838e-17
2.006710999999999565e-02
2.006711000311308182e-02
-6.442100540305628620e-02
-4.699722735042368880e-18
5.210033131302089033e-18
1.548239245111518482e-17
1.278085959999999965e-02
1.278085960305632394e-02
-1.280158054598546091e-01
-1.280158054000000434e-01
-4.042866030220668933e-16
-8.337477930854521271e-17
1.347383639911871172e-16
1.384902626859853880e+00
6.473985727298863459e-19
1.303303057526260668e-18
1.085168004704648990e-17
2.760903019893334517e-02
2.760903020000001276e-02
5.416474940106655311e-02
-4.323269460317351533e-18
-4.239951188768621241e-19
1.757463947897847201e-18
1.675446959956614773e-02
2.803197980000001269e-02
2.803197980043374560e-02
-1.716132120170744263e-02
-7.301745880051308994e-18
1.395468813183540348e-17
3.442778837220540667e-17
2.653029760000001278e-02
2.653029760170748028e-02
-6.484699645321480299e-02
-4.999998645678713856e-11
-7.317782049255162980e-18
1.051044788552922643e-17
1.631989899999999882e-02
1.631989900321486470e-02
-5.242854130800539414e-01
-5.242854121849999105e-01
-4.279134357871519941e-16
-2.122937000576576155e-16
-7.766321601208887089e-17
6.150735829065046012e+00
-4.209578320938462542e-02
-4.186919657805944286e-17
-2.726484525521268789e-18
4.331877706490451228e-17
1.949591266000000878e-01
1.949591266093842479e-01
-2.176258418147382911e-01
-8.213324435934226773e-17
5.690275054128144167e-17
1.918607605453375094e-16
1.542976305999999853e-01
1.542976306147384458e-01
-2.429894568148834866e-01
-5.000000452938133376e-11
7.603007035327218916e-17
1.636150556333654627e-16
1.328313271592620193e-01
1.328313272056215466e-01
-2.166703816111512082e-01
-3.467428119696394224e-17
4.183795004921084895e-17
9.427775633273776335e-17
6.552133379999997009e-02
6.552133381115139710e-02
-5.242854130800539414e-01
-5.242854121849999105e-01
-4.279134357871519941e-16
-2.122937000576576155e-16
-7.766321601208887089e-17
6.150735829065046012e+00
-5.000009450467890980e-11
-4.999997072463939153e-11
-8.969861428430544925e-18
1.205868542286906431e-01
1.205868546753666448e-01
1.496013787995940536e+00
-1.608301960133493858e-01
-5.000000432809064108e-11
1.435028514164142944e-16
2.348521662500111077e-16
1.759988309584117061e-01
1.759988310049380722e-01
-2.415032550133187905e-01
-5.000000418614748195e-11
5.763358436098899928e-17
7.793740760048873945e-17
9.513179155906630047e-02
9.513179180425265780e-02
-1.992583764100429033e-01
-8.411232282177555070e-18
2.781077314153465879e-17
3.951794108773944706e-17
5.362547699999999778e-02
5.362547701004308914e-02
-1.549012736816806513e+00
-1.549012736314060446e+00
-1.325645277795537092e-15
-1.083297068530052176e-15
-6.853501473510644730e-17
1.182934684893084842e+01
-5.242854130800539414e-01
-5.242854121849999105e-01
-4.279134357871519941e-16
-2.122937000576576155e-16
-7.766321601208887089e-17
6.150735829065046012e+00
-1.009493001931131213e-16
8.417503036513662219e-17
9.462954793404458603e-17
1.921028544760073342e-01
2.044123131999999732e-01
2.044123133239926782e-01
-2.415032550133187905e-01
-5.000000418614748195e-11
5.763358436098899928e-17
7.793740760048873945e-17
9.513179155906630047e-02
9.513179180425265780e-02
-1.808370986089489207e-01
-1.797975669343006608e-17
2.098325036519126580e-17
7.162491254798403860e-17
4.347367219999999366e-02
4.347367220894904349e-02
-5.242854130800539414e-01
-5.242854121849999105e-01
-4.279134357871519941e-16
-2.122937000576576155e-16
-7.766321601208887089e-17
6.150735829065046012e+00
-2.429894568148834866e-01
-5.000000452938133376e-11
7.603007035327218916e-17
1.636150556333654627e-16
1.328313271592620193e-01
1.328313272056215466e-01
-2.415032550133187905e-01
-5.000000418614748195e-11
5.763358436098899928e-17
7.793740760048873945e-17
9.513179155906630047e-02
9.513179180425265780e-02
-2.313364058122849287e-01
-3.919352731825086776e-17
4.250144579603213059e-17
6.616188930044641173e-17
7.931979700000003908e-02
7.931979701228511481e-02
-1.992583764100429033e-01
-8.411232282177555070e-18
2.781077314153465879e-17
3.951794108773944706e-17
5.362547699999999778e-02
5.362547701004308914e-02
-5.000009450467890980e-11
-4.999997072463939153e-11
-8.969861428430544925e-18
1.205868542286906431e-01
1.205868546753666448e-01
1.496013787995940536e+00
-2.176258418147382911e-01
-8.213324435934226773e-17
5.690275054128144167e-17
1.918607605453375094e-16
1.542976305999999853e-01
1.542976306147384458e-01
-2.429894568148834866e-01
-5.000000452938133376e-11
7.603007035327218916e-17
1.636150556333654627e-16
1.328313271592620193e-01
1.328313272056215466e-01
-2.439187186141223429e-01
-5.517695041989017232e-17
8.355726275133455617e-17
1.570193692510908079e-16
1.129521934000000255e-01
1.129521934141226591e-01
-2.166703816111512082e-01
-3.467428119696394224e-17
4.183795004921084895e-17
9.427775633273776335e-17
6.552133379999997009e-02
6.552133381115139710e-02
-4.759268621612992153e-17
1.990882215322678145e-20
1.797988640039551221e-17
5.082747478123879337e-02
5.082747480000003593e-02
5.245100694187608825e-01
-5.468014880444919262e-02
-3.144480222706039798e-17
2.805950530512816556e-17
6.989881913531292404e-17
5.605445979999994222e-02
5.605445980444925813e-02
-7.535451400436121716e-02
-1.663796486833837086e-18
2.189570818378769404e-17
2.790093614115938062e-17
4.150221660299897170e-02
4.150221680136235991e-02
-7.599276040340662008e-02
-4.481712048028274845e-18
2.891145457666214109e-17
3.766467987833983751e-17
3.496791460234636301e-02
3.496791480106039435e-02
-5.568879880006678829e-02
5.251419071986787199e-19
9.635605942383360494e-18
2.158249682862328447e-17
1.632501480004638905e-02
1.632501500002048189e-02
-4.759268621612992153e-17
1.990882215322678145e-20
1.797988640039551221e-17
5.082747478123879337e-02
5.082747480000003593e-02
5.245100694187608825e-01
-1.419687995082765207e-17
-5.351822305771917321e-18
5.000000072487244113e-11
2.637465224807968023e-02
7.482679060000002602e-02
7.482679060192024001e-02
-6.898577580472987913e-02
-1.499954440369718731e-17
2.195725338921952337e-17
5.399259243188222306e-17
4.864244040000000741e-02
4.864244040472993913e-02
-6.828521580077401287e-02
-1.541643135659944091e-17
1.041132447399664606e-17
2.866527434572580890e-17
2.417773580000000602e-02
2.417773580077406045e-02
-4.896131880246688134e-02
-5.022305140922790523e-18
8.712006636010625830e-18
1.817183857562849976e-17
1.333076580000000337e-02
1.333076580246691373e-02
-4.310192585649538083e-02
-4.310192580000003770e-02
-8.815968870489955849e-17
-2.078653154510876940e-17
1.961923767511114212e-16
1.383587484456495043e+00
-4.759268621612992153e-17
1.990882215322678145e-20
1.797988640039551221e-17
5.082747478123879337e-02
5.082747480000003593e-02
5.245100694187608825e-01
-3.243704340378511519e-02
-3.841735323485319453e-17
4.253971456047852828e-17
6.723341481937176871e-17
6.320473320000001560e-02
6.320473320378518223e-02
-6.828521580077401287e-02
-1.541643135659944091e-17
1.041132447399664606e-17
2.866527434572580890e-17
2.417773580000000602e-02
2.417773580077406045e-02
-4.297677620213346400e-02
-5.296282720585243101e-18
6.951869733783134939e-18
1.279252839832721490e-17
1.086354780000000318e-02
1.086354780213349448e-02
-4.759268621612992153e-17
1.990882215322678145e-20
1.797988640039551221e-17
5.082747478123879337e-02
5.082747480000003593e-02
5.245100694187608825e-01
-7.599276040340662008e-02
-4.481712048028274845e-18
2.891145457666214109e-17
3.766467987833983751e-17
3.496791460234636301e-02
3.496791480106039435e-02
-6.828521580077401287e-02
-1.541643135659944091e-17
1.041132447399664606e-17
2.866527434572580890e-17
2.417773580000000602e-02
2.417773580077406045e-02
-6.231373200004665380e-02
3.389367567975302113e-19
1.305934771746429064e-17
2.382142769821983439e-17
1.991202020003238551e-02
1.991202040001440604e-02
-4.896131880246688134e-02
-5.022305140922790523e-18
8.712006636010625830e-18
1.817183857562849976e-17
1.333076580000000337e-02
1.333076580246691373e-02
-1.419687995082765207e-17
-5.351822305771917321e-18
5.000000072487244113e-11
2.637465224807968023e-02
7.482679060000002602e-02
7.482679060192024001e-02
-7.535451400436121716e-02
-1.663796486833837086e-18
2.189570818378769404e-17
2.790093614115938062e-17
4.150221660299897170e-02
4.150221680136235991e-02
-7.599276040340662008e-02
-4.481712048028274845e-18
2.891145457666214109e-17
3.766467987833983751e-17
3.496791460234636301e-02
3.496791480106039435e-02
-7.310321320198814865e-02
-1.730022767879040252e-18
3.642730922760618256e-18
2.699191060505260126e-17
2.918419060137204812e-02
2.918419080061622831e-02
-5.568879880006678829e-02
5.251419071986787199e-19
9.635605942383360494e-18
2.158249682862328447e-17
1.632501480004638905e-02
1.632501500002048189e-02
-2.735836197025565131e+00
-1.238353511666848231e-10
-7.653882470185073735e-11
-4.580177886233540570e-11
3.711056458348470372e-11
6.419186600132040453e-11
1.164365482183156707e-10
7.593931118749592812e-01
1.791859682497899797e+01
-1.007518330730117230e-10
-3.774470291166080485e-11
-2.678959454393422535e-11
-1.718955707045895094e-12
1.055266795945558129e-11
7.288361361871487405e-11
1.527957747727390347e-01
4.310017509154036031e-01
9.625852487954232872e-01
-9.545935358450601615e-11
-5.037070962838077898e-11
-3.769594661579960448e-12
3.143741413602885989e-11
4.223698369761096158e-11
8.810024730110628501e-11
6.764700934265205357e-02
1.494891272678697258e-01
9.577821749773020032e-01
-1.534247346236263573e-10
-7.948083546220799255e-11
-5.983728856746653635e-12
-1.815518700884316896e-18
2.055458761543017039e-11
5.205695903752704675e-11
1.231526407403861663e-02
1.275635960399137125e-01
9.559368329523241226e-01
-2.735836197025565131e+00
-1.238353511666848231e-10
-7.653882470185073735e-11
-4.580177886233540570e-11
3.711056458348470372e-11
6.419186600132040453e-11
1.164365482183156707e-10
7.593931118749592812e-01
1.791859682497899797e+01
-1.079884670692368154e-01
-1.078853956132847208e-10
-7.157116671774890122e-11
-1.968435476384822337e-11
3.735336022218322627e-11
4.555379992825188850e-11
7.961308285320428878e-11
8.288060597555976239e-01
4.181131098350260089e+00
-1.225282807872398911e-10
-1.377759527838620467e-11
-7.303494706439466470e-13
5.096354944040304826e-17
6.189547586121890681e-11
8.800447830918679397e-11
1.294786956308662529e-01
2.122770756579913654e-01
9.594071672982775745e-01
-1.534247346236263573e-10
-7.948083546220799255e-11
-5.983728856746653635e-12
-1.815518700884316896e-18
2.055458761543017039e-11
5.205695903752704675e-11
1.231526407403861663e-02
1.275635960399137125e-01
9.559368329523241226e-01
-8.066752295295890107e+00
-1.473341381640511323e-10
-7.238889447189211835e-11
-4.402192190476801908e-11
4.795855772722291408e-11
9.859642269342407608e-11
1.463663793065091826e-10
7.702800034571488652e-01
3.707354332370950090e+01
-2.735836197025565131e+00
-1.238353511666848231e-10
-7.653882470185073735e-11
-4.580177886233540570e-11
3.711056458348470372e-11
6.419186600132040453e-11
1.164365482183156707e-10
7.593931118749592812e-01
1.791859682497899797e+01
-6.211261029374242107e-11
-3.601553469057376600e-11
-2.019703978826094600e-11
-2.314812899150471745e-12
3.931320170739079527e-11
9.055960180393177504e-11
1.505204340533865814e-01
8.270378391275902130e-01
1.051575102909789061e+00
-7.709320311175998919e-02
-1.058005798336407160e-10
-6.580434236076052363e-11
-4.126738157918233655e-12
6.042180902290115485e-14
7.163854688057483517e-11
1.018759587240716130e-10
6.146648607024086941e-02
9.462538662436748016e-01
-2.735836197025565131e+00
-1.238353511666848231e-10
-7.653882470185073735e-11
-4.580177886233540570e-11
3.711056458348470372e-11
6.419186600132040453e-11
1.164365482183156707e-10
7.593931118749592812e-01
1.791859682497899797e+01
-1.534247346236263573e-10
-7.948083546220799255e-11
-5.983728856746653635e-12
-1.815518700884316896e-18
2.055458761543017039e-11
5.205695903752704675e-11
1.231526407403861663e-02
1.275635960399137125e-01
9.559368329523241226e-01
-2.728041714654936417e-02
-7.353786646517174605e-11
-6.074641378943355732e-11
-6.600885438076864318e-12
1.431852918043810861e-11
5.821204022664556208e-11
1.167840719524610072e-10
1.106423258512035240e-01
9.538511517469154821e-01
-7.517316852316022202e-02
-2.107803647925750962e-11
-1.267965780727875445e-11
-2.665374844163748831e-17
1.770857665368970389e-13
4.579599423262913510e-11
7.970339965595493426e-11
7.154434299032913502e-02
9.477168584409110252e-01
-6.211261029374242107e-11
-3.601553469057376600e-11
-2.019703978826094600e-11
-2.314812899150471745e-12
3.931320170739079527e-11
9.055960180393177504e-11
1.505204340533865814e-01
8.270378391275902130e-01
1.051575102909789061e+00
-9.545935358450601615e-11
-5.037070962838077898e-11
-3.769594661579960448e-12
3.143741413602885989e-11
4.223698369761096158e-11
8.810024730110628501e-11
6.764700934265205357e-02
1.494891272678697258e-01
9.577821749773020032e-01
-1.534247346236263573e-10
-7.948083546220799255e-11
-5.983728856746653635e-12
-1.815518700884316896e-18
2.055458761543017039e-11
5.205695903752704675e-11
1.231526407403861663e-02
1.275635960399137125e-01
9.559368329523241226e-01
-7.555022738006132721e-02
-1.083734732928103349e-10
-6.541953129298733359e-11
-1.211409402868531383e-11
-5.015900015308788127e-17
7.235710659492604797e-13
6.686150303030552992e-11
5.263319841872159122e-02
9.450660192796611625e-01
-2.414386486623175010e+00
-2.217521624972165650e+00
-8.874751565838913268e-11
-7.647243050364519049e-11
-3.403954652217536108e-11
4.581505263872342341e-12
9.079015452314060968e-11
1.157476296552060238e-10
1.287591302105726143e-01
6.250482437281004167e-01
7.519824210061130110e-01
1.451599660753871746e+01
-9.786463536050185986e-11
-8.241618216267286535e-11
-3.933397050909293409e-11
1.445077099586785641e-11
3.686084609242481865e-11
7.885631629836595242e-11
1.239520321343568626e-01
1.347126092430671052e-01
1.507668336504169315e-01
3.428493793444125082e-01
7.555419973357324626e-01
9.862721803814618049e-01
-1.224657621071418493e-10
-6.805987495081375438e-11
-2.685117220103731138e-11
2.819820441100804291e-12
8.423020057353755742e-11
1.134440096575257966e-10
2.934977814016809933e-02
1.105339124874621104e-01
1.334277717563146504e-01
1.449875417105608577e-01
7.103922972222553867e-01
9.895738897001216117e-01
-3.814287581250650882e-03
-7.668092529228443548e-11
-7.398845009132763317e-11
-5.984608715833824258e-11
1.097048678951183957e-11
5.017597743512923550e-11
6.242858059073529207e-11
9.607372603408266543e-02
1.239172549327305223e-01
1.403662695594111443e-01
7.039992819796211387e-01
9.871031919623460826e-01
-2.414386486623175010e+00
-2.217521624972165650e+00
-8.874751565838913268e-11
-7.647243050364519049e-11
-3.403954652217536108e-11
4.581505263872342341e-12
9.079015452314060968e-11
1.157476296552060238e-10
1.287591302105726143e-01
6.250482437281004167e-01
7.519824210061130110e-01
1.451599660753871746e+01
-1.235123249624927727e-01
-1.076445649053625608e-01
-1.101626298937288144e-10
-7.437118161658146332e-11
-4.578597250900810276e-11
7.663522511061450400e-12
5.766092304091970155e-11
9.429137720231827549e-11
1.322568358000325572e-01
6.255855292184285821e-01
8.626780372955450416e-01
3.600033893324552814e+00
-7.026452463272902238e-11
-6.281671291737874971e-11
-2.777512084117806644e-11
1.312838311063100078e-11
8.133800855948997442e-11
1.320016509887448245e-10
9.853926128273550467e-02
1.247804683429243888e-01
1.488111328142874001e-01
1.719936595251412570e-01
7.223817748423907448e-01
9.904203687269090839e-01
-3.814287581250650882e-03
-7.668092529228443548e-11
-7.398845009132763317e-11
-5.984608715833824258e-11
1.097048678951183957e-11
5.017597743512923550e-11
6.242858059073529207e-11
9.607372603408266543e-02
1.239172549327305223e-01
1.403662695594111443e-01
7.039992819796211387e-01
9.871031919623460826e-01
-6.917835442020021652e+00
-6.286090136879289858e+00
-5.844968855509220654e-11
-4.724042590076524560e-11
1.205692714750368521e-11
5.036591087719091256e-11
7.308742014568688811e-11
1.618181420219404650e-10
1.248943765129961747e-01
6.418562818039728057e-01
7.504682123049839504e-01
2.935420848238576141e+01
-2.414386486623175010e+00
-2.217521624972165650e+00
-8.874751565838913268e-11
-7.647243050364519049e-11
-3.403954652217536108e-11
4.581505263872342341e-12
9.079015452314060968e-11
1.157476296552060238e-10
1.287591302105726143e-01
6.250482437281004167e-01
7.519824210061130110e-01
1.451599660753871746e+01
-7.928560747449794985e-11
-5.586526067512500301e-11
-4.096086902571314598e-11
7.518839987518962037e-12
4.744971028412515595e-11
7.766291364497746272e-11
1.296951120273349412e-01
1.297542260996234209e-01
1.364305973899311297e-01
5.711853343653898740e-01
9.705478389359870617e-01
9.706468331252097181e-01
-5.710615436715770626e-02
-1.265907137899104298e-10
-9.396395645295088180e-11
-1.839830152740176752e-11
3.352271555286203504e-11
4.890391289406790073e-11
7.585174140977942566e-11
4.244930563613277114e-02
8.295332582126685450e-02
1.312610096029705464e-01
6.907422289405985572e-01
9.726316621468639179e-01
-2.414386486623175010e+00
-2.217521624972165650e+00
-8.874751565838913268e-11
-7.647243050364519049e-11
-3.403954652217536108e-11
4.581505263872342341e-12
9.079015452314060968e-11
1.157476296552060238e-10
1.287591302105726143e-01
6.250482437281004167e-01
7.519824210061130110e-01
1.451599660753871746e+01
-3.814287581250650882e-03
-7.668092529228443548e-11
-7.398845009132763317e-11
-5.984608715833824258e-11
1.097048678951183957e-11
5.017597743512923550e-11
6.242858059073529207e-11
9.607372603408266543e-02
1.239172549327305223e-01
1.403662695594111443e-01
7.039992819796211387e-01
9.871031919623460826e-01
-3.230655903213797142e-02
-7.997386824282422575e-11
-6.951924946765314655e-11
1.461730137493909955e-11
6.303522489111283862e-11
8.371727964410350227e-11
1.250515561129978514e-10
8.259568905078826240e-02
1.141747122781454904e-01
1.371452938609162286e-01
6.985984124489723612e-01
9.840736831563876574e-01
-5.772471433322699103e-02
-1.081748712979490095e-10
-7.703915998519396410e-11
-8.608902267624899968e-12
1.811657507911546177e-11
4.156201871307065760e-11
8.490571159119216814e-11
5.047514942193290916e-02
8.992740333285514920e-02
1.320282803589139242e-01
6.912342127727342245e-01
9.751122719960303442e-01
-7.928560747449794985e-11
-5.586526067512500301e-11
-4.096086902571314598e-11
7.518839987518962037e-12
4.744971028412515595e-11
7.766291364497746272e-11
1.296951120273349412e-01
1.297542260996234209e-01
1.364305973899311297e-01
5.711853343653898740e-01
9.705478389359870617e-01
9.706468331252097181e-01
-1.224657621071418493e-10
-6.805987495081375438e-11
-2.685117220103731138e-11
2.819820441100804291e-12
8.423020057353755742e-11
1.134440096575257966e-10
2.934977814016809933e-02
1.105339124874621104e-01
1.334277717563146504e-01
1.449875417105608577e-01
7.103922972222553867e-01
9.895738897001216117e-01
-3.814287581250650882e-03
-7.668092529228443548e-11
-7.398845009132763317e-11
-5.984608715833824258e-11
1.097048678951183957e-11
5.017597743512923550e-11
6.242858059073529207e-11
9.607372603408266543e-02
1.239172549327305223e-01
1.403662695594111443e-01
7.039992819796211387e-01
9.871031919623460826e-01
-5.471189050670425408e-02
-1.204603999580745978e-10
-2.897759018752248254e-11
-1.686762174021800863e-11
4.310143460486271641e-17
1.652267573742889033e-11
7.920254431821474362e-11
3.554225051846748168e-02
7.624407146946340919e-02
1.308100888695001851e-01
6.908532160248449516e-01
9.704631994950092544e-01
