-8.432448159372732399e-02
-4.230374296218800817e-02
-3.963210723736415586e-02
2.738342223801458475e-02
4.448581216102139024e-02
1.096218361313243017e+00
-1.925004671585247781e-02
-1.108501643878462284e-04
1.111357313855882573e-03
6.180697190675817076e-02
6.294519383048795269e-02
1.160320069658048875e-01
-1.315946809980665568e-03
7.954470252111661786e-04
1.370934756390907762e-02
4.398312248855715256e-02
5.780699181019966632e-02
5.961877891843686550e-02
5.265437432045000886e-04
2.743338152635180216e-03
1.820848593051209441e-02
3.939457169968677008e-02
4.214466863380481737e-02
4.816366050482331906e-02
-3.538911537912172584e-02
-2.634673534881983026e-02
-2.298889345304131610e-02
8.927611052200440378e-03
1.062035001486217461e-02
2.477816556833922768e+00
-3.034676442580291900e-03
-1.194373250911484607e-04
6.328280944839234645e-02
8.329914036281191314e-02
2.177731955745338954e-01
2.223801982209329953e-01
-2.716816433011187693e-01
2.978653282173504557e-04
1.343298211633855987e-03
2.513952762759008586e-03
8.575009187422209800e-02
8.743609395395404715e-02
-2.069975922650516553e-01
1.598517896191434251e-03
1.720372523833953171e-03
2.355897770919740397e-03
5.739962453321155456e-02
5.818122635889525635e-02
-1.554963053786341254e-01
-6.400532929619411841e-04
4.055675818248249877e-04
6.504511242772469375e-04
3.453421605335733890e-02
3.474720564680313512e-02
-1.024571017880826773e-01
-1.011605121002279173e-01
-1.169505668355129424e-02
4.280120198606879311e-04
3.557043434368506452e-02
2.530584153839319228e+00
1.800858995150609286e-03
4.664608121301981256e-03
2.963649017185873355e-02
1.116185067875308801e-01
1.139185790152106026e-01
2.659735247909461031e-01
-1.920684740232490584e-01
-3.207859827811014586e-03
-2.719829927856180773e-03
2.737388169210160094e-03
5.874732244323290636e-02
5.929071122880640032e-02
-1.754570993727760653e-01
-1.674869159064478474e-01
-1.072776655043861105e-02
7.395933890005201850e-03
2.217896948478620400e-01
1.993118413661794097e+00
-1.919285835161691975e-02
-3.604085116786710438e-03
-4.576432718693367041e-04
7.562641772085373221e-03
7.942531848915627968e-03
6.760873566986036476e-01
3.049944783718554209e-03
3.373590759849355841e-03
1.944091185310474132e-02
1.994681978783609255e-02
5.767478387539039242e-02
3.513515771650994046e-01
-6.071917167465305798e-02
-8.358016886313331117e-05
5.925879852664191205e-05
1.391280939307768666e-04
1.185614266542036298e-02
1.251833630530517841e-02
-5.621102130612119774e-02
-1.461146829710881570e-03
-1.058890807380414092e-03
7.318013552096540308e-04
1.029377943342983659e-02
1.075669748523976933e-02
-5.309615212265041823e-02
-2.310588994492442094e-03
-1.567898344426749135e-03
8.434194582443362009e-02
1.949876134716083675e-01
1.956933564328596775e-01
-2.324559578164949736e-01
-1.459448908748273155e-04
7.000469935001807364e-04
6.571095436021981429e-03
9.129996816718642660e-02
9.178530081299463017e-02
-5.620633475998213641e-02
-3.414730698716110513e-03
-7.890032975612359945e-04
7.365558854783883780e-03
4.448481770118244832e-02
4.648269433362631209e-02
-6.793528224706699148e-02
-1.999666065888829752e-03
-7.708750679670528516e-04
3.375143924105143689e-03
2.791909128717833671e-02
2.812928167530608786e-02
-6.249893756134412837e-02
-1.927121166772915312e-03
-1.760005763688426983e-03
4.513858825654543799e-03
2.343281252196304648e-02
2.418376040285440121e-02
-5.951566333164952372e-02
-1.358432255616374984e-03
-8.019879363568502284e-04
2.526215072596857403e-03
1.982778580599922971e-02
1.992920915185981967e-02
-4.379260899069706281e-02
-1.003548254371166432e-04
5.817565971229753108e-05
3.754769186570874884e-04
1.092743691253952529e-02
1.124552064572534836e-02
-3.482243704081961599e+00
-2.090192085847446535e+00
-2.994325965291761982e-01
-3.845102394425570225e-02
1.186867750657776277e-01
3.987425624154403714e-01
1.280613525946733944e+00
2.380489724984180100e+00
1.635193266581919502e+01
-9.301673654728546126e-01
-6.431254721164003652e-02
-4.997098752781226061e-02
9.523946348580780707e-03
6.558373235984449323e-02
2.478242860583703688e-01
7.674111677538739684e-01
9.458505163145842776e-01
3.383059405681541953e+00
-6.599658154295721946e-02
-3.249066225491344800e-02
7.696219335997386835e-03
1.719013756302537055e-02
7.488158224187452250e-02
1.233696525812738309e-01
2.509449221268788000e-01
8.487948280599855178e-01
9.639717781825007936e-01
-6.491442545406413134e-02
-2.169815764579099970e-03
-5.406557951870560874e-04
1.885310867308920280e-04
3.078803137539359858e-04
1.249065512624700225e-03
2.770894075253965694e-03
8.118652061416922749e-02
9.483534956186292497e-01
-1.853299049002276808e-02
-2.457954363766889916e-03
2.812255585804869507e-03
3.678672154327964489e-03
6.642736760523147710e-03
1.696936614799316942e-02
1.207159684563582080e-01
1.282613784680762259e-01
1.617129211602379713e-01
4.111155606053818468e-01
7.523294317193351954e-01
9.736691610437485656e-01
-1.689364249577566396e-02
-4.761277150532967559e-03
1.899859102264589428e-03
4.162857107783777405e-03
6.215724668747008019e-03
1.565230954780430506e-02
3.038257618713192248e-02
8.846204863643106209e-02
1.238517260090870320e-01
1.484024963984291456e-01
6.899137366090450918e-01
9.594561087190838222e-01
-1.850929256355920982e-02
-8.259251485643766960e-03
-9.412223971496068431e-04
1.613872846348844009e-03
2.487559515545949979e-03
5.291646612040564607e-03
1.384864662744681590e-02
7.641275314571893684e-02
1.226589076268658207e-01
1.368168322844839913e-01
6.927234878614587643e-01
9.570327906347747549e-01
-5.047312319584366935e-02
-2.348647820690635823e-03
6.027079367618773387e-04
3.142350849684706626e-03
6.244479597944808946e-03
8.826769669151593445e-03
1.738415660634433368e-02
4.569635505094551964e-02
9.389719782675515214e-02
1.344639829192062486e-01
6.847367087954101539e-01
9.568915197776562964e-01
-6.683884276434959304e-02
-3.926849865732927325e-02
-2.446831136168704790e-02
4.167777990214574513e-03
3.523797994278098089e-02
1.097358620426702736e+00
-1.971701086229291772e-02
2.044345222563647563e-03
5.383987545340196412e-03
4.737577553018820775e-02
4.825208942540858137e-02
8.128092794179189728e-02
-6.555414395593935073e-02
-8.031547546678570459e-03
-5.493030873910141609e-03
2.123052121770248046e-01
2.176257699596440554e-01
4.377533657358569918e-01
-2.999511755263467028e-01
-1.949710380375502261e-03
-7.621701460687746454e-04
1.884143927416509490e-03
1.237732429619640001e-01
1.273962321997455238e-01
-1.563905822348376218e-01
-6.083472904464667583e-03
2.125783029382090957e-03
2.197859638203454417e-03
3.362435264666236573e-02
3.617463673005429092e-02
-1.569409312830256087e-01
-5.202904289964331574e-02
-5.076090243530342883e-02
-3.777333938502579203e-02
-2.556577052266276184e-02
2.216877003108995936e+00
-9.807634506602225244e-02
-1.425791453367079853e-02
-8.257849539620887303e-03
6.430592127090399568e-02
6.829313048961686838e-02
1.096473864328461723e+00
-7.373431093201468847e-03
-6.473193324909846773e-03
-3.515947302548308191e-03
3.305830684975513689e-02
1.081382195437833316e-01
1.122118034937879816e-01
-3.533040026732588157e-02
-2.573747436643768899e-02
-1.412124363061365018e-02
1.929535713128454483e-02
8.418829886224696302e-02
9.580152179251222311e-02
-3.169742913308795044e-03
3.502930241664655754e-03
5.313644277467816264e-03
2.001347886198967876e-02
2.097057598324246139e-02
2.718612195216099647e-01
2.928891932941156927e-03
3.500779354892760015e-03
6.297825065378105658e-03
1.031207147220436493e-02
3.155609064874181219e-02
3.799796337017525422e-02
-3.914536775073101937e-02
-1.545102601027420561e-03
5.155217864834597298e-03
6.803859173880804495e-03
3.033439888923593689e-02
3.196900109347369096e-02
-5.801756330780503262e-02
-2.502647932078628243e-04
-2.345861360991785918e-04
1.109218077650849649e-03
1.958077315384272946e-02
2.069705646361850310e-02
-6.168430072750997334e-02
4.053059130143239416e-03
4.274730645129181869e-03
5.240912236928715710e-03
5.659613312825328979e-03
5.877096545817038324e-03
-5.905714279110121367e-01
-5.580797119950855478e-01
-7.518322074993410986e-02
1.788587358496340762e-02
3.655409127085298415e-01
6.822419905594674816e+00
-2.626468669604506978e-01
7.946458830742880730e-03
8.671892103076589420e-03
1.671149043632345343e-01
1.678232909979927301e-01
2.037993132804051810e-01
-7.721598482476696446e-02
2.238378681904323875e-03
6.967905426794485102e-03
1.048558421465267676e-02
1.394889915372945766e-01
1.406279188612885034e-01
-1.575136278159343095e-01
-2.865313034526084657e-03
7.195795605267757411e-04
3.226788833332816520e-02
1.182103792542385789e-01
1.207336924765342601e-01
-2.247158601658126309e-01
-1.010166606535356504e-03
-7.907600107363299546e-04
3.185704305847303353e-03
7.651641101540207490e-02
7.697535899600187193e-02
-1.842414151613699924e-01
-3.281122072567727033e-04
-1.703257886315409642e-04
1.106325573015182195e-03
4.524605335157914909e-02
4.534635776966350340e-02
-1.037424985330538674e-02
1.368373893529103991e-03
3.235267682345749352e-03
5.755140322370110723e-02
6.493621979575932290e-02
6.686094930730301922e-02
-7.291665689926010718e-02
-2.289722002492146358e-03
-1.761693120622062625e-04
3.134870405904072177e-04
3.911112101563437443e-02
4.065211132525629184e-02
-7.102166184583602604e-02
-3.079871400289840855e-04
-4.424708148878520042e-05
7.544155440257459266e-04
2.799841033838907853e-02
2.810857045693923237e-02
-4.363191246999078426e-02
-7.787432000622026250e-04
4.043770015775649367e-04
4.727878348584958236e-04
1.086798698509026245e-02
1.093656526702666866e-02
-1.943400656496141687e+00
-4.964169328059337971e-01
-1.303815590392329860e-01
-8.814460789467126745e-03
1.762992654684594207e-01
6.707908123315871052e-01
8.580182262270401594e-01
2.049773366193130997e+00
1.471187967851167677e+01
-6.072865803362467174e-01
-5.093588198549159340e-02
-3.013529237539380734e-02
3.734386622044283399e-03
7.041284528499858197e-02
2.888919845257474917e-01
6.092412043839720015e-01
9.168756609780440714e-01
2.841060070770818236e+00
-5.356404690810322167e-02
-3.324731814095739646e-02
3.460443825230585801e-03
8.903328619309043568e-03
5.850334572838724462e-02
1.064823592304612598e-01
2.589148994297247874e-01
8.049376063523902003e-01
9.431315170973909590e-01
-1.964987614100747737e-01
-4.221891683027501063e-03
3.623695350186972863e-04
5.042645497047609782e-03
6.009439687446521683e-03
1.361179438343659842e-02
3.937962001391573374e-02
1.139613348939535753e-01
1.138730974381616745e+00
-7.421524363022546922e-02
-2.015030426518502060e-03
-1.311779869515014574e-03
-9.802713972161258837e-04
-1.620859530304524787e-04
1.477015114899615789e-04
6.936580924713497964e-04
6.148060715404753129e-02
9.456063435114968607e-01
-9.353472793464743390e-03
-7.582164673979784920e-03
1.595607648053208941e-03
5.521187238784471679e-03
1.150046852573717929e-02
1.547137584835522883e-02
8.760890640206167590e-02
1.201340476293963205e-01
1.416451957775880788e-01
1.514272894923633928e-01
7.067842060297120366e-01
9.712150314275592722e-01
-5.268434291370929085e-02
-3.051382284746058382e-03
-8.874334977795259038e-04
-8.954720770691648735e-06
8.288774044864569146e-04
1.292343850352671575e-03
1.597585619714798899e-03
5.090509034775925895e-02
9.312244725404689172e-02
1.319275386746487366e-01
6.905973258783610902e-01
9.729769004657996545e-01
-5.126675633575852181e-02
-1.160505878899674437e-03
7.931886072596455728e-05
6.671833220539061249e-04
7.718635136311560729e-04
3.175182617373456528e-03
5.011368805801476312e-03
4.499809528348204524e-02
8.738181081805850015e-02
1.336887262819485556e-01
6.841711824641079076e-01
9.626934679951399954e-01
-4.512653662341338801e-01
2.206576104891954659e-01
2.410838243855444873e-01
1.224322936048741317e+00
1.297119839138981101e+00
3.095005669915003477e+00
-6.313233507659184347e-03
-5.609330092140589474e-03
-2.443464879838319181e-03
1.104535005252915529e-02
1.217098311558604574e-02
5.516483811115233671e-01
-3.288225853486637356e-03
-1.281210707623774321e-03
8.305369101344606264e-04
2.849638016240370678e-02
4.282930619610908485e-02
4.960359691379647579e-02
-1.378037695862300405e+00
-1.236999413253604851e+00
-1.132692038080524100e+00
1.354916292898433738e-02
5.871634247106194415e-02
8.962026599123714021e+00
-5.504448484974846512e-01
-5.255772552318517254e-01
-3.358171825448519332e-01
-5.263378669220020178e-02
-6.415770891091576722e-03
4.899460537937483373e+00
-1.734443606661606185e-01
3.405382822679325905e-03
5.405853584381559163e-03
2.150790670669949778e-02
1.847375636304912083e-01
1.856600769532414652e-01
-1.982995528680644992e-01
7.938350771305807685e-03
1.228153479554580652e-02
4.129759543916965148e-02
1.459122907499751098e-01
1.473838255587337498e-01
-1.643364886276671433e-01
-2.766293109856321486e-03
-5.805668762083882051e-04
1.163450507967837833e-03
4.252371484641927907e-02
4.513164674634533025e-02
-1.574055356504315273e-01
-2.896654228796397001e-03
-1.845119538063239029e-03
5.596144250359508243e-04
4.163230535919149045e-02
4.621749360673058776e-02
-8.755156985389296251e-03
-6.756632357247173946e-03
-2.295595023500473369e-03
2.226878836237090528e-02
2.754320775662193535e-02
1.322960998898478513e+00
-5.092327507079766336e-02
-1.969864302112783738e-02
-7.471924996692830279e-03
3.992677205760823689e-02
9.660947022535698592e-02
1.089001261423203637e-01
-1.915125581953307510e-01
-2.509646032936123372e-03
-2.007276235234223272e-03
6.699231089136586936e-04
5.794382751143122706e-02
5.821799364582308511e-02
-1.709812775219580472e-01
-1.517344905059857252e-03
-8.360874120205905036e-04
1.152528473623105898e-03
3.956056221686789914e-02
3.985405265821398424e-02
-1.928311936048146213e+00
-3.286287470715163472e-01
2.199966498426315642e-01
5.558618196932216815e-01
1.697924094313184140e+00
8.241981919239941945e+00
-4.134287186966417726e-01
-3.765201098319593265e-01
-4.515866667312240512e-03
1.791787308761427777e-02
3.470016713986101564e-02
4.141737637206442280e+00
-3.680221914040764097e-02
-1.115166112454318154e-02
-3.179393946536809845e-04
2.122228994421077042e-03
2.667544703329371297e-02
2.911195953855637980e-02
-5.462175426972863679e-02
-5.668441682535633672e-03
5.127567466182655388e-04
2.803912171913788311e-03
2.300100889749264951e-02
2.528407838223976217e-02
-7.487188763474809938e-02
-3.239641802417345812e-02
-2.291546387083403385e-02
8.418040786119096452e-02
1.566292343207727200e-01
3.515718415406132280e+00
-1.428476348454924272e-01
1.373379843849775739e-04
1.915044356123302149e-03
8.063576558881102585e-02
1.753550537467936099e-01
1.764474363438795768e-01
-8.436517789613542928e-02
-5.702071214205631233e-02
1.394658308082802334e-03
2.037479962888361085e-03
1.498508723423967737e-01
1.515835988366577569e-01
-1.747427883400698434e-01
-2.882835751588354312e-03
-1.019457582305739740e-03
-8.085918482239745630e-04
4.233420931547034194e-02
4.255147954655085635e-02
-6.094218229071904358e-02
5.777792705884236824e-03
1.324903927163963852e-02
2.878011540054093570e-02
4.630466410833316421e-02
8.251851573523213412e-01
-1.746078091555045009e-02
6.704382358493538724e-03
1.189865035930980780e-02
5.504524849582380364e-02
6.846298531097451401e-02
4.366595539731145115e-01
-2.064898959506845239e-02
-1.337988818226880372e-03
7.449729344906341755e-05
5.431612921485723389e-03
6.064230268764222304e-02
6.091298156788493845e-02
-4.440387996283801098e-02
-3.339321071446632594e-04
5.051807028692845147e-05
2.301324322423470292e-04
1.109944585107944248e-02
1.148344242470736992e-02
-3.664628173195213723e+00
-2.140341024804164327e+00
-3.387330565948247774e-01
-1.789122395080955386e-02
2.040246292790781624e-01
3.011317793614787242e-01
1.170471330904705898e+00
2.422081467984313452e+00
1.565141963952924975e+01
-7.357194016780918000e-01
-2.681220459163928260e-01
-3.576069648825097591e-02
1.890075705286176078e-02
3.323588290080586871e-01
4.877332438106686263e-01
5.284928300017502911e-01
9.857576364013539427e-01
7.317991569842538624e+00
-5.858170445407976518e-02
-4.058924424345321247e-03
3.166686944964733352e-03
7.588277285429982644e-03
1.485212186136911777e-02
3.870706384803330319e-02
9.698288723302772585e-02
2.243283330992952018e-01
8.924487902051374544e-01
-1.703471259779801017e-01
-8.916956469147058195e-03
-2.087578773883158600e-03
1.762315326288232953e-03
7.381967631337638114e-03
3.138873537171976702e-02
5.846970822321098660e-02
1.194281544968648912e-01
1.076264250592753768e+00
-2.536258433002578361e+00
-1.158647287547481142e+00
-7.330112594969011575e-01
-5.957284675638385707e-02
3.351744840937920245e-02
7.454032865909487882e-02
1.585797024756008256e-01
4.601114586382335503e-01
5.917244085792403574e-01
7.593715859117415867e-01
2.301068859165415592e+00
1.194319220943327409e+01
-1.401960097651158352e-02
-4.311574220547799083e-03
9.765572929214694914e-04
3.826222114967593388e-03
1.397563369695032330e-02
1.442738386618290340e-02
1.200815110353606191e-01
1.340106628013776613e-01
1.654901924902836552e-01
4.091021089646986186e-01
7.546858875750079854e-01
9.668146476983072723e-01
-5.657692014296403921e-02
-9.942981058318825505e-04
-8.730888422993493547e-04
1.044027492043200778e-04
5.914022551223099833e-04
8.490772841582807295e-04
8.578430007919490320e-04
4.995264731016147569e-02
9.140289337381210522e-02
1.318413941579988091e-01
6.902183579430634097e-01
9.735420793027764752e-01
-1.356213067414378415e+00
-1.245506288696590413e+00
-5.677676433737702810e-01
1.177272849077168893e-01
2.322546815168859968e-01
1.023926596804142797e+01
-2.934433733487530338e-01
-2.013169523046698384e-03
-6.852603897306158709e-04
-5.515363508236947876e-04
1.032954929411863676e-01
1.043639647295020456e-01
-1.834616535908868140e-01
-5.469574735512136056e-03
2.591444714184261248e-03
3.496624647098651398e-03
4.791964402536338236e-02
4.792507202208607514e-02
-1.591571119885571983e-01
3.343163302378451829e-04
9.452293188747656894e-04
3.067490733406973147e-03
3.668291137080247066e-02
3.801967591156817095e-02
-4.494398298958610649e-01
-1.532365169571361374e-01
-4.289282105091052344e-03
1.155573077162432849e-01
2.788036048238257125e-01
5.314634229907349905e+00
-2.274441070864513803e-01
-1.449870128628286681e-01
-1.399010581784598251e-01
-5.010742453150668352e-03
6.999174153621173788e-02
3.814909696401010297e+00
4.048002905945856725e-03
9.044273403365190450e-03
1.290446648743404437e-02
4.564492586314129047e-02
5.487551852970451449e-02
7.238071794730754904e-01
3.298120061835501434e-03
8.780219505586397966e-03
1.002876139638518051e-02
9.473082041408679987e-02
1.018511388271783058e-01
2.787246265035939752e-01
-7.888177298060447540e-03
-1.162262154244703659e-03
1.671555575622374334e-03
7.837926212068349260e-03
1.219795507778532323e-01
1.230906302634276056e-01
-1.350946636757036079e-01
-9.289669765680394486e-03
-1.230479420488830855e-03
1.550411743093474404e-02
8.585394473188764919e-02
9.360461657938491664e-02
-1.794834388149385562e-01
-1.321326913715371865e-03
-6.026242502458756256e-04
1.377969959393980648e-03
4.708765423727240274e-02
4.763952149090005389e-02
-1.242255581709337475e+00
-1.051406005176123148e-01
2.555021536459145537e-03
3.604560281404056710e-01
1.797474726442068960e+00
6.274469397582681296e+00
-1.429855392353643340e-03
1.942664362730701141e-03
3.200059944637007395e-03
1.818693348524433318e-02
1.968055363694597854e-02
1.911940749804620365e-01
-5.967234210131230898e-02
4.745797802899187623e-05
1.187185192822390323e-04
5.642324293648019740e-04
1.911181080396063062e-02
1.914108822834235946e-02
-8.389464694770712438e-02
-3.240625415474911869e-02
3.098756740877851509e-03
3.385387223880729612e-03
1.709391727059839383e-01
1.722683115113803343e-01
-2.214143091930719232e-01
-2.660202276352094386e-03
2.181129698901232428e-03
2.066853865992508699e-02
9.429475185444900764e-02
1.000308055708168525e-01
-2.137093158685917649e-01
3.590504502193336833e-04
3.569903194407406111e-03
2.064372855882842112e-02
7.995880141601457991e-02
8.190442711678948273e-02
-2.105291124039452844e-01
-1.036080332356678624e-03
2.152964218540831531e-03
8.459634762809128961e-03
6.980681176701032664e-02
7.072034723227554887e-02
-1.045996312534110649e-02
1.612600438514258383e-04
8.570909047286016935e-03
6.426515034685802152e-02
7.016318012574405960e-02
2.908342936487676722e-01
-2.113786410034442301e-02
-6.231035613775273013e-03
-1.799394260539814716e-03
6.800169028634478474e-03
5.890222668863180633e-02
6.067522162805973063e-02
-7.195441572585076218e-02
-1.093219022139914343e-03
-1.011992917150733584e-03
1.818259747163521178e-03
2.902974968339922315e-02
2.929814247991231746e-02
-5.634073666234543087e-02
-2.249716917268370763e-04
-2.167909898593180099e-04
4.018512458777920293e-04
1.670705148734917544e-02
1.671451243470484932e-02
-5.352518998410245310e-02
8.238750020767016125e-05
1.173929916502116158e-03
7.463606655918253105e-03
1.126381100219886293e-02
1.225232557627553738e-02
-1.881543652836755731e+00
-5.822800748072256560e-01
-8.525064721109609778e-02
-4.367912007786189932e-03
1.485150576421530033e-01
5.683979341286686804e-01
8.052033168959638054e-01
1.942799654158854583e+00
1.360021499595252692e+01
-1.493188966611151344e-02
1.275493356287351124e-03
4.096649815564885541e-03
1.183745713197512962e-02
1.818539337985930482e-02
4.922389480411413359e-02
9.692044953562255205e-02
1.667111918641270840e-01
8.931220159150610183e-01
-1.762780306214254411e-01
-1.338081667834850608e-02
3.657377415932777653e-03
5.940625125515353044e-03
1.483405654422009778e-02
3.147462688468308234e-02
5.859064299844363166e-02
1.233279855027867578e-01
1.058814856124690396e+00
-3.149618326783647226e-02
-1.138269410196147274e-02
1.489959992804129607e-03
2.240738785570052516e-03
9.119238033597112936e-03
1.578705172381311000e-02
2.510606755283677216e-02
9.924668231399330631e-02
9.252170398928493134e-01
-7.297871932006798346e-02
-3.723299940820867099e-02
-1.829765804155947251e-03
-4.024168447015752381e-05
1.776600591533311624e-03
3.629451340827219430e-03
5.986153081565609435e-03
5.948649912213958835e-02
9.634342679825046440e-01
-3.481442894448134040e-01
-3.493421753638809024e-02
-3.238857468805983464e-02
-2.538985123230769192e-02
1.449181598834520246e-02
3.304451035494748723e-02
8.517484342519993090e-02
3.346964440490532433e-01
5.141848427281461298e-01
6.597241821721813171e-01
9.135685332808667347e-01
2.779187052118000434e+00
-3.819376586214005831e-02
-9.732666312489708649e-03
-2.079985852982940697e-03
9.900579273950382841e-04
1.816924664524842414e-03
9.832275373640217420e-03
1.115254822778554838e-01
1.268530260140230403e-01
1.513232542614778020e-01
4.361173551575789342e-01
7.595285813145421505e-01
9.713444066639068675e-01
-2.234760300852426523e-02
-8.630260136171269414e-03
-2.094239204688350814e-03
2.210046163358334037e-04
1.259932594838711339e-03
2.851546617287644553e-03
5.551338166020412107e-03
7.800998275069420673e-02
1.162596002239669191e-01
1.370580769576320301e-01
6.955939996462935371e-01
9.742654792744789294e-01
-5.183432433111445636e-02
-1.414661663558657023e-03
-1.282280023404136493e-05
2.862520775590779443e-04
4.355995914488083876e-04
1.157258355687092177e-03
1.379716656373979056e-03
5.887002534905634576e-02
9.664295410163063760e-02
1.332066557852099042e-01
6.920526942351020727e-01
9.767493787403426220e-01
-7.046399491237352597e-02
-5.878450198187702702e-02
-4.883722602189929235e-02
3.388436296833205463e-03
1.796486519631662615e-02
1.128737769038665961e+00
-3.351761550231896480e-03
1.010115117217631059e-02
1.110699183330896705e-02
1.638080253321570756e-02
4.230718952509000819e-02
4.303480685244064075e-02
-2.321534750958635096e-01
-1.223412785907540545e-03
-2.933523203732524287e-05
5.098473969635836101e-03
1.778900311487713048e-01
1.817358489937345445e-01
-3.069279632523199686e-01
-6.040472970647581263e-04
-1.447072142188310373e-04
1.216931086701289466e-03
1.274730207038881347e-01
1.286007579343489415e-01
-1.431427467166911383e-01
-7.235020620454113427e-03
-4.831715742304731886e-04
-5.533078483489772825e-05
3.473205455766658484e-02
3.566361226920991556e-02
-5.998810926116951991e-01
-3.620237605061126795e-01
-3.379866268315854239e-01
-4.152349045736358768e-03
2.777524184296393805e-01
6.587179550100492165e+00
-2.043018851595390997e-02
-1.576748725289813663e-02
1.471505718605702409e-02
3.496438310204631750e-02
3.537793995258504964e-02
1.244255630480499031e+00
-2.948311982792556352e-02
1.878167815402662089e-03
2.526549725142046565e-03
9.167152620731872092e-02
1.226607697833114324e-01
1.239251828997511712e-01
-1.905296394930129922e-01
-2.695227242460476735e-03
-2.183116894333404778e-03
2.151126461046572180e-03
5.789242518268334498e-02
5.793897748841016215e-02
-1.695126275358432855e-01
-8.874343214205146491e-04
-3.600612826971660851e-04
1.931210579458865484e-03
3.890504626443013619e-02
3.959088187140500509e-02
-9.536364376890811290e-01
-2.468305459207897901e-02
2.289593928621959096e-01
5.163514222360675587e-01
1.813779000681919662e+00
7.060702542032633033e+00
-6.569836275970403205e-02
-6.284183559976774802e-02
5.690393210300181970e-03
8.426181479207831004e-03
3.426005598003110941e-02
7.628621961999321188e-01
-9.297347316709954779e-04
2.691108525148281846e-03
2.916815925271682743e-03
7.283908040731794202e-03
2.763506627922613507e-02
3.189722516962655019e-02
-5.159960672064857479e-02
-4.554046530383632635e-02
-5.882723837658525301e-03
1.392995605101680218e-02
4.875584951261664052e-02
3.275907682873850923e+00
-1.175583539961464197e-01
-2.709560370421720821e-03
-1.268253850183337361e-03
1.446841128469057991e-01
1.946442820945986640e-01
1.960841022822460977e-01
-2.131423229751532866e-01
6.238803373488088777e-04
1.627980652021798758e-03
1.365392504284836106e-02
1.276931812472149874e-01
1.294455396940526470e-01
-1.930094428290682340e-01
-1.090111149848353722e-03
-7.225120193162445914e-04
3.212051441065372215e-03
5.147880370434387842e-02
5.195411332599016163e-02
-2.952182495728983627e-02
1.013395584047890180e-03
7.016990742982020385e-03
4.844691341379944727e-02
7.779067796654812184e-02
7.980865593799114643e-01
-7.271339471514136343e-02
-1.088234550384134525e-03
-9.168496147823404496e-04
1.538679271299164819e-03
3.449443764259882417e-02
3.503823516707656183e-02
-5.570550882031226336e-02
-2.911020299237211673e-04
-1.201046147811670286e-04
-1.161877922229946072e-04
1.664971822819346151e-02
1.671889257554689742e-02
-4.339254128772102037e-02
-6.611496921376611852e-04
1.354216447899125875e-04
3.087973690875534666e-04
1.090823788197041455e-02
1.092796100717752586e-02
-1.740773500604823498e+00
-2.661846893839980854e-01
-3.662281627030417042e-02
-2.210259806322212306e-02
2.702499962755648966e-01
5.628092412348411067e-01
1.136164233876966634e+00
2.355261184511706407e+00
1.345012606519505027e+01
-9.082026756873257112e-01
-7.721043256585824466e-02
-4.554710762942892899e-02
3.786967711772226686e-03
6.497466228935711019e-02
1.997428878132205821e-01
3.723023768307496262e-01
8.409833337555725485e-01
3.118965811934264032e+00
-6.091698204864494370e-02
-4.560580584238839441e-03
-1.461986916526013258e-03
-2.057705569204690277e-04
1.128219523378867772e-03
1.804779846167482715e-03
4.395404742500476358e-03
8.316978004942343627e-02
9.473878767171923787e-01
-6.900278507587992438e-02
-6.027117095462733443e-03
-1.457460034363408652e-03
-2.133161907537234336e-04
1.034934637256706980e-03
1.336469363548462019e-03
4.056703602939498721e-03
7.268169893963191686e-02
9.461194971017499178e-01
-1.244256198247855716e+00
-8.505190038440662015e-01
-5.460843820685026273e-01
-1.365431817542941406e-01
2.321228758034687978e-02
7.105769981140452884e-02
2.091770210114221040e-01
3.437621836933340003e-01
7.143487709110030170e-01
1.129287816743436146e+00
1.865295076317271317e+00
9.042624703633656225e+00
-1.502833443375772848e-01
-8.666919574635685575e-02
-3.688924311446079018e-02
-2.035741058834497630e-02
1.446072619395638581e-03
1.325284805273588273e-02
2.676054251459059063e-02
1.040458132906418309e-01
2.906091538951202646e-01
6.445514942010683868e-01
8.635787745570839835e-01
2.809450712408275930e+00
-1.295529279330647210e-01
-8.695714152822883736e-02
-2.477266571533137673e-02
-4.617407716104970916e-03
1.194870031852166004e-02
5.135902649373980111e-02
8.141651922086598492e-02
1.197573943348328451e-01
2.345633831392200941e-01
6.639598576500336247e-01
8.339428717834045379e-01
9.469973177449431123e-01
-1.047494281818412004e-01
-5.413528435064998007e-02
-9.763017521212724592e-03
1.380763763396283816e-03
1.645392218647982741e-02
4.305766302665628431e-02
9.219514007390733346e-02
1.200443134045562077e-01
1.953720685480943020e-01
4.205263761134387934e-01
7.990780692165155852e-01
9.346499722596584014e-01
-8.033138211732514244e-02
-4.831840345542659509e-02
4.746560551914663639e-03
9.125504896461300586e-03
2.615048083485471686e-02
3.447525255810275635e-02
9.541968220914491539e-02
1.115388565535825743e-01
1.502522172066232953e-01
2.612267497497294810e-01
7.529889863873034939e-01
9.505592198623667999e-01
-2.094615246972287778e-02
-4.592261534340658785e-03
-8.911179282988235251e-04
3.869708777621477108e-03
6.059058301622462228e-03
8.782729808660256349e-03
4.026444333592912178e-02
9.488857440126055587e-02
1.264315866472243144e-01
1.424628823954383339e-01
7.031160301441529148e-01
9.719874607821201717e-01
-5.548910984889592057e-02
-1.025849223647470887e-03
-5.290102047947956021e-04
-2.759870566875072262e-04
-1.398871099768869697e-04
7.197863400999898742e-04
1.374904995148099052e-03
5.023540002373040603e-02
9.034507472618578949e-02
1.315410588379187229e-01
6.904810551960960385e-01
9.744711306263170725e-01
