-1.118997796359226804e-01
-1.010655936958922141e-01
2.230139740824949035e-03
1.211704909158096977e-02
1.770030351822575454e-02
9.917686576978482771e-01
-4.143824658030104309e-03
-1.530167988995171161e-03
4.013069791382424187e-04
5.370335240356587450e-04
1.461479053858533855e-02
5.326646093265997584e-01
-1.647691343738463821e-02
-3.950760707329865895e-04
-3.772928833830103967e-04
-1.582594783551029283e-04
6.250864890695795317e-02
6.264600048156469814e-02
-4.381094392283423344e-01
-4.373230484134396079e-01
-1.460947107134154613e-02
-1.277818346232659219e-02
1.390223353488065361e-01
2.031733243693967239e+00
-1.459815136955477932e-01
-1.455403404068789652e-01
1.474666825548920368e-02
1.518784136552345232e-02
2.313648267954768190e-02
1.119515704136532230e+00
-1.615734369997356284e-02
3.240969703032135774e-03
3.646112095214010251e-03
1.095294513058417754e-02
1.143014934499849214e-02
1.772538775501442121e-01
-3.078027772219583125e-01
-3.075654601065214711e-01
-6.853842270100832940e-03
-6.616525009990834386e-03
3.076763408962560759e-02
1.840116051918948781e+00
5.150408280424259968e-04
1.872788397053752520e-03
1.529872388893714630e-02
4.596993667051451488e-02
4.759939146561233125e-02
2.836043264098409566e-01
-1.732096482937279733e-02
-1.003335969138770267e-04
4.054350170132961506e-04
1.529843173404842049e-03
5.804118088030307820e-02
5.865277031823212806e-02
-4.030689359520599480e-01
-3.927470051645804427e-01
-2.781602948576961110e-02
-3.315104261973844668e-03
3.739648007182466705e-02
2.005523437576553825e+00
-1.258501284292847487e-03
-1.366490715363653449e-04
9.020875747089110875e-04
6.191187452524927332e-02
6.238569267077526820e-02
1.273554495250960872e-01
-1.763748410138970754e-02
-6.857918074695719401e-04
-1.243120865049955615e-04
1.735438248186838006e-04
5.906770802030575362e-02
5.912855722757325017e-02
-3.369535719507652134e-03
3.827895754925118507e-04
2.230414871368391078e-03
3.324473798674192765e-02
3.406286638380594256e-02
3.332486121554318892e-01
-8.664019468188021572e-03
-3.185045647500703292e-06
2.210745849883632291e-04
5.120548314329455286e-02
5.272524394981650125e-02
1.633069174604032392e-01
-1.057820498246894898e-02
-9.016693857015554980e-03
-2.611786255299975226e-03
3.308469480069967800e-03
1.016118998002065420e-02
1.137232507573611162e-01
-6.182416352158051076e-01
-6.153386779280991536e-01
-6.655222069316740763e-02
-6.453075932236368439e-02
4.197614369259200506e-01
6.765456200076512161e+00
-1.451641066101309052e-01
6.739903587965723197e-03
8.446693799996213281e-03
1.221727374213543715e-02
2.078279860212076113e-01
2.102645248068248096e-01
-3.138236891836024833e-01
-5.259716428877680983e-03
-3.674431097648839240e-03
3.365574918386016190e-03
1.276496187627627621e-01
1.330863239459819658e-01
-3.073560040087456313e-01
-1.264639500305405739e-03
4.355482255918056642e-03
4.914232535788342661e-03
1.111714186887514805e-01
1.140732816479273909e-01
-2.124752037447593389e-01
-2.483781682861618822e-03
-2.356801967069242776e-03
3.029506699616289767e-03
5.333183292612537346e-02
5.481926021161518531e-02
-5.557179644204792712e-01
-5.544775894461648758e-01
-3.073007672723985367e-02
-2.933865780158532999e-02
4.929828103815048213e-01
6.511500236294296862e+00
-1.219579898628753503e-02
-8.438416659545391191e-03
-4.315474745604607268e-03
1.209813036909873629e-01
1.302593770169214737e-01
1.623659914658525549e+00
-2.768170538302346939e-01
-2.404619193521945197e-03
-2.801982676980674380e-04
2.438635553047407978e-03
1.812394731324627473e-01
1.832196038276122374e-01
-2.774957864482833214e-01
1.587059465581255879e-03
2.761260005693294550e-03
4.199957355645544954e-03
7.817194734761034880e-02
8.075667729475380363e-02
-1.602622815029721981e-01
-1.874318781319374988e-02
-6.218361983948914040e-04
5.109337985481077204e-04
4.152880806680268183e-02
4.164466838354325545e-02
-4.641566115285406663e-02
-1.257691479057472528e-03
1.899515691824622821e-03
2.414112912095294633e-02
2.507459876541950211e-02
2.802170439843385097e+00
-3.027496584450988307e-02
-1.344047717535778314e-03
6.214043458830781352e-04
1.517504017924412724e-02
1.592636585782158248e-02
2.930330342404770860e+00
-4.231154938453848824e-02
-8.955974773457164861e-05
1.353070841267900448e-04
7.746446204587928430e-02
2.255240081847110500e-01
2.271587080842212558e-01
-2.689517278458707361e-01
-1.520841827334043495e-03
1.062077463230462482e-03
1.359928576827207358e-03
7.744837209450050608e-02
8.157692194031418431e-02
-1.639118570548691589e-01
-3.080896948334771457e-03
-1.648315543054341969e-03
5.939830429811630841e-03
3.539458796824671710e-02
3.603620821320009660e-02
-5.572895590123032594e-01
-5.551180481747778339e-01
-8.386867021785501808e-02
-8.119844540623064044e-02
2.210666281773743247e-01
6.661505008536790839e+00
-3.005578868856607633e-01
-1.409732717373707311e-02
-1.952602948503856517e-03
1.166903744412389754e-03
1.240985454555059292e-01
1.269334416653188080e-01
-2.967643804223432658e-01
-6.771933243997219076e-05
3.175365656316542218e-03
5.039695320073311890e-03
7.819408309243831845e-02
7.842743370662332014e-02
-2.585709785604157762e-01
-1.591085543673627367e-02
3.822092062357158090e-03
4.246121594491945525e-03
6.527560273351368236e-02
6.581603556845717906e-02
-1.800744407650098633e-01
-5.074872790812104406e-04
2.764568928423291605e-04
1.385715656347270841e-03
4.140781380099107373e-02
4.157953160257688019e-02
-1.550082280319865259e-02
-1.498904422167773344e-02
4.126867274516695522e-02
1.312675467713618760e-01
1.334998499914683556e-01
1.616727445435542032e+00
-2.435485045368257218e-01
-3.514435587310738018e-03
-2.169310974068056064e-03
2.364022495891977826e-02
1.449793525212905443e-01
1.456322143779952005e-01
-1.742051678950828630e-01
-4.438157956123983672e-03
-4.654674276840242708e-04
2.526916929140024526e-02
1.264473829592833998e-01
1.266132652182083707e-01
-2.072888252838308576e-01
-4.855572439007721508e-03
-1.709511197119942261e-03
3.144983623095007341e-02
1.063529930857912698e-01
1.077113599688842016e-01
-2.154518270464425844e-01
-3.644501460837987206e-03
-1.741994588373339814e-03
6.052300684088046667e-04
5.245097737139916422e-02
5.416560388951288663e-02
-8.350443405244055706e-01
-8.350442918974217976e-01
1.810167845186764352e-02
1.810176983911333456e-02
3.028831787028030131e-02
6.727000949493263882e+00
-2.713501331710780153e-04
9.108192468383386094e-04
1.575703966656297238e-03
1.217892103344714178e-01
1.243922953376637719e-01
1.755895499462073461e-01
-7.068106846828392520e-02
-5.682906445584043342e-03
-5.262931510750065711e-03
-4.343268137673494955e-03
1.123499824049112999e-01
1.137751735930485342e-01
-1.475812032038441024e-01
-3.257757680881351314e-03
-2.143180325372140427e-04
5.484269884878378853e-05
1.040622863944448973e-01
1.075586893129707872e-01
-1.829458863591665041e-01
-6.180886611591787649e-04
3.580588073490501011e-04
1.408424981837068379e-03
4.905849691165172638e-02
4.995093554882151093e-02
-7.522934864895690632e-01
-7.522934333553944475e-01
-6.982107639475162997e-02
-6.982101870208093364e-02
3.483153294977399672e-01
6.499838778578760135e+00
-4.746796282520848731e-02
-4.679464016967724294e-02
-7.912724144238356822e-03
-7.408331507765410218e-03
2.334107697776365096e-03
1.730241037012782535e+00
1.081884823900907322e-03
1.527434460812403466e-03
1.464148152854195285e-02
1.608951471275288370e-02
1.257825826090395727e-01
1.264435241166196322e-01
-1.918353440878325378e-01
-2.335438259573413555e-03
6.048333022526941605e-04
3.141612475870650401e-03
6.908252984739872427e-02
6.961826707388395208e-02
-1.730331480166147906e-01
-5.703891315797585126e-04
-2.757627532115891622e-04
3.978529278059750318e-04
4.230316197080669777e-02
4.250461945612678261e-02
-2.295473943054577026e-01
-2.286785502423346050e-01
-3.475159890003315377e-02
2.967202661396606267e-03
3.836114364557968726e-03
3.209096065187857061e+00
-2.297733516250565766e-01
-2.297473290842019789e-01
-3.475159893848531190e-02
2.741313010730074811e-03
2.767267892713698441e-03
3.209096065188286939e+00
-2.105320893112522240e-04
-9.756732130917720460e-05
2.612978412484082830e-02
1.120538031434231419e-01
1.125089924549345505e-01
4.467809418504213870e-01
-1.799502586857252839e-01
-1.453457769828399304e-02
-5.597627203874772084e-04
1.058189223991548578e-03
7.189272397378834722e-02
7.374225267595010957e-02
-1.454242571403405182e-01
-8.099458409147400340e-03
2.413930308175493700e-04
1.376400615500528862e-03
3.153729346347699386e-02
3.261713199102627553e-02
-7.196123099136301215e-01
-7.196122639396717036e-01
-3.713989937655920448e-02
-3.713984963051215199e-02
4.075535341110472221e-01
6.195617509861366834e+00
-1.694009052967264117e-01
-2.100797037111176713e-03
-8.802299448493200451e-04
1.165916104809598675e-02
1.135803840517345259e-01
1.143978005315242075e-01
-1.616491021241214243e-01
-2.671280757211265400e-02
2.045670838476302579e-03
2.813181270902994149e-03
6.438742528388996522e-02
6.531367943596549930e-02
-1.719616710201288534e-01
-1.617028612584380659e-02
3.330558112469364507e-04
3.184416669983786141e-03
5.007622930846555159e-02
5.204144310794351497e-02
-1.747231018201546859e-01
-2.143366549456314496e-03
-6.602759388866646928e-04
5.294599667439267576e-03
4.166621351560099301e-02
4.220901502912390718e-02
-3.540010791255436551e-02
-3.490331972284216322e-02
-1.450988328295137013e-02
-1.393816218879219936e-02
2.356024068890054043e-02
1.877353737354903407e+00
-5.410865376674187099e-02
-2.130818147534949136e-02
-5.349330654706704880e-03
-4.183268559545857967e-03
1.089455610558480725e-01
1.097342111488303906e-01
-1.197381156133375257e-01
-1.670339260792508274e-02
-3.171280110602622826e-03
-1.386085455621438589e-03
9.787478291379618500e-02
9.900141736335729692e-02
-1.557619767363527252e-01
-1.305853649201457745e-02
-1.833975062319609384e-04
1.685800120226524368e-03
7.917280534692236471e-02
8.040391648978367778e-02
-1.838976071274694424e-01
4.120240318656875900e-04
5.711974963201749134e-04
6.454371304135467224e-04
5.088390584556077428e-02
5.139460582764276281e-02
-8.500343965501473420e-01
-8.490710741504032821e-01
-3.415990616830958532e-02
-3.319658382460200646e-02
6.633063372548131387e-01
6.210170944609353150e+00
-1.304753926640171355e-03
-9.916994310540994985e-04
-8.536706904924340131e-04
1.976304931734465878e-02
1.994622307531804598e-02
2.140687993611907203e-01
-2.333413346733687662e-03
-2.085003504610806468e-04
1.225878602246913487e-05
2.530686831794205088e-02
2.549634270508004813e-02
3.461470505781674006e-02
2.907572442480714156e-04
5.675124048633607698e-04
2.398973510180703230e-03
1.055624273712453196e-02
2.550153277952567007e-02
2.576340567072438192e-02
-6.053843739740037699e-02
-1.878514979132963475e-03
2.456804423867781084e-05
5.810079923875850066e-04
1.521535131380741084e-02
1.566019480743289713e-02
-8.755387550417023101e-01
-8.755387550285282927e-01
-2.800481412638659851e-03
-2.800479958046627957e-03
2.037916711895488286e-01
6.732390740895400683e+00
-1.381823425994942456e-01
-1.381823425812406525e-01
3.267225888837620596e-03
3.267226593771243356e-03
2.400855784560582129e-02
1.514416558805194990e+00
-8.624766322121379340e-04
-4.492742936926800339e-04
-1.696651605618949930e-04
2.357337086546610130e-02
2.373659162271659143e-02
1.031332837359511534e-01
-4.327989324768305446e-02
-1.234675582238664582e-03
-5.519451108318418342e-05
2.892329179280152263e-04
2.192260071604689581e-02
2.208214392836379408e-02
-6.112197664695982746e-02
-9.905341752376398828e-04
-7.710973096239880087e-05
3.272418869646673278e-04
1.258404796055380415e-02
1.339205876764159101e-02
-3.149003508429349951e-01
-3.120103836542941211e-01
-8.669902118077398717e-03
-5.779934821106658821e-03
5.144690912470503696e-02
2.714844415311707060e+00
-3.197169628312746537e-01
-3.168269956452918756e-01
-3.853290142315501932e-03
-9.633229134755616485e-04
5.144690921865896494e-02
2.714844415313695247e+00
-5.273791464768474470e-03
-5.122203471760697867e-03
-2.519011805056648335e-03
-2.479182833880886998e-03
3.188247187907041445e-03
3.616048292718909707e-01
-3.980614153796339927e-02
-5.101946688676819996e-05
7.555525070984323022e-05
2.409057634235670098e-04
2.093410918188460049e-02
2.115669487949926181e-02
-5.522765412648823757e-02
-2.884258657164798928e-03
-5.003422059826189566e-04
-3.923583247220016612e-04
1.023811264719494234e-02
1.036124961382933231e-02
-8.455795689459706388e-01
-8.436529241572300331e-01
-2.979456577373242737e-02
-2.786792103809023619e-02
8.303585416157767130e-01
5.698240529956608569e+00
-8.187027246206452077e-05
-6.747427528563917150e-05
9.655348555660987504e-05
1.841597640845873268e-02
2.682665088032572948e-02
2.689747859107353978e-02
-3.928046835285201738e-02
-2.756581706847664737e-04
8.737333720950056504e-04
1.545458877833562339e-03
2.034605122954188938e-02
2.059996840473325361e-02
-5.243097067614729129e-02
-9.697790821647415765e-05
2.813219476666378293e-04
3.278153758736717781e-04
1.701149510801174339e-02
1.716820229781187285e-02
-6.124082694375120733e-02
-1.100030059463233054e-03
-6.131686024817527281e-05
5.395334504594163222e-04
1.218727126381124147e-02
1.274162417719214291e-02
-1.367821026323414180e-01
-1.367821026135707385e-01
-1.213541332461746773e-02
-1.213541306543728521e-02
4.801711453130336205e-02
1.394373773158670726e+00
-6.502750453153768211e-05
-4.308213894354729923e-05
3.254325237974698727e-04
2.411002771278115270e-02
2.414475706743261785e-02
4.513513079812997431e-02
9.285746804858823139e-04
9.776817476800630374e-04
1.021563166989166273e-03
6.908816326687536313e-03
2.272249713035246962e-02
2.274473452013785896e-02
-2.549207012692507671e-02
-4.520251820828297129e-05
-8.922655704266674315e-06
2.287744178400101525e-03
2.385460798156819467e-02
2.385499851986916733e-02
-5.905652043841633225e-02
-3.279461291638651604e-03
1.607862503432972551e-04
2.497006794781985849e-04
1.518295667395247114e-02
1.545874376094748433e-02
-5.282769877385724566e-01
-5.269834233683794444e-01
-3.464954992380780974e-02
-3.066813852229514914e-02
2.755735960877430113e-01
5.798116782139802083e+00
-5.912114702028562450e-03
-3.630525405715532249e-03
-1.923147288290781055e-03
9.243557017095806877e-03
1.912210319302171391e-01
1.929286183118869291e-01
-1.768254219401681204e-01
-1.032305187173379601e-02
-4.114583289348466844e-03
1.362071727333352689e-03
1.552026277107438068e-01
1.589421850263391112e-01
-2.046456848890812197e-01
-3.110200906772331297e-03
-6.177760441360702348e-04
2.669076418524929384e-03
1.351702358630016143e-01
1.359931463794625817e-01
-2.154082048651791426e-01
-1.354852197159306382e-05
1.826530950819887922e-04
7.854292287164388320e-04
6.639882250212864045e-02
6.664580187189000915e-02
-5.414141997603015843e-01
-5.301260778059045942e-01
-9.507985219969639079e-02
4.706829333008111238e-02
5.797750687351299614e-02
5.702620682929294915e+00
-7.771197606208940512e-02
-1.717386881667920528e-03
-9.453783162257922701e-04
7.887262936170141847e-02
8.111006638816531389e-02
1.794405159841621966e+00
-1.317030475885255236e-01
-1.408980815242788205e-03
-4.366453277750077561e-04
1.734532879193694845e-03
1.719375076040963179e-01
1.730775330065862927e-01
-2.357213909942832419e-01
-4.928426697911186816e-04
2.709725859923739488e-04
1.913470492292179692e-03
9.007764506814772143e-02
9.054353258247503644e-02
-1.988822811090157072e-01
-1.043001495331583039e-03
-4.951489238729442355e-04
2.298729500252172375e-04
5.376452188003067595e-02
5.413433506949797552e-02
-9.980130549261684303e-02
-3.072897321107322111e-02
-2.933829984823302373e-02
1.683552779398009291e-02
1.821731870988685387e-02
2.815187728620736074e+00
-5.215413418836305215e-02
-3.398927523528336159e-02
-3.192871881260275768e-02
1.313853457502415362e-02
1.495660676813980600e-02
2.878991458101099354e+00
-5.011551839053995710e-04
-3.689814684503856836e-06
2.006879219155440972e-02
1.909674618508507560e-01
1.922659745652816610e-01
2.585432823285717108e-01
-2.364624499891782583e-01
-1.560064526015939035e-03
-1.001521874421845704e-03
6.618712695852513317e-04
9.185299191223841864e-02
9.255866285545852334e-02
-1.811050301024211828e-01
-1.246236332354266896e-04
5.333763164695332071e-04
8.164168106167268846e-04
4.344185155582841462e-02
4.388392485024125017e-02
-6.011360467579713873e-01
-5.970496460608941680e-01
-4.016994482628266638e-03
5.135784071292892605e-04
1.754641122790285834e-01
5.942302340140317440e+00
-2.310860788907563579e-01
-1.493667525753680780e-04
3.950830761182142284e-03
4.224166978221208582e-03
1.347050292671982952e-01
1.378850472767291224e-01
-2.298560503026330637e-01
2.679348547750523557e-03
3.659506462974254724e-03
3.709375267734593608e-03
8.554475366189409624e-02
8.765525608644660072e-02
-1.390568178600801730e-01
-3.521327363148995387e-02
4.190481224597502295e-03
6.133281718156233242e-03
5.773396783906719482e-02
6.042410170974914230e-02
-1.967158838198032333e-01
-5.922415910456363397e-04
3.647354174191944076e-04
5.221800555839026248e-04
5.243200596643900202e-02
5.324888373990674384e-02
-1.272510085319036345e-02
-4.388112548624823958e-03
1.469231429382576032e-03
7.724027623095083839e-02
7.791204005889769413e-02
1.772374895271256134e+00
-1.627370851671308960e-01
7.297991364189349017e-04
3.083793509035953617e-03
6.381722432914099796e-03
1.436446891219034516e-01
1.486503521410244277e-01
-1.830978508580994035e-01
3.113508333821152219e-03
3.518139374098727679e-03
4.986154005202303452e-03
1.257980457054747869e-01
1.283189948408350323e-01
-2.114890174645712717e-01
-6.777411527371240973e-04
8.110859869299436031e-05
1.473940356661304629e-03
1.007210894415988545e-01
1.039229116353541094e-01
-2.146873738370283224e-01
1.712263726123541829e-04
2.468319902396848287e-04
3.622956703809299128e-04
6.551724486462540131e-02
6.606752268916932236e-02
-4.936218762344255634e-02
4.590242639386794832e-03
5.128673782648474067e-03
2.498502196404926712e-02
2.513117563326099091e-02
6.569975582302647332e-01
-5.650013418559127198e-02
-7.361785556596488114e-04
3.125974923920337920e-04
4.065018564975630619e-04
5.463714477195839164e-02
5.488005550606919747e-02
-6.409232473694401189e-02
-6.146444626020368396e-03
-1.134611474002032716e-03
4.127678151300828713e-04
3.875995386505774742e-02
4.024247251727888774e-02
-6.487866086913920971e-02
-6.438690974681996956e-03
5.928930780310941086e-04
8.784397422893479995e-04
3.287843480683322328e-02
3.386910193416776266e-02
-5.509767042399479203e-02
-3.112638041380018372e-04
1.287802699129585171e-04
4.071374981562923823e-04
1.651198497855129940e-02
1.651455079001251311e-02
-5.639824675792396314e-04
-1.768058945339841433e-04
2.384045975699055492e-02
2.919913434633078855e-02
2.975659559989250399e-02
6.083633155894001554e-01
-6.771996048578698968e-03
-2.817730241799487612e-04
-1.084841812758197133e-05
7.185563666139205274e-02
7.188005289834481504e-02
7.373913031498192938e-02
-6.889940961891852234e-02
-6.117124257668388188e-04
-9.307883985225362533e-06
6.795995175459604298e-04
4.673364626161109758e-02
4.852339757584649138e-02
-6.755224475182335098e-02
-5.378856600052189796e-04
-2.986828886420225815e-04
6.958218229614968053e-04
2.384492277640120825e-02
2.434422777960783615e-02
-4.730997098072307894e-02
-1.063733329825211713e-03
2.456910174624748013e-04
4.704558467806219070e-04
1.324598228524126453e-02
1.345196362939717234e-02
1.801533221158735604e-04
9.179106960717300662e-04
5.607827790665659805e-03
7.259757637100283656e-02
7.300492540434060096e-02
1.491301150591363700e-01
-1.999331437897422774e-04
4.758047639630136457e-04
1.884929248631596246e-03
7.314519290248211458e-02
7.356069684288416011e-02
1.528530136098286973e-01
-3.505684910827615991e-02
-5.526917226161616459e-03
-4.138439250192318952e-04
4.946754910602757516e-04
6.090568414775926476e-02
6.147572227080437546e-02
-6.789216659649607855e-02
-8.830393909904539484e-04
-5.656745575718345742e-04
8.753806548737613769e-04
2.431968681999938445e-02
2.495440670485190096e-02
-4.318773010632777354e-02
-6.107945154677253685e-04
-1.468503739327463309e-05
5.941128011826418698e-05
1.071888602028477251e-02
1.079309392028576786e-02
-2.423952135770380395e-04
1.481128274234724243e-04
7.255467262125576272e-03
2.583060904481974604e-02
2.645219399087764614e-02
6.324938134504984877e-01
-7.401430672517322895e-02
-5.432934268060143901e-04
5.757074197535599902e-05
2.146230833403386939e-04
3.441847716180637673e-02
3.563478800669044044e-02
-6.800232192160775291e-02
-9.849564214913855698e-04
-7.989041887883664705e-04
1.651543759633132546e-03
2.375990813704903851e-02
2.422134847987192363e-02
-6.116141914663071610e-02
-5.699853650715618059e-04
-5.013845047359445639e-04
5.016749441077959781e-04
1.937683276322499717e-02
1.974548102560533605e-02
-4.830584377766172777e-02
-8.528700668332233475e-04
1.001637812392732613e-04
2.298682928184685170e-04
1.331208674198235305e-02
1.331891966178816791e-02
3.208915622839592086e-04
4.823630248723537184e-04
6.794523813105468601e-03
6.943515507483116744e-02
7.136234342548553045e-02
7.136494268075410652e-02
-5.417388560661753200e-02
-1.445674475161513178e-02
-8.119798028267052881e-04
-5.153633318423916920e-04
4.244814282176154890e-02
4.270146959197360093e-02
-5.399318500336707655e-02
-1.444417970543420554e-02
-1.279007352984508350e-03
-6.686700960884250922e-04
3.623093973910306714e-02
3.788925806227146087e-02
-6.107523325157951377e-02
-7.147598262057679175e-03
-1.145657768091980222e-03
-6.587550310935622044e-04
2.963514153543904753e-02
3.119878534738404485e-02
-5.628191300254493934e-02
-4.424366822838865509e-05
4.244826274152901924e-04
4.488434835069297912e-04
1.591976138045301387e-02
1.615303567273168595e-02
-2.078807753733808550e+00
-5.138525252366354934e-02
1.062879761678292567e-03
4.976500598258892794e-02
6.189743119588175801e-02
5.455360210604931481e-01
1.366240814072654075e+00
2.595322760907998294e+00
1.407895225244313231e+01
-1.643861638437734418e-01
-7.952068219654005732e-02
-3.594911885235613225e-03
5.656812274087291703e-03
7.325774002934506979e-02
9.441226652208806192e-02
1.614734448689080781e-01
5.110609408209638715e-01
9.153912606004872554e-01
-1.041717701835498666e-01
-6.939720999932230683e-03
2.634250819143063582e-03
1.176337198242563553e-02
2.027743988208274839e-02
2.277637801223149350e-02
1.047260603642512361e-01
2.522692204584690012e-01
9.230259906478779364e-01
-2.123009133333671472e-01
-9.772008571705265156e-03
1.805699321081738473e-03
3.780973781036645054e-03
1.091978099105622713e-02
1.275501764279196593e-02
7.699943860380392691e-02
2.786863048848027269e-01
9.621309392438300856e-01
-1.996877795552339130e+00
-8.019172501368854178e-02
2.048252866901023594e-03
3.543773534104799339e-02
1.639926387563872545e-01
5.550512413460104710e-01
1.065416936883939236e+00
2.054545286199442877e+00
1.330398186205125910e+01
-2.273664464671489860e-01
-1.051361123962811783e-01
-2.304028439976990583e-02
4.233434756311826863e-03
2.597320212072151691e-02
7.461748237143850382e-02
7.494409228353667851e-01
1.726770496162474799e+00
3.230416341380205392e+00
-2.699858391697472146e-02
1.622015978041208006e-03
3.030273436141053822e-03
1.131716916428027533e-02
2.552308870060318244e-02
4.260315761923426370e-02
1.562262003510054009e-01
2.832844485972322301e-01
9.730559762211032915e-01
-4.940333501172945729e-02
-1.772165425067311756e-02
5.599497536687148003e-04
3.014233591281376134e-03
5.950329601501137822e-03
8.041285056309306623e-03
5.654606722173191602e-02
1.192117349749540478e-01
9.823113009546244889e-01
-3.236259927537247005e+00
-1.128551171879755621e+00
-2.983421770929872707e-01
2.663874325407000754e-02
1.025990989153520161e-01
1.292508968938013147e-01
1.513829707985070883e+00
4.257445926154209026e+00
7.317089678099462979e+00
-2.347222200221068089e+00
-6.886997320113035226e-01
-1.855489056608923271e-01
6.748803030896421973e-03
2.671084684694546851e-02
8.417559587155887257e-02
1.105345742462330971e+00
2.799473304081427916e+00
7.671613855889098943e+00
-1.088691416236617221e-01
-5.657490093302511291e-02
3.691073498873889691e-03
6.053352934849362543e-03
8.325899242820977708e-02
1.482955163613983163e-01
3.367325395465458060e-01
8.246611977043293296e-01
1.019252942857479916e+00
-7.534103541715742036e-02
-6.772954837202249667e-04
-1.027436409135671882e-04
-6.457993584425763081e-05
-2.622485604070609263e-05
2.997014178834217502e-04
8.811683593233921030e-04
6.154845063339840772e-02
9.459997470747366632e-01
-2.111346021927834382e+00
-6.252066990079319098e-02
-4.371198458397174136e-04
3.812591711730028976e-02
6.025813486861553159e-02
5.427988681544557714e-01
1.171579434521341945e+00
2.380441286287178215e+00
1.410642523251019043e+01
-2.375403399700218299e-01
-2.887529072421440857e-02
1.790489220018176564e-03
6.329815887844730815e-03
6.627643905597530027e-03
7.775762284273957103e-03
6.737958233426999399e-02
2.907806774707730746e-01
9.901694964277899524e-01
-7.673479190266251082e-02
-5.094905167201110863e-03
1.201488722559818090e-03
5.533063106151731025e-03
6.951602237701776099e-03
1.452307941007678627e-02
4.137420177507922237e-02
1.101717222633023935e-01
9.514133620599914964e-01
-7.267478516392275600e-02
-4.247747631994230888e-04
-3.411880821845569844e-04
-8.151666030492790596e-05
-9.347587792651239434e-06
5.182835094931920183e-04
7.318211570548488476e-04
7.088543363941710029e-02
9.480215956391054855e-01
-1.113946944151651408e-01
-4.989309408428053288e-02
3.010215846263653017e-03
6.889906449440846847e-03
7.173304492728396764e-02
1.350775721534356599e-01
3.320805246042717873e-01
8.335684033950934158e-01
1.018926501752321467e+00
-1.020956929378655925e-01
-1.383057504257055592e-02
3.796296105720714520e-04
3.602720218422852949e-03
4.801533407939900799e-03
2.921147049030693721e-02
1.015189459179785675e-01
2.720138277114347303e-01
9.522964047797807252e-01
-1.693444388599540107e-01
-2.182160957290249503e-02
2.507805658841760765e-03
6.220513637881175395e-03
1.652786232296474256e-02
2.070001123437500978e-02
7.759915477213447099e-02
2.513633676231817882e-01
9.671804284461421597e-01
-6.966423066080611182e-02
-3.474255748175501812e-02
-8.498958164040296137e-03
6.815773054934803898e-04
3.306708488569787274e-03
1.734206066914303901e-02
2.644362437795257093e-02
6.939509280285750814e-02
9.413443640975855953e-01
-1.972189212240156087e+00
-1.813161877034572989e+00
-5.014590660761999441e-01
-4.249954943670208873e-01
8.033287789079190944e-03
5.253605484103629486e-02
1.237882426080896270e-01
1.883015304410655677e-01
5.783421731594418080e-01
7.293850232859828697e-01
2.117034030453961435e+00
1.010254740779394744e+01
-7.447703983906295289e-02
-6.404064331409844990e-03
-8.116605203010024416e-04
4.192481671153977518e-03
1.273966079324856393e-02
1.933378725238688034e-02
1.096586443515409209e-01
1.315234731964924353e-01
1.639440386639757219e-01
4.607298085660407327e-01
7.756827760165737606e-01
9.793965027066927620e-01
-4.715771817237524033e-02
-5.906906979545899217e-03
5.281311277904800205e-03
7.092053986323836046e-03
2.188098560572845214e-02
4.248941044914857773e-02
9.193889243607333839e-02
1.103418973981420137e-01
1.413147745552725820e-01
1.833847613891216866e-01
6.944819683335783367e-01
9.806863700972939801e-01
-5.314842274365021851e-02
3.611515404999682266e-04
3.327732592181456561e-03
4.459707308714026819e-03
5.832426924513446631e-03
2.123374701410558896e-02
6.827270441763216846e-02
9.607765519993372028e-02
1.453618503932741779e-01
1.481237268589588596e-01
6.913411197105553407e-01
9.628133993252834255e-01
-1.814510980820891461e+00
-1.693726715430696972e+00
-5.644987266979584195e-01
-1.078555587511034197e-01
-1.482148179423847800e-02
2.671887627239710739e-02
8.532558366716291864e-02
1.113597934269918710e-01
7.880752212229247267e-01
9.387615072101971325e-01
1.843656646656930187e+00
1.005649199921995596e+01
-1.809530706086428242e-01
-1.265319548461723009e-01
-6.296466006598394616e-02
-2.332289026858641590e-02
-1.017264680612325889e-02
3.682262413879922036e-04
3.444231856184434837e-02
7.923784415571274997e-02
4.128548999542768216e-01
7.963524052271757636e-01
8.911989051128330619e-01
3.318540921754285833e+00
-2.479159829592905706e-02
-1.316856373503827969e-02
1.439732587643481609e-03
2.758911537304356565e-03
5.222065811521046236e-03
3.136166433372571116e-02
1.088839356457498436e-01
1.187237681562496178e-01
1.694367512840520285e-01
2.141256408823991875e-01
7.324106910449029728e-01
1.044581157070757271e+00
-1.877521414033854127e-02
-8.438027182820079242e-04
8.936651352811735005e-04
1.511442592801486712e-03
2.790048913731604102e-03
4.769026353794076495e-03
2.207461274107702653e-02
9.076600692547877325e-02
1.256443475412271082e-01
1.397212847781703626e-01
7.001381882122775790e-01
9.803349913974475083e-01
-3.298533116299651624e+00
-2.172891128889819612e+00
-6.931907335388913793e-01
-5.624076682848446751e-01
-2.241595999328982458e-02
-1.959786969240262522e-03
2.905921697624656019e-01
3.986460169967394052e-01
1.471217593298887572e+00
2.659086444103074598e+00
3.938659036707541361e+00
5.693212313672369795e+00
-1.684403110136328374e+00
-1.494259651202745287e+00
-6.637309596829559233e-01
-5.249303069634230212e-01
-1.157947188611274658e-01
-6.206404540089582866e-03
1.558989632891603083e-01
1.740745137659622799e-01
4.325401266136772449e-01
1.813513762971307397e+00
2.051643042376013693e+00
7.203904411305583011e+00
-1.124313042780837185e-01
-7.620694756215393162e-03
-2.034102543010202213e-03
1.015600385786440130e-02
2.149031455496175358e-02
5.193552259159261997e-02
1.044181872005194855e-01
1.640343065901429254e-01
2.189299759657063194e-01
5.322905355672999939e-01
7.766032086666166956e-01
9.334030674099449421e-01
-5.644677531951121374e-02
-6.315034689553661318e-04
-3.491921930161429044e-04
-1.848241440860903806e-04
1.863021684494273189e-04
6.420663160687581361e-04
1.071575415276630749e-03
4.444041930289045067e-02
8.464041209859418657e-02
1.312809800106398694e-01
6.909282261599266617e-01
9.731163571907245347e-01
-1.743826934827917619e+00
-1.738220764105265159e+00
-4.045696101065945349e-01
-2.488518680235451974e-02
2.890544209693080013e-02
4.615610685220938869e-02
7.135269873244687311e-02
1.480879039634439565e-01
6.362484894337954167e-01
6.623537924063267468e-01
1.700812852631769179e+00
9.617406682935550677e+00
-1.314629824310343739e-02
-5.913441785555285934e-04
2.259992300141603142e-03
2.519596188325080172e-03
4.207804084026791486e-03
1.009333832886688542e-02
1.999774275987294125e-02
8.699421181038524686e-02
1.272544279712230220e-01
1.388478500895580503e-01
6.941550310798487722e-01
9.766946065560753176e-01
-1.313555392310435388e-01
-1.106895831339993475e-03
9.453202788315684391e-04
2.951303586703896142e-03
7.418648327448540414e-03
2.494140000166350513e-02
4.739464518337921373e-02
7.183680378833276481e-02
1.434699315514663398e-01
1.574461527720409648e-01
6.940345593354609877e-01
9.862098768267212323e-01
-5.596531609215438241e-02
-1.812757169162029780e-03
-1.067160142515496957e-03
-1.122032235926495591e-04
5.100532674971042235e-05
3.891111284359607958e-04
5.278637358982832262e-04
5.112272412898453272e-02
9.002584834794713498e-02
1.320244727108411398e-01
6.912247077460423883e-01
9.749236844598557772e-01
-1.167876637629811643e-01
-2.492893063432989609e-02
-1.353860384386942894e-02
-1.407190538691108217e-03
1.353271302227994355e-02
7.105730252642454559e-02
9.107485234913993699e-02
1.469595447288771783e-01
2.507402047276506285e-01
5.266801963962025601e-01
7.743629822617952296e-01
9.473530350238400510e-01
-3.120187084167916000e-02
-7.365473784961211468e-03
-1.677563582025361905e-03
2.973663974234833085e-04
6.395562075937263891e-03
3.050093112283428637e-02
9.049118973426434342e-02
1.061870343312752568e-01
1.370248391536472155e-01
1.713320293205736200e-01
7.150997797824402147e-01
9.900889749282733021e-01
-2.657525463212264891e-02
-1.017659830305911450e-03
1.621263164346013752e-03
2.652243861343887149e-03
1.324791074341329783e-02
2.636255867114841583e-02
5.129391047875448556e-02
1.020429968807402832e-01
1.298409508491204234e-01
1.518155700319269719e-01
7.008969425849701507e-01
9.798663295436665921e-01
-6.180319175549944116e-02
-2.691198145386385771e-02
-1.762195918355307506e-02
-3.848976105771395595e-03
-1.828500981186073626e-03
4.862429700049519798e-03
2.847226364326331527e-02
8.280560883998198951e-02
1.170814765449455369e-01
2.366911732107215283e-01
7.219710507568604108e-01
1.003825400960045355e+00
