1.464509399869666636e-04
7.017691021865494604e-04
5.547810154513412029e-02
1.924658123892597939e-04
5.574343747579905799e-04
8.775763335560842577e-04
3.137511713447403965e-03
6.791451582449479218e-01
5.985048121002581626e-04
3.118843094225353697e-03
3.545520290581538896e-04
4.018036835083850923e-04
5.401534373396223998e-01
5.505001450034148654e-04
8.912702563687324459e-04
1.366407896575097883e-02
2.713885584431378808e-03
5.659128989190318482e-01
1.096721410899167450e-02
3.603551335350821633e-04
5.361930033437520976e-03
1.894269801085042343e-03
5.694746372307577520e-01
1.973740494311622753e-03
4.087926279164765496e-03
5.760835164257465199e-05
2.681412228200056170e-04
9.491599649650659526e-03
1.540550829743817071e-04
5.370307726761358965e-05
1.029402433156528379e-01
1.349030849943898824e-01
5.595873271540766858e+00
1.334447993280720446e-01
2.326527895320937723e-03
1.646762293108416375e-01
2.132865748047984844e-01
2.972034461212798018e+00
