1.509919578947454622e-04
2.056003434250331264e-03
4.418015206472634265e-02
4.571267531385608753e-04
2.615601678608326926e-04
4.151322071977606859e-03
2.663126202507447478e-03
6.331152149137900809e-01
1.744274740119784988e-03
8.695684366345142772e-04
1.584460653351717338e-03
2.178796394749508026e-03
5.477706289398479589e-01
7.342995978769817529e-04
2.287873402970878075e-04
7.691458276757753842e-03
8.634891151436894716e-03
5.657120317852374347e-01
3.864680731722656103e-03
2.474519461201325627e-05
3.589273195251201087e-04
2.511761658051329948e-03
5.519617537252327066e-01
3.335388129073675362e-04
4.940725752835525885e-04
4.385964960423817307e-05
7.901174608453450504e-05
9.305739390625402188e-03
8.069366612164838152e-05
1.464658515773721166e-05
1.558089421126128415e-01
1.884457016033941890e-01
5.521169268881881642e+00
1.309064961900302249e-01
2.440403684746171066e-03
1.763275618594026817e-01
