1.220790402794986302e-04
6.477659584362997422e-04
5.845574712729698780e-02
1.548557863248284372e-03
3.871069683430354395e-04
1.815490011735123839e-03
3.586383144125790574e-03
5.923339498633702904e-01
8.094625478151647006e-04
3.440524356943942645e-04
4.990294241272138272e-04
2.059008229865698716e-03
5.388923475927789308e-01
2.154204486637101550e-04
8.918140300151036802e-04
1.213819706969707438e-02
8.791614972770173120e-03
5.679776258313458115e-01
8.786531449062221638e-03
1.238025516844173111e-04
2.671165150025844263e-03
7.179902915570220492e-03
5.074813847045950288e-01
1.643781002534504482e-03
1.118865221647944710e-03
1.937736815322660909e-04
4.970149589628706415e-04
9.771248646614591471e-03
2.412666810431952718e-04
7.850692551845852695e-05
8.759624564335492802e-02
8.686550956814004243e-02
2.636458457043187487e+00
8.485778168088653484e-02
3.976534512748194157e-04
2.690760320383206797e-02
3.966581950770414755e-02
8.529791969501239191e-01
