8.204169927033568271e-05
1.144370368986064816e-03
4.680581700868321343e-02
1.793277414041289123e-04
3.192117958526857454e-04
1.628775365597363585e-04
1.221102930345850440e-03
6.207421220487385760e-01
4.084685653074700582e-05
4.008046286732800940e-04
1.362568361728864509e-03
7.115096306669542415e-05
5.380811467098248757e-01
1.215746828124538098e-03
1.743401104001612227e-04
1.937610778665245113e-04
3.926312412985909737e-03
5.804700442962480444e-01
3.985587205699676547e-03
1.127044709528276328e-05
2.275983460204659189e-03
1.576620494615359669e-03
5.266573554244319277e-01
9.912963083139685570e-04
5.220383457903526826e-04
1.976496546523581115e-04
4.134359466656004035e-05
9.471856054762554586e-03
6.317421769165040672e-05
2.417195105046195829e-05
8.591278109388031381e-02
1.048138725153011791e-01
2.450062831631715010e+00
7.643865750274986270e-02
6.189403542066638977e-04
2.723630284176173019e-02
4.371913235817697502e-02
8.375798275689080308e-01
4.372663156873975859e-02
