7.915770588617244890e-06
2.545748083773065193e-05
3.298095146833033816e-05
6.869879604224179330e-05
1.251701690970773195e-04
5.171434005740951761e+03
3.001677044361152978e-06
5.131827018960507520e-06
6.172949486748855851e-06
6.219200618318887930e-05
8.850867537081020771e-05
3.655325794224355832e+03
7.984310756712228072e-06
1.812372421428257757e-05
2.578974665301891287e-05
4.525480583721687840e-05
4.775025101229140537e-05
6.840040900343947214e+02
1.516793878048359285e-05
5.693950065526528354e-05
9.859345387920445322e-05
9.929857476359771557e-05
2.044020302038178935e-04
7.101892809759250667e+03
1.064005578843063761e-05
2.627377015620859337e-05
2.776089563489149252e-05
6.295614249102306160e-05
1.331020100259959710e-04
5.306127716882385357e+03
9.093850032622594081e-06
1.200353315655757207e-05
1.283996376053188558e-05
2.135645735414884962e-05
3.613351541135428999e-05
1.810123654900137581e+03
3.051035954866391749e-05
6.691895914617358905e-05
7.388233026544843436e-05
7.743186429380899155e-05
1.770173507416204154e-04
6.435447906843945020e+03
2.803897621808421910e-06
1.710916159981300399e-05
2.513862180901511105e-05
5.193557978468327940e-05
7.226703082270857998e-05
2.658216351306834895e+03
5.696700947536141539e-06
2.026969950138127904e-05
2.293866113757817222e-05
1.259348937607596196e-04
1.295743676544033169e-04
6.838716053537102653e+02
5.718424964439777146e-05
5.956803247097430370e-05
2.044020302038178935e-04
2.105758023289403555e-04
2.111943176987602548e-04
7.307113270616907357e+03
5.039511570313073572e-06
1.347018967624885705e-05
3.613351541135428999e-05
4.895341936782927157e-05
6.133138073968740368e-05
1.809170343714052933e+03
1.102549809276641574e-05
1.545108019373060129e-05
2.400918126937740416e-05
1.562411770303613417e-04
1.641528731432396321e-04
6.675696265277832708e+02
2.529316386431035852e-05
2.633529961631848477e-05
3.142724719974470564e-05
3.744235696587511089e-05
8.079699672582446525e-05
2.950905877560591762e+03
6.503369998271693520e-06
1.086946179882848334e-05
2.144535715457962201e-05
4.192277194709802322e-05
4.895939453146795075e-05
1.992381608443798996e+03
2.832457135342973834e-06
6.396961672078401157e-06
1.298491167817916376e-05
4.840765341427835162e-05
6.258508454853865973e-05
2.024643599062121666e+03
7.827071493813663049e-06
2.504390896326875895e-05
2.705904636516565337e-05
5.007445422025730839e-05
9.613475637063379387e-05
3.523417470907899769e+03
5.994433369461982750e-06
7.590758913335235900e-06
1.211585809614165180e-05
2.275200868895644693e-05
3.169676349691605602e-05
4.202534304126342022e+02
4.103299059271290502e-06
1.405988292120519292e-05
1.660900280772734406e-05
1.689990432103429433e-05
1.707981071542678131e-05
6.291616058946580097e+02
5.801849827870879985e-06
7.189215023310631224e-06
8.774312902300570916e-06
1.428301100786586174e-05
1.437662549886305000e-05
6.866174536819625018e+02
2.231230155183932075e-06
4.514764434139494369e-06
4.994469300098025657e-06
1.035002265156690572e-05
1.106353627702506140e-05
6.299333697957861204e+02
1.828719258164922883e-05
2.278291067762911137e-05
2.492419669429171076e-05
3.048276262846771141e-05
8.079699672582446525e-05
3.279457514668477870e+03
5.105308987908501862e-06
1.741055457393793406e-05
3.288981604092159337e-05
3.611980935697358964e-05
4.039849836291223263e-05
1.642151067703101262e+03
7.621101830377365716e-06
1.409338157684671076e-05
1.559952721728141256e-05
2.212716873573909244e-05
2.603231252726825957e-05
7.247746778680281068e+02
5.993256074760638524e-06
6.671198729903856698e-06
9.508700013750266268e-06
1.428302604943001854e-05
1.832399708239900718e-05
6.897862549666883751e+02
3.716022930561806513e-149
2.200019631961001509e-06
2.814282647350700167e-06
5.721997711654013912e-06
6.167628587892812195e-06
5.804111583285782672e+02
1.686678280204912124e-05
1.829001720126048914e-05
2.803254338745329779e-05
4.425433768540510386e-05
4.778420075116649249e-05
2.289001271839646961e+03
1.797602568867944360e-05
1.884713659281487969e-05
3.507232891419068924e-05
4.297530387295393409e-05
5.110050755095447338e-05
2.317346382970934883e+03
1.023121368741354072e-05
1.559774359844499526e-05
1.889718483416386608e-05
2.358198216096127079e-05
2.530461468493106143e-05
6.259227914818256977e+02
7.681670053140174817e-06
8.220758122906949992e-06
1.369382741472023444e-05
1.749306283869122075e-05
1.978088865805747705e-05
7.095829524618767437e+02
2.672721655039181350e-06
2.693685541917129688e-06
4.538636677385606672e-06
1.106358439840639009e-05
1.349624765108664365e-05
5.485834135749166762e+02
1.318399662224630885e-05
1.599841674692830954e-05
3.322595260387201294e-05
3.512099441927400570e-05
1.084005462340628429e-04
3.424583589220665999e+03
9.518193548055282961e-06
1.106358438534941956e-05
1.213424014032559113e-05
1.653077991259935899e-05
1.983595118407913856e-05
6.360864331884998819e+02
7.616156943934773076e-06
8.290496965523358336e-06
8.985466528741815689e-06
9.405224996224292424e-06
2.132756162112935057e-05
6.548778057861281923e+02
3.029611152049373529e-06
4.150534177621377548e-06
8.120817606023684681e-06
1.106358440836907473e-05
1.149884712115085071e-05
6.360564639133913261e+02
3.315728697351910099e-06
4.980236466032399134e-06
6.048014543772850093e-06
7.533536129107311490e-06
9.033378846065788530e-06
5.923656644331953203e+02
3.983948081184083463e-06
7.417859855321519640e-06
2.567682329485583570e-05
2.906653444982053289e-05
3.153790215321443710e-05
1.542716973634027454e+03
4.737994418593742219e-06
1.081343846220453015e-05
1.277512680611227753e-05
1.312188069485217798e-05
1.619680223986178641e-05
5.710531514626013632e+02
2.197741192245466410e-06
4.382283994031628759e-06
9.121656092083944161e-06
1.210182524164987024e-05
2.692229728523170410e-05
4.440240174813425824e+02
5.155120524715892245e-06
5.472804469594201602e-06
9.976273731779694031e-06
1.223368349349770345e-05
1.531647397419409808e-05
2.258762666980239828e+02
2.054515522506472934e-06
8.446738070822402272e-06
8.481945856300367580e-06
8.583032078373974711e-06
1.009962456527420818e-05
5.866490661200542718e+02
9.905697144860634281e-06
1.834151255976018496e-05
2.154826767751021407e-05
2.188194439322658054e-05
5.624880241919798257e-05
3.189395450317901577e+03
2.647762021288003550e-06
1.054563509969625922e-05
1.101312085917185200e-05
1.439411337976748840e-05
1.929280036313338472e-05
4.890014656367599173e+02
6.403982836166678302e-06
6.432764797263220302e-06
6.590320783688837616e-06
1.305922684742004610e-05
1.479066043445232401e-05
1.493920105514135912e+02
4.975466383453606232e-06
1.041275647139365161e-05
1.517802594088795296e-05
1.676836733885535434e-05
1.860147807975769078e-05
2.787671262936439120e+02
5.244946181553916437e-06
5.874521677134475803e-06
6.930195739820283699e-06
7.823135555748630610e-06
8.469927442249637782e-06
5.520102948288000562e+02
1.675002854800928723e-05
1.971013557161526350e-05
2.898403415519105775e-05
3.389499633595246636e-05
1.142642085686755164e-04
3.142681480532733076e+03
6.458115337475426988e-06
6.529902178502579382e-06
9.736270721182611250e-06
1.983021082689991871e-05
3.177744618918476561e-05
1.804477331781213934e+03
3.248992752299116247e-06
5.773289675040774666e-06
6.070704786593615467e-06
9.023043041590572133e-06
2.887432881006827927e-05
1.487893990856711639e+02
1.969608394424727642e-06
5.726472079379248179e-06
1.356876260527227216e-05
1.657276178716312535e-05
1.659537658428349106e-05
5.586886406745501290e+02
3.533448669439971109e-06
4.287511730065076712e-06
5.068954083189572398e-06
6.073002920566398785e-06
1.106358441421982945e-05
5.318166323475227273e+02
9.810652361235381801e-07
2.669726824713272824e-06
3.862221876745743265e-06
6.994062264920926403e-06
7.226703082270857998e-05
2.311689407644384573e+03
5.370737694705135269e-06
1.398461030500137761e-05
1.841005562423885916e-05
3.289435560413643582e-05
3.830181394398915836e-05
2.314670073479822349e+03
7.043751366228438206e-06
1.401599633075307768e-05
1.575198986856079871e-05
1.647109572810211354e-05
1.779995660016586085e-05
8.603769775718230903e+02
2.126974436247686137e-06
5.459855801382921669e-06
8.533520152563871480e-06
1.151534372778197786e-05
1.316698570246367633e-05
5.393249108907072014e+02
2.224258988319419852e-06
7.263394156290334274e-06
9.581345131686883141e-06
1.004676817531027617e-05
1.057372259320932321e-05
4.976374929197029360e+02
7.309077456773430439e-06
1.013653233473001708e-05
1.595285276400894249e-05
2.374881095609922979e-05
7.226703082270857998e-05
3.220346123708750383e+03
3.316736788930981940e-06
8.060238781538996177e-06
1.456185885625586590e-05
1.531683759951995219e-05
2.069823410302487908e-05
4.399218897279299654e+02
4.131230849056059954e-06
4.599474427119597085e-06
1.034387161383751613e-05
1.362452584859163675e-05
1.394912797489655900e-05
5.285199181823206800e+02
4.516689441441298678e-06
7.419127245892873822e-06
7.547677649394275507e-06
7.569152737426583012e-06
1.136702076940323260e-05
5.364279433689659982e+02
3.344425370741961082e-06
4.318980288259305722e-06
7.823135536080190149e-06
1.540910637926998068e-05
1.555558429547497550e-05
5.246553819061259674e+02
3.256148069384081406e-06
4.232957135235381142e-06
7.425311850161749706e-06
1.552853903251511016e-05
3.613351541135428999e-05
1.841092372021197434e+03
3.745390989201368945e-06
5.483911206778011954e-06
6.436147507281160464e-06
1.232043962904989055e-05
1.744180007125749671e-05
1.026227518286533495e+02
1.845238050288631868e-06
2.522578014302821342e-06
4.742978553384484953e-06
9.512571077739259901e-05
9.593529991412625768e-05
1.828010936168226124e+02
6.650312340157299910e-06
1.115320306865536963e-05
1.236946340245049608e-05
1.832433515849100710e-05
2.140836626267945562e-05
4.202811043887280107e+02
2.915459843399493344e-06
3.813659447904638358e-06
5.982690650271926462e-06
8.449952119395264585e-06
9.151326576846621080e-06
5.541525474494877699e+02
8.583812035500008436e-07
1.433768200537178374e-05
1.854755653835085268e-05
2.004434611654354410e-05
7.226703082270857998e-05
3.170504986844914583e+03
2.604336372388316333e-06
2.671311287105179594e-06
3.217569686449413928e-06
4.985241558061261146e-06
1.564627113713466493e-05
5.402468552477762387e+02
1.111548161162548558e-06
2.258344713209643124e-06
2.603022471204034343e-06
1.191943074601892368e-05
1.239714465418627509e-05
1.254476751803128280e+02
1.709271947521961899e-06
1.721555683401039000e-06
2.285694531860893530e-06
1.621903596851761176e-05
1.661013139868969423e-05
1.815907353822490933e+01
9.036175696712760561e-07
3.913617176586470096e-06
4.420953230206332636e-06
4.953288546332688528e-06
6.253532350143202952e-06
2.908882149800439834e+02
1.498280541843924069e-06
1.986938557338528135e-06
2.213565462736524181e-05
2.400199880540734547e-05
9.560029577296318875e-05
3.033677388464513569e+03
2.652179955836529757e-06
4.833324067589823042e-06
1.216364392983180785e-05
1.492061369808322634e-05
2.536458945167349301e-05
1.535458136899407691e+03
5.497934972972475067e-07
2.098369501784991918e-06
9.033378852838572497e-06
4.686540944363492054e-05
4.745241237120781104e-05
3.426710294462120601e+02
4.607190802741523984e-06
5.002706087895772210e-06
6.420807674381976383e-06
7.210303277517635546e-06
7.916867979009266070e-06
2.585864505805832891e+02
1.361560024560568157e-06
3.911567790030500177e-06
4.206033516531797856e-06
5.077416638344464034e-06
5.927016484997116427e-06
2.912058121569575064e+02
6.750610760805626026e-06
9.778499225450158731e-06
1.716545984435812367e-05
1.756075029558795889e-05
5.110050755095447338e-05
1.961554170453228835e+03
7.427735511185986214e-06
1.319292123839677871e-05
1.424828752923667667e-05
1.850011563248089456e-05
5.110050755095447338e-05
1.961554170454088080e+03
4.029814193541602893e-07
2.100403910269897556e-06
2.401670004053897394e-06
3.102765824385807283e-06
1.564627113713466493e-05
7.234761199202080206e+02
2.823531666758352449e-06
2.888229623753629914e-06
6.011203770495505015e-06
6.184730286766733601e-06
7.870106197744567130e-06
2.535141024428472463e+02
1.862754928787324705e-06
2.063960649712038698e-06
3.193779720689134510e-06
4.544746003314722703e-06
4.898458052980987467e-06
2.850395819002689564e+02
7.727751644404062109e-06
1.490486175255488913e-05
2.863066755592519238e-05
3.441150237716017604e-05
6.878195870485347791e-05
3.128741251937073685e+03
5.587715958273317374e-07
3.390766685832862470e-06
3.391273199621963921e-06
2.339144429249080174e-05
2.459751248224842601e-05
1.512931019581282328e+02
9.665085009985956249e-07
3.653304346067558626e-06
4.616129248331188137e-06
7.317857172003393136e-06
8.143654154362434369e-06
2.465867742287669842e+02
3.169307212022985265e-149
1.866768959763278980e-06
2.511064668900726504e-06
5.348038332806386385e-06
6.080028497021176409e-06
2.723307907595647066e+02
2.258344711336455596e-06
3.293504824729101847e-06
4.122156142881430573e-06
5.201357719830970153e-06
5.255004297404741461e-06
2.911584820885586282e+02
8.283064881820595700e-06
8.542679583398168713e-06
9.993085559088399648e-06
2.471159561533489962e-05
3.613351541135428999e-05
1.484111734977201650e+03
3.113829723547799585e-06
4.126588277862846362e-06
4.824305842056386490e-06
7.939978594339651172e-06
9.431494811040968607e-06
2.069947541717869797e+02
2.622231080752653727e-06
4.378446008953843279e-06
5.040853504380136729e-06
5.636544289272091746e-06
6.813932991342807813e-06
1.292745826116872934e+02
2.490291022089680403e-06
2.665550495982335487e-06
3.335857835976660483e-06
2.813861191049476851e-05
2.937681957559698889e-05
9.323101667068524989e+01
3.842750851103876295e-06
4.373509732167683591e-06
4.448875231424114819e-06
5.476069731528219450e-06
5.975018482690393993e-06
2.900655225862131488e+02
8.976669563203299536e-06
2.643431725817801587e-05
3.715812446108545265e-05
5.867781701245552024e-05
1.022010151019089468e-04
3.552297551163216667e+03
4.122435288704686322e-06
9.253450174388478422e-06
1.280436727392333869e-05
1.869463557105569590e-05
2.487112181826707535e-05
3.193879822336787129e+02
7.149103614712606767e-06
1.209575622170315571e-05
1.342587244323179030e-05
1.600684642673772955e-05
2.998180345081427167e-05
4.793305192853753169e+02
9.518582665454987054e-06
1.173139781250705693e-05
1.396826028172913355e-05
1.529124973736882581e-05
2.992051199260828100e-05
3.151063894400532490e+02
6.996689016275011518e-06
8.218158645180576578e-06
1.195003692680837632e-05
1.216015171410674566e-05
1.429965934489571318e-05
6.408807126637527745e+02
8.145291968253589224e-06
1.749753081128187714e-05
4.006915618164162679e-05
5.994313892417627915e-05
1.022010151019089468e-04
3.590475568333394676e+03
6.995819933466190200e-06
1.422130601686640323e-05
2.715659664490895048e-05
3.664405650298127956e-05
4.425433768540510386e-05
1.703000869171318300e+03
1.680339080754132195e-05
1.855304329701919536e-05
1.942701571795347432e-05
2.254099040387025845e-05
2.973288833876180641e-05
4.285379154090031761e+02
1.676833223225107376e-06
7.463533699904292528e-06
1.026469068207414930e-05
1.637867925413810609e-05
1.667202262900295914e-05
6.598861950540900807e+02
1.287036840323758585e-06
4.055348845128461016e-06
5.342567664452534881e-06
1.555389782279526420e-05
1.712135503890466914e-05
6.103067156115558873e+02
1.092490479647821133e-05
1.592596848150583535e-05
3.868259250774993549e-05
4.168920634078801622e-05
6.258508454853865973e-05
2.366414052262956830e+03
1.145887874926155825e-05
1.330061285200207503e-05
3.018573042070115981e-05
3.322746378376672697e-05
5.325178292034725522e-05
2.349535251802158200e+03
7.281202425810809226e-06
1.110365922549455108e-05
1.806675770567714499e-05
2.520052373878343421e-05
3.470264678498933690e-05
7.383928170234449908e+02
2.858139470688022448e-06
5.986580347153388731e-06
1.277512686118238209e-05
1.624639396199653300e-05
1.720949931164345438e-05
6.678667477480146317e+02
1.757725600682571367e-06
3.757141551813503625e-06
4.180999122235821029e-06
6.011685057861290077e-06
9.033378840893754533e-06
5.847916632943620243e+02
4.648134707593539094e-06
2.110742662653585628e-05
2.353543300419506140e-05
3.622650589006004904e-05
1.142642085686755164e-04
3.535616762675181235e+03
7.062703635524502181e-06
8.698742725291314234e-06
9.560151935886723420e-06
1.196023413244308040e-05
2.048347038419204671e-05
5.175562337328166223e+02
4.094437731326654758e-06
8.354381183541857180e-06
1.085423043594665562e-05
1.428302603404501522e-05
1.932428616684339558e-05
6.420165188150474478e+02
4.226094556854443872e-06
9.380059766714485994e-06
1.062993147125619358e-05
1.467793716360842199e-05
1.654285168353863397e-05
5.921878203953771163e+02
4.606225030368345404e-06
5.743194450123055578e-06
6.996907437242498397e-06
1.327861925166443283e-05
1.494934437929876494e-05
5.638682561029863791e+02
2.840857283686398581e-06
1.832319112731070848e-05
2.402580753033919223e-05
4.425433768540510386e-05
5.213542855839121596e-05
1.722516878978707155e+03
8.107353948273687252e-06
9.064275301850882561e-06
1.251885571174775525e-05
1.394933361868445787e-05
3.087556101474252674e-05
4.597372659988943724e+02
6.256892452778545582e-06
1.219510269878012642e-05
1.504771836990114562e-05
2.046907773608216553e-05
3.027447328953411566e-05
5.015333569018368394e+02
7.851000119936751517e-06
1.256227032223945252e-05
1.506052760238664854e-05
1.572492268221296939e-05
1.921534294103674205e-05
5.062029436580435231e+02
8.716542769387553073e-06
1.009962458029527701e-05
1.086907802855790944e-05
1.529635384598035250e-05
1.946586196090342450e-05
6.413430370918915742e+02
2.280918129977778049e-06
3.757759582010628536e-06
9.420643366182729608e-06
2.877997780403799123e-05
8.079699672582446525e-05
3.024098731650464288e+03
1.151534372453358448e-05
1.421842293221901293e-05
1.572930325852227890e-05
2.866091464417941563e-05
3.316418450045604014e-05
8.840536831898585888e+02
7.117141206556908688e-06
9.311393770341882368e-06
1.474695686987401490e-05
3.251428422331551784e-05
3.675819347986678112e-05
1.010397634366122702e+03
5.223629479595934423e-06
7.623661983369443804e-06
1.236946333630225936e-05
2.735293505782852093e-05
2.862676933090625199e-05
1.007179094537008950e+03
7.011525778214430027e-07
8.449952162921433243e-06
1.077170717677432736e-05
1.435076546229113217e-05
1.599911994344672589e-05
8.823328883113925940e+02
5.784221974154607140e-06
1.561681765305233870e-05
9.365439327341372087e-05
1.013925998424667480e-04
1.022010151019089468e-04
3.247492401364840589e+03
5.194583236988495030e-06
7.341960847362602234e-06
4.425433768540510386e-05
2.190603076378578760e-04
2.224369434173421411e-04
1.340746883956076317e+03
2.292871316139074577e-06
9.311393735303939294e-06
1.433776533707317784e-05
1.497206211625675896e-05
3.474982001851199175e-05
1.020323460122067672e+03
3.568968506613192928e-06
7.595640316919648964e-06
9.033378836963286182e-06
9.156209372822602196e-06
2.950686559345325278e-05
9.665378490768381425e+02
4.285376259543340340e-06
5.554366478357576098e-06
7.234852094273586601e-06
1.167176948858236910e-05
1.392241783788374516e-05
8.118575957582623914e+02
1.516051405648016403e-06
5.338731558623406656e-06
4.039849836291223263e-05
9.223517184173248083e-05
9.718668875594588664e-05
1.357611823576971574e+03
6.187170693938623593e-06
6.446731522024449857e-06
4.425433768540510386e-05
1.718988563442934903e-04
1.733026253383402346e-04
1.423563067934523588e+03
3.593188275481974127e-06
4.417124353624485375e-06
1.335625905285070106e-05
3.858548621876076000e-05
4.708549873058590996e-05
7.030883573337845291e+02
3.909358262257724812e-06
7.961797239445156035e-06
9.033378833528852184e-06
2.041424879938564629e-05
2.451797945901040056e-05
9.714555771667845647e+02
9.497029875285610759e-07
2.749312568836803692e-06
4.516689442964788230e-06
5.933891277340463694e-06
7.721201525842404971e-06
7.801370147825128925e+02
3.856001749011148969e-06
5.123867558329068519e-06
2.405459086876381234e-05
2.532948722452223365e-05
9.560029577296318875e-05
3.139113147802452659e+03
3.075442653194086858e-06
1.106358439257556775e-05
1.325084445649426548e-05
6.597388411120944074e-05
8.014899968937067812e-05
1.013182657071794210e+03
5.464563932629942830e-07
1.854440758295441940e-06
7.141513029566533624e-06
1.886878012067571330e-05
2.770966089679639439e-05
9.656124534826603849e+02
3.228038661463680876e-06
4.277918385123503583e-06
6.775034115395859700e-06
1.209970528870949521e-05
2.390620712265913999e-05
9.226749393414690985e+02
8.838606604016304525e-07
1.939707964888545101e-06
3.975276011179304369e-06
4.233291694271020396e-06
1.018939900769022905e-05
8.195638467170455215e+02
1.647289817964972439e-06
6.689630906247122245e-06
2.558893803658654007e-05
4.039849836291223263e-05
4.047252214957781517e-05
1.392762023764771811e+03
9.836222670472533655e-06
1.133562589951990837e-05
1.144011070358032803e-05
1.173470333233584970e-05
3.466374579875841991e-05
9.851330380966037410e+02
4.035040760619736695e-06
5.527840228358442809e-06
1.315911243529507180e-05
2.556868461864576054e-05
3.407371528318037994e-05
9.610342778369157486e+02
5.270157269933083723e-06
7.191426145155914791e-06
1.014621155660030616e-05
1.828899422454253302e-05
2.454467693592835711e-05
9.752797525065852824e+02
4.153819525113620509e-06
4.516689406556784611e-06
5.470701338087490425e-06
1.268696918660211301e-05
2.453552662756070034e-05
8.876596800493864521e+02
7.226703082270857998e-05
1.053434150092590250e-04
1.644919968235510109e-04
1.727973976619263702e-04
1.770891139295517581e-04
3.369073535497723627e-04
4.324183259865917535e+03
4.551805902576371409e+03
1.238227113293402908e+04
4.999977538702489348e-06
2.182234961104862300e-05
3.316910462715113412e-05
4.129347300090522726e-05
1.067886565030517587e-04
1.070729455357762971e-04
1.391726101677339102e+03
2.505621339699913278e+03
3.656602952284465573e+03
1.437793996734440597e-05
1.464446558071297919e-05
1.849100542087050194e-05
2.643264593852723182e-05
3.371782399836203813e-05
4.995639635872183183e-05
1.446974105561995430e+03
1.597650720811836891e+03
3.613440616405152923e+03
1.590974257109794397e-05
2.056082152164566968e-05
2.703890832877811002e-05
4.057362671506889196e-05
6.647330416892228001e-05
1.207444945878658013e-04
2.221066127939315322e+02
1.596888653179383027e+03
3.730985165666780176e+03
1.052550205637148826e-04
1.728029549440084751e-04
2.031045998677475555e-04
2.402303652088298616e-04
2.534169929971911614e-04
2.548860697881612106e-04
3.933530737321813376e+03
5.044568382105261662e+03
1.234428856923922285e+04
2.853759048963208972e-05
4.069486961567277984e-05
5.072308182903875241e-05
5.934237820866788390e-05
7.427843488436688989e-05
2.394937526596177286e-04
8.953676695857266168e+02
3.806160002388436624e+03
5.440483104235343490e+03
2.766842564830631840e-05
3.173002429099865872e-05
3.606667883979540099e-05
5.398592939946445836e-05
5.769629266553315657e-05
6.133533462433843266e-05
1.582033662929576849e+03
2.009295375393659242e+03
3.649402793641464086e+03
2.080302742953157501e-06
5.957970252267416395e-06
6.062640590389283054e-06
1.106916054040220030e-05
2.302320796741079558e-05
4.300225496560009143e-05
5.078589348366488139e+02
1.465103528538438468e+03
3.591827530143610602e+03
4.665733033168595914e-05
8.660409066332904382e-05
1.502718167232397093e-04
2.473306490278301558e-04
2.551579546169626235e-04
2.716310627616047124e-04
6.703779846299339624e+02
6.576502655634711118e+03
9.825996993431901501e+03
6.014713531571745127e-05
6.855210938463126636e-05
9.409334532075034252e-05
1.024919376785882500e-04
1.367965270086379380e-04
2.422318983916350703e-04
1.135478541300857614e+03
5.862856839560187836e+03
1.041850017582248802e+04
2.496633590500076937e-05
3.802674929540539024e-05
4.388065563967259876e-05
6.316712833174877874e-05
6.830172241959417965e-05
7.661692322297995749e-05
1.402365622741035850e+03
3.556991013152967753e+03
3.760275310822616575e+03
2.743544496731355561e-05
2.752477757359500269e-05
3.528320919747569519e-05
4.040777753089778128e-05
5.864740724990774975e-05
6.199348639444888836e-05
9.544431376914019438e+02
1.100238274853535586e+03
3.618370304856800431e+03
9.312345026387835632e-05
1.142642085686755164e-04
1.601681597677769996e-04
1.911324497767993272e-04
2.707496442610100797e-04
4.644115090636600639e-04
1.249701906372195936e+03
4.746732948051027051e+03
1.202285857858171403e+04
3.705521966872426094e-05
4.210376259251298158e-05
4.319506959885693989e-05
5.241703829827936627e-05
6.607150672243278353e-05
7.615174194221400246e-05
1.328067158126291133e+03
1.552428032493335877e+03
3.661064410341403800e+03
1.220788516351717217e-05
4.749140928914853568e-05
5.157865724227822681e-05
5.468385629699888889e-05
6.782649051792872207e-05
7.815472808065616005e-05
1.384703544776521767e+03
1.791667757697788375e+03
3.623475574650558883e+03
1.969433680437303474e-05
2.401426020524892281e-05
2.742727594636530980e-05
3.491712025707179528e-05
4.319106649981176106e-05
6.186854069915952950e-05
1.032752493769564353e+03
1.073867594357987855e+03
3.604771952453758331e+03
7.019730532741170879e-06
2.401540539735461167e-05
2.523851737330350554e-05
3.950678134985097429e-05
6.434415256025543671e-05
1.279268622768351337e-04
1.788214044376903075e+03
3.620812995043153023e+03
3.667517253142665140e+03
1.828470363331879904e-05
2.148322389598235869e-05
2.328017902622159254e-05
2.934214526341224184e-05
4.022293291556323707e-05
7.195735398522957234e-05
1.495297077983503868e+03
1.693620306401534890e+03
3.617414128989608798e+03
1.856992848993461380e-05
4.817427725368282469e-05
5.539149513702401790e-05
6.572178337748002118e-05
6.742217103231518821e-05
7.711902765462154462e-05
1.198109841778792543e+03
1.370324066603177243e+03
3.792082099414619279e+03
1.686752379120923776e-05
2.550864972909851279e-05
3.129254227426932986e-05
4.205319683302798409e-05
4.720365037687866331e-05
5.225265245454497508e-05
7.893458174684971027e+02
1.200937999636737231e+03
3.640164599384521807e+03
8.594419194439248454e-05
9.675351172858035452e-05
1.256004028042950087e-04
1.756058604191392946e-04
2.071190245483879198e-04
3.159919325905436393e-04
1.215835357728361487e+03
2.830131269807410717e+03
3.071195737724883202e+03
3.398824018328520651e+03
3.658071380563917955e+03
9.660629828286248085e+03
5.575167881483728085e-06
1.720419417500986889e-05
2.559907759845576439e-05
4.553460950990107523e-05
4.866692403594889026e-05
5.848639612597176856e-05
1.148908305252008631e+03
1.613466082286616029e+03
1.695258127606569587e+03
2.718329429669993260e+03
3.438759002199132283e+03
3.469308582258238857e+03
1.227414115225406936e-05
2.112429924453742688e-05
2.224851666803833713e-05
2.957079761499283515e-05
3.220633868673024850e-05
4.484398504915151798e-05
1.136842310804372801e+03
1.492228460146927318e+03
1.504452425371263189e+03
1.546952694924035086e+03
3.395495721749297900e+03
3.428285353102652152e+03
6.423868225387980751e-06
7.207123530405080390e-06
2.660575477247698471e-05
2.882870819814278444e-05
3.705007545551380508e-05
4.314773879532004511e-05
9.752953841995802122e+02
1.191864606778347024e+03
1.388298486290771280e+03
1.530727930535142150e+03
3.400118412488540343e+03
3.450899503149030807e+03
6.399723940269955928e-05
6.449114141067849879e-05
1.611930551082375667e-04
1.795956797946276844e-04
2.929095902596780461e-04
3.108727580955984639e-04
1.639672079122776495e+03
3.055246971089454746e+03
3.445495715569159984e+03
3.482496296222470846e+03
3.734166803543326751e+03
9.039115195910140756e+03
1.288896128776606892e-05
4.212141928918391754e-05
7.313999751793913212e-05
7.696492976457392898e-05
8.883876419243705151e-05
1.170966316702434063e-04
7.404822416397992129e+02
1.500582730729904370e+03
1.558410935079253932e+03
3.452536797534292873e+03
3.488650577360343050e+03
7.010862502183055767e+03
1.652237376940437566e-05
2.257939716551385080e-05
2.342801442869567855e-05
4.401020697972268179e-05
4.699369221791576160e-05
4.710808955938385203e-05
1.222489086978817340e+03
1.574262577024922393e+03
1.599459216066272120e+03
1.850436903836904094e+03
3.410962792073496075e+03
3.450746183059243776e+03
1.147471221228712919e-05
2.288257010710174408e-05
2.316194566737618752e-05
2.479068173685799388e-05
3.472261684844037279e-05
4.774668857158780266e-05
4.386108373590966494e+02
1.169007909320795079e+03
1.403582824327320168e+03
1.515141636212976664e+03
3.400746241023966832e+03
3.450477284490540114e+03
1.645191873773347598e-05
6.734578667718262425e-05
1.382563269058955681e-04
2.065946995828094285e-04
2.265381835125801642e-04
3.319521823595401161e-04
1.622883182748816125e+03
3.024907296801685789e+03
3.275863261312085797e+03
5.696811990209324904e+03
6.579871671172642891e+03
7.346389120662685855e+03
2.748939352308916386e-06
9.522931181086677821e-05
1.123639639668473254e-04
1.333366311270890248e-04
1.917728120688431796e-04
2.483898829399635026e-04
1.873227062287762692e+03
2.068809302575613401e+03
2.513955438826231784e+03
4.792859047337202355e+03
5.554320625764496071e+03
1.004748427988988078e+04
1.148796983094303227e-05
2.021659206565943297e-05
3.892900787787420829e-05
4.540939165564663346e-05
6.932899968233475346e-05
1.026112001580013495e-04
9.500107628844782539e+02
1.547705549255427741e+03
2.009933007476880221e+03
2.999850664695290561e+03
3.374866999252368259e+03
3.458431269585564678e+03
1.593110821822214771e-05
1.910441933996677498e-05
2.092612443108195347e-05
3.725519403583643147e-05
3.858651137951243172e-05
4.009231885067854139e-05
9.353129466816711783e+02
9.575111579890362918e+02
1.006449818306173029e+03
1.430701651279167208e+03
3.394987271747650084e+03
3.440120495314524760e+03
9.999558012004163856e-05
1.369559602886514594e-04
1.380668297013465569e-04
1.644687462065792458e-04
2.141936515911933283e-04
2.952471345032340179e-04
4.166205261395325010e+02
2.672128513300975555e+03
2.832056104908715042e+03
3.456569607681514299e+03
3.596801113761373927e+03
9.243345886945107850e+03
8.701672560111302286e-06
2.186672201141490269e-05
3.043800113767095681e-05
3.980308331974336233e-05
4.038022271419280766e-05
5.014801920316397653e-05
5.741705427112490270e+02
1.170065548758707564e+03
1.378309051265982816e+03
1.514808037270216573e+03
3.404762987548030651e+03
3.454363554073672731e+03
1.270090050600305838e-05
1.481493026372944572e-05
2.059295624990826245e-05
2.576234953431324817e-05
3.242238479702311174e-05
3.275441328663542917e-05
7.115519599242880986e+02
1.120088335619025884e+03
1.275592822054076123e+03
1.496838398048212639e+03
3.394700710741553848e+03
3.423224592582314017e+03
4.117247143998179794e-06
8.926827955962251130e-06
2.625505688442624167e-05
3.173662046674187112e-05
3.521064158699885039e-05
3.866480474601722146e-05
9.846939641253426316e+02
1.008262793112146824e+03
1.030923995869247392e+03
1.423644299779419498e+03
3.396923997155704456e+03
3.435018532786124979e+03
1.447570327166680113e-05
2.050918231461765990e-05
2.761758362383926911e-05
5.224678644609231161e-05
8.633910215365844473e-05
8.843510102474168918e-05
9.252815584627113594e+02
1.413562418762539437e+03
1.799292469737123156e+03
2.931668406329046775e+03
3.412513970848093322e+03
3.462778845542455201e+03
2.474089932044541462e-05
3.114028306404033000e-05
3.648044569327869353e-05
3.958243817807810582e-05
4.773866798676001781e-05
6.002083585830492505e-05
1.204088841742435989e+03
1.507445676644480272e+03
1.526557178779533388e+03
1.624631140303529946e+03
3.394097666774825029e+03
3.428865657375323281e+03
1.354603305229957398e-05
1.464883792272410005e-05
1.485865494225016690e-05
2.443556766849562387e-05
3.119430797270880413e-05
4.755491160516831119e-05
1.190047918315817242e+03
1.233883007960830128e+03
1.440351299178404588e+03
1.527378252838451090e+03
3.380369475319270805e+03
3.420222612517421112e+03
3.441267631072418847e-05
4.666878897176204188e-05
5.067719615006595986e-05
7.960528806059600062e-05
8.488792774032941307e-05
1.679270831075561085e-04
4.496068579387691102e+02
9.821330871858471028e+02
1.304992144250623596e+03
2.438908708499291151e+03
3.377708067907668919e+03
3.869271762197412500e+03
