8.484328870256318240e-06
1.410145988473981823e-05
6.248470169019636504e-05
1.011189192198160041e-04
1.251701690970773195e-04
5.360991318995665097e+03
1.429068928679057028e-05
2.405927835543191960e-05
3.792727294988345731e-05
7.479832186382233546e-05
8.706210057056579222e-05
1.744156577127298306e+03
8.744438322138823165e-06
1.633651380943192900e-05
1.981764357241745159e-05
8.685088593275437337e-05
8.993959420658152943e-05
1.073840048755648013e+03
9.851946260397503408e-06
1.907140016769619112e-05
2.103242248422235825e-05
3.129254227426932986e-05
3.270945733042559931e-05
1.123715344274416339e+03
4.492371583040749389e-06
6.950267531119687696e-06
1.473055651300805799e-05
1.786423137840819714e-05
4.425433768540510386e-05
2.162057806913644072e+03
1.189123949043382705e-05
1.717292195936035161e-05
2.606525504636733861e-05
2.703781914976878366e-05
3.447661289529742063e-05
3.964176530350824805e+02
3.802211650895972295e-06
3.972947280258300252e-06
7.478933277808570866e-06
1.428302602189037534e-05
1.862927873126591299e-05
7.159173276114071314e+02
2.806837768155254955e-06
5.814482098060313878e-06
9.246336851710517331e-06
1.195003694365580235e-05
1.281181214860799465e-05
6.249069764592164802e+02
9.269831091290671828e-07
4.754434887748367780e-06
5.174713224994432233e-06
5.611536423687661225e-06
7.141512987298433356e-06
5.416175938577846409e+02
6.050615216426810865e-06
8.735383478793900936e-06
8.879241638481350293e-06
2.566560738224076091e-05
3.761292188638761360e-05
2.044415963614130078e+03
3.383357541053231054e-06
9.324836975758337630e-06
1.564627113713466493e-05
4.063682352461076377e-05
4.161211330900870155e-05
6.627932482870145350e+02
3.738077237018307090e-06
7.155707772661192835e-06
7.271435891296111944e-06
9.179196606642548079e-06
1.106358438325453090e-05
5.632314722217130338e+02
8.279092079449388062e-06
1.578773151520862985e-05
1.802165040333914643e-05
2.289673126308684639e-05
4.780014788648159437e-05
1.665014038464888245e+03
2.506297045798360122e-06
4.219027805564962220e-06
5.065991130243464459e-06
7.077749219652599014e-06
2.555025377547723669e-05
9.697342976867832931e+02
1.294503007476337720e-06
3.267421518841632019e-06
4.892769662761147448e-06
5.438918863953278043e-06
1.570054025270891467e-05
6.990726356686245708e+02
2.402658813909830148e-06
2.909329905870694593e-06
3.193781710182341376e-06
4.106993775930841557e-06
5.925109072564745782e-06
2.906124849597998150e+02
1.401181663370080872e-06
1.453373636478414166e-06
1.931764623107706138e-06
2.853459392423251724e-06
3.570756515551780229e-06
2.796160439295227889e+02
2.857419616851391735e-06
5.546298435410313865e-06
1.157012126146012812e-05
3.984931409521421780e-05
4.496291340444704977e-05
4.111844062322343234e+02
7.540857700851874120e-06
1.109178386740537501e-05
1.462474945219499477e-05
1.628515529033274141e-05
1.671650185239294229e-05
6.681960973453111592e+02
5.364552004295304717e-06
7.328742441372028655e-06
1.009962455306600193e-05
2.538317561571452362e-05
2.915875873028463212e-05
9.854220580446346958e+02
2.036188312319710086e-06
9.738019952145838892e-06
1.061245706449885130e-05
1.151534375294705906e-05
1.729132514512297139e-05
9.611532121488090752e+02
1.031873365953584893e-06
4.498636783068025777e-06
8.142577643911528662e-06
1.455608519258439760e-05
2.878478226563588503e-05
9.119516811035197179e+02
3.966888239276173702e-06
5.110599808060901644e-06
7.528395945895494881e-06
9.830567704082325783e-06
1.285214755287609451e-05
9.020250193689197431e+02
1.368879185770247632e-06
2.365968374928829788e-06
6.775034129709748350e-06
7.150406618588074060e-06
7.223544716159993893e-06
7.864856929916344370e+02
6.260691347954366523e-05
1.861250758318577585e-04
2.011359797224954236e-04
3.246122584410334410e-04
3.480105959892459619e-04
3.584210148417937445e-04
2.627805765799881556e+03
4.936781540987345579e+03
1.539221804401125883e+04
1.327249306060656559e-06
1.108748052375359072e-05
8.425176919827803321e-05
1.089172653990371799e-04
1.843800444564402041e-04
2.305316992433213046e-04
1.090586773275597807e+03
4.173717424285797279e+03
5.786881025534460605e+03
6.071847892844949796e-06
1.117687974860655722e-05
4.328573433523465880e-05
5.111988447526428576e-05
5.377168172478559498e-05
8.206583331600507511e-05
9.378846086815461831e+02
3.399109798131094522e+03
3.707029217952539966e+03
0.000000000000000000e+00
1.172029084418095808e-05
2.110721827243833141e-05
3.583460207741592085e-05
4.652770765825745621e-05
5.164315494203449022e-05
1.011160452360584827e+03
1.114077849274234268e+03
3.617696178676907493e+03
1.169525710049003936e-05
1.835622030576350530e-05
2.029492386145701781e-05
2.945604278855760974e-05
3.479590170141701904e-05
4.459150595451790653e-05
1.136631688180434367e+03
1.580183439620638410e+03
1.616751367325870660e+03
2.576728795019793324e+03
3.422959246459306996e+03
3.472144098650447177e+03
1.989267701201440398e-05
2.475680731347018590e-05
2.617383897830885845e-05
3.579384842779666058e-05
3.597738185870184271e-05
8.561547869422581861e-05
6.707887932479391111e+02
1.181495034387655096e+03
1.408045938609092218e+03
1.541998805584618140e+03
3.386944490015146130e+03
3.438603078766010185e+03
1.487630838039370821e-05
1.540061788606534294e-05
1.751278682417852905e-05
1.933600191379367038e-05
2.262715909994475168e-05
2.856946838951769321e-05
4.340197481442886556e+02
1.115610803120820037e+03
1.321723477118309575e+03
1.513683643733943200e+03
3.383055837236258867e+03
3.435472053693615180e+03
1.457907707060038874e-05
1.806213975796229756e-05
2.698693933248138478e-05
3.122551860451629836e-05
4.164034166494854521e-05
4.458417662387263746e-05
9.503153064047666021e+02
9.978597866105503726e+02
1.028756488717932825e+03
1.493008759935973785e+03
3.364029577283758044e+03
3.417494380217928665e+03
8.914869730109056413e-06
1.133209040724870320e-05
3.215689689481639272e-05
4.244819218829109012e-05
1.251701690970773195e-04
5.363778779333799321e+03
1.665067856422404471e-05
1.806675770567714499e-05
4.273043106056652660e-05
9.733031694846011736e-05
1.057328909848306435e-04
1.459791714909902566e+03
1.149305911579711999e-05
1.597273158448878183e-05
1.774604778740420394e-05
2.909899755524874066e-05
3.912249667215806823e-05
9.087563805912641328e+02
1.220903238079281146e-05
1.224300806818697699e-05
1.690785062697792556e-05
2.072040509182237561e-05
2.197031189092623740e-05
7.522427492871264576e+02
1.886601779173128731e-06
4.594847741049018536e-06
4.615758611107268912e-06
6.021471989957723850e-06
6.387563481356794449e-06
5.431728130529271539e+02
3.776239659812360419e-06
1.349956748055184544e-05
1.565085744788733801e-05
3.050523735064282255e-05
3.613351541135428999e-05
1.913505304324159397e+03
1.193322401644228866e-05
1.606488439255819752e-05
1.939956377543648977e-05
2.161571356770624101e-05
2.555025377547723669e-05
1.345730245799882823e+03
3.138398028410016818e-06
3.375905208708255056e-06
7.209498307857995318e-06
1.371316392162054750e-05
1.910417805622272223e-05
2.336679640591391092e+02
2.010583429594030763e-06
6.184731720598749087e-06
8.418790114877365308e-06
8.730258584475444447e-06
2.225524163807294354e-05
2.415645216284273147e+02
1.847016054821747383e-06
3.621358372614709962e-06
3.893882202239456768e-06
4.053151996649969397e-06
1.277512688773861834e-05
6.149290062460438548e+02
1.532662852307193528e-06
3.129809188155601181e-06
3.638463662065341055e-06
4.992872658544977406e-06
6.046714648694981049e-06
6.978044239143017080e+01
2.765896091100057004e-06
4.730279334547874511e-06
5.468151984917474645e-06
6.520820151808552491e-06
7.927208048869018180e-06
2.333412594152300130e+02
3.900837800071423402e-06
4.110863875715814236e-06
4.536960918840976487e-06
6.174027213207356232e-06
6.775034110521872879e-06
2.840737414509868586e+02
1.033171023852308412e-06
1.486133179962518714e-06
2.590784939001435653e-06
3.121501626840630928e-06
4.705520574079442773e-06
2.929130167881602915e+02
1.220969300484673119e-05
1.773527883267789966e-05
3.399966919847000524e-05
5.309036727573414625e-05
1.022010151019089468e-04
3.655269856095200339e+03
1.911281630285905430e-05
3.990384939446168133e-05
4.725099674561833061e-05
6.105254977543949930e-05
6.349012080117027231e-05
6.291121207552873784e+02
1.256363008952815010e-05
1.725867029115572991e-05
2.431459648622358478e-05
2.624255140417453157e-05
2.861170437566323558e-05
6.931048478744644115e+01
5.870263614015908845e-06
8.433822441271275879e-06
9.615090173429507848e-06
1.621085505685699628e-05
1.679162880862378787e-05
5.361983436837446106e+02
8.280664705429956838e-06
1.172496756983665845e-05
1.441052998189348058e-05
1.467397816645811377e-05
1.513363662564642465e-05
6.588153400882065398e+02
7.326199216706995490e-06
7.955323402517711475e-06
8.542979781790021294e-06
1.277510108532364145e-05
1.405638384826306436e-05
5.962143961918170589e+02
5.805828557593991703e-06
9.703331678117244448e-06
1.003610315638953811e-05
2.003354482000129096e-05
2.879345379629298638e-05
9.185469575814568088e+02
1.000178751546088950e-05
1.395602934794000214e-05
1.463574648106913722e-05
2.037301749524747513e-05
5.059375196427032614e-05
1.007115053402859985e+03
3.518369090505156427e-06
6.346702921121033016e-06
8.201662430219056328e-06
1.325098498194658335e-05
1.571611995973007999e-05
9.872314394095357102e+02
2.381644300604657822e-06
4.516689434538379110e-06
5.467428268461330565e-06
7.448132795943599314e-06
1.311415880738482307e-05
7.824654215877473007e+02
0.000000000000000000e+00
1.061754226755485386e-04
1.218657815502202250e-04
1.248505630960807216e-04
2.037019033771495142e-04
2.319686699364106668e-04
3.608331341722536308e+03
4.217068471337353003e+03
1.505044817910085658e+04
2.306619636799361832e-05
5.918761846283904801e-05
6.104366461612823662e-05
9.063099706169716694e-05
1.841356099659001205e-04
2.628670960731196364e-04
8.533807717670670172e+02
3.755441864084315057e+03
5.236400563754379618e+03
1.083479960770871497e-05
1.449059440674587524e-05
2.037907919829618156e-05
3.747314661631986600e-05
4.146168378562099517e-05
5.493998320814386522e-05
9.565973113175158460e+02
3.338095065019244430e+03
3.663991688130481180e+03
6.683526817430885469e-06
2.382840488753869436e-05
3.573269674901620549e-05
6.710674199327452516e-05
8.527851411268217374e-05
9.029806426100711440e-05
7.722017069384337447e+02
1.363961911525873575e+03
3.967850596721512829e+03
1.512840838398715283e-05
1.981783329406095089e-05
2.230551741981034363e-05
4.387649361248442161e-05
4.878718391781440122e-05
5.367021021870925404e-05
9.697017743198173321e+02
1.088423910041433146e+03
3.618621343748429354e+03
9.932192644427991729e-06
1.116174345507785417e-05
1.502034375316513903e-05
1.765578963192596009e-05
2.351095252156570526e-05
4.147469140273910091e-05
1.169975373916201988e+03
1.440540671589566273e+03
1.563664943204509882e+03
1.651746093500704319e+03
3.393758915388776131e+03
3.441205008759503016e+03
3.914235928306773769e-06
1.586207114044063337e-05
2.028881827925877742e-05
2.523759919328160661e-05
2.767650040180322962e-05
4.198990692043503929e-05
9.505128545638820015e+02
9.851711998598082118e+02
1.054912279623491258e+03
1.448366169148558811e+03
3.392406491866078341e+03
3.443321094724042268e+03
1.809787887967689380e-05
2.002977284170367951e-05
2.093255653711001890e-05
3.103935629603509378e-05
4.938275779420052072e-05
6.013362888045601994e-05
9.384244321064244332e+02
9.580735244193119797e+02
9.660549659014455983e+02
1.426947739269477779e+03
3.390028426332437448e+03
3.431599433961175237e+03
6.012963115136500371e-05
2.689819483186858991e-04
2.807573328577085410e-04
3.378671087462819947e-04
4.800055292480158377e-04
9.007977493339356442e+03
1.434633797806279954e-05
1.590167819655203407e-05
1.958314154436691063e-05
4.343158867391316852e-05
9.556049932307831359e-05
3.803012404176954078e+03
1.364138014118076299e-05
1.642629910901698874e-05
1.876090407177563683e-05
2.970843961611704275e-05
3.804607273702676406e-05
2.936144246617691920e+02
2.192458484867767146e-05
2.390421073741203162e-05
2.435270637428787541e-05
6.129441305066149058e-05
7.226703082270857998e-05
4.111836529498816162e+03
1.693208962003860701e-05
1.770349962649903042e-05
2.394784809830215725e-05
3.392101603794006912e-05
9.560029577296318875e-05
3.040232926576615228e+03
1.652836551497536104e-05
1.832782206130782233e-05
2.118515057165737761e-05
2.455016318308904770e-05
3.038485655065186085e-05
5.720221133046226214e+02
1.034356573548619888e-05
1.253485267023276432e-05
1.322176239773769375e-05
1.404387237039219135e-05
2.303768208388163086e-05
6.116367805731763383e+02
7.296421927579333008e-06
1.057145599360053053e-05
1.176583620764763188e-05
1.195003679075323144e-05
1.433140304149401422e-05
5.568006425707877725e+02
5.322840954581304527e-06
5.437387076959249507e-06
1.028591299840381533e-05
1.047141124163660522e-05
1.236946179231915969e-05
5.449325211099790067e+02
2.660173669975646481e-06
4.535327248329625588e-06
8.471386118496685452e-06
1.113340559759395292e-05
3.129254227426932986e-05
1.478197256772344645e+03
1.205626089985773925e-05
1.245343317435320121e-05
1.267636971842832077e-05
1.369275968886760642e-05
2.235665950035376989e-05
2.900127121901023202e+02
2.949276024356001310e-06
6.574575597347702799e-06
1.062623901883849558e-05
1.149884751944287798e-05
1.320793465588693606e-05
5.624157834856562204e+02
4.715770393524312849e-06
6.740886853790212890e-06
8.899740157894222401e-06
1.009962448319224495e-05
1.112256353690187738e-05
5.314141939928011880e+02
8.703655539939588199e-06
1.117420833007470156e-05
5.833253111032594220e-05
9.737678122060584884e-05
1.022806919884643357e-04
3.385845817470183192e+03
7.598147458461884668e-06
1.834739910564608996e-05
3.129948573244188464e-05
3.180156837919337034e-05
6.759961742450190723e-05
2.400173525997219713e+03
3.697357236839916859e-06
5.941392838543901929e-06
7.705046460885262404e-06
7.984454295777700198e-06
1.014917772383446291e-05
2.262498773129830454e+02
1.825192086122555924e-06
2.707515595807550885e-06
2.997520196045605193e-06
3.469857051553945750e-06
5.499630902317469123e-06
2.756348779421662130e+02
4.610539822316486218e-06
6.530970978764807426e-06
7.130859689076219816e-06
1.716602111573484692e-05
8.079699672582446525e-05
2.625965407771171158e+03
1.534933435698911537e-05
1.630905522174517166e-05
1.864441864396331334e-05
2.041751967228746601e-05
2.332041110859891541e-05
3.943919988333635160e+02
1.150737872126377657e-05
1.665697981675587906e-05
1.947567031631000225e-05
2.207246428819183100e-05
3.116845516655422470e-05
3.301568570395721736e+02
1.902573407814624190e-06
6.138613709859483957e-06
7.546747018378228354e-06
1.428302602360011981e-05
1.475288641262025605e-05
5.804181966657126850e+02
8.547968201260795830e-06
2.442433125224847918e-05
4.201404733885174582e-05
4.506320988092416230e-05
1.022010151019089468e-04
3.262629140167301102e+03
2.610996890436437129e-06
1.499686379676608614e-05
2.304901684955788080e-05
4.369365174228255521e-05
6.759961742450190723e-05
2.379267163067236197e+03
2.522158102430383394e-06
4.863667746194902504e-06
1.164783584794380033e-05
3.622061018668323331e-05
4.808425396295288348e-05
6.405270869287539881e+02
1.675429652874908242e-06
3.477426620574452185e-06
6.755868420263621413e-06
1.398124637159218004e-05
2.035979994333035617e-05
7.812059880638590812e+02
6.011874618490875273e-05
6.754788583334051378e-05
9.320971090327599294e-05
1.774749056471850415e-04
3.277005865165081005e-04
4.792123575834609617e-04
4.007977131354024095e+03
4.146988461563688361e+03
1.503274764985069123e+04
2.921969141644493046e-05
5.713210428433775821e-05
9.867563974132211838e-05
1.328325406130789255e-04
2.087868672941932803e-04
2.241119950528751759e-04
2.006233362817564966e+03
3.988654968095872846e+03
1.006670439688828264e+04
8.359617372882394341e-06
1.081542082585251863e-05
1.319244620840566188e-05
2.596222915399464494e-05
4.240856791698834353e-05
5.742876415134190048e-05
1.424164473706630361e+03
1.637804978143974949e+03
3.611605047366827421e+03
2.450970744084302651e-05
2.690076181733150486e-05
5.634605007754679029e-05
6.508999332381291936e-05
6.531780949869131644e-05
6.751373885124151619e-05
8.842220415194876750e+02
1.323959191149516073e+03
3.902221363780300635e+03
1.250384404998937003e-04
1.419748748842285463e-04
2.135355594733873716e-04
2.400707491002416322e-04
2.576785574144057657e-04
3.780950290911464342e-04
1.356385366068670464e+03
2.649503265224364441e+03
3.049951992014023290e+03
3.250439912333225038e+03
3.613443299030507660e+03
1.188599048819542622e+04
2.393702566659116826e-05
2.790078484512231383e-05
3.554034880595813143e-05
3.584190934280140757e-05
3.854782090730718685e-05
4.170375370864160436e-05
1.128339979921726808e+03
1.590819334842573653e+03
1.646226177551890487e+03
2.505600955333989987e+03
3.409016275380099160e+03
3.453277395364086260e+03
1.142428586609726756e-05
1.658632590543314742e-05
2.114223465579777525e-05
2.434337475586750632e-05
3.106901649079563040e-05
4.851691971176648992e-05
9.788783034452037555e+02
9.933792603798270875e+02
1.041386781131480348e+03
1.441941882857191786e+03
3.397980707802742927e+03
3.444425182484694233e+03
6.686774368027468707e-06
1.196719123568261118e-05
3.675670956007785409e-05
4.558527962534950496e-05
1.251701690970773195e-04
4.395083579052045025e+03
1.171346367250864339e-05
1.456526082577546946e-05
1.623284778146372368e-05
2.009487553344944897e-05
2.302391404100830041e-05
7.440375936209048859e+02
1.066213310366463146e-06
2.413494826986081377e-06
5.395766736872651995e-06
7.823247863008962874e-06
8.997576688061028911e-06
5.883088451625336575e+02
3.727821756725537349e-06
5.288904623762410782e-06
7.130407090596624221e-06
1.126492877011273955e-05
1.325870706535137839e-05
5.479560813473127610e+02
1.011423642006091189e-05
1.337130850325644878e-05
2.024594785495171324e-05
2.989944935984610924e-05
8.079699672582446525e-05
2.962753784241335779e+03
8.259964627791828651e-06
8.432600695168623121e-06
2.409615736546023962e-05
3.473854536551946633e-05
6.258508454853865973e-05
2.510157674679051070e+03
2.044820210650314346e-06
3.498941299631756205e-06
3.561162550908967770e-06
5.599963611539420216e-06
2.212716884270255193e-05
1.093377958386809269e+03
2.330035734797157485e-06
3.010153043525437849e-06
1.564627113713466493e-05
2.930935142112323988e-05
3.007023723462816711e-05
6.784948294477396757e+02
1.295621317626788145e-06
3.691596957106601871e-06
4.418268974909758292e-06
3.611414345436929433e-05
3.930609239164352956e-05
1.141424533797824523e+02
3.907357664217777901e-06
8.480633010737812977e-06
9.839601214802529995e-06
1.277512686682583736e-05
1.607638609245205628e-05
4.723652801593843833e+02
7.141513034479362835e-06
8.037249095731195051e-06
9.174390144112028178e-06
9.280406366176315543e-06
1.123318896855841418e-05
5.444663729324665837e+02
1.793261585210276411e-05
2.462389717329842968e-05
5.192599819224826105e-05
7.034672134095454527e-05
7.739473523582375938e-05
2.954199712860684031e+03
2.391857741496470829e-06
2.517480546942881485e-06
8.497716163566091017e-06
8.521302321008173339e-06
1.277512688773861834e-05
5.156898263645263114e+02
8.244845158866226865e-07
2.013824190190015293e-06
3.127672578789105617e-06
3.911567781575383416e-06
7.011499528877397066e-06
2.880964393988567736e+02
9.100997299549430704e-06
1.214363979601549734e-05
1.501612424173467429e-05
3.186562948031931077e-05
3.302196377378716438e-05
2.525722274003674102e+02
1.166280750938074426e-05
1.171064686252644379e-05
1.495866661042513032e-05
1.963022949081251269e-05
2.127908860568796288e-05
6.499204978008401667e+02
1.091529122956235171e-05
1.207440282536495806e-05
1.329405399813392153e-05
1.540278607496788362e-05
1.571494151466391344e-05
6.398291763583187048e+02
2.555031683513539923e-06
8.437047738437462892e-06
8.658816309480927287e-06
1.068617079942897975e-05
1.465046595048535761e-05
6.392074245331933753e+02
5.685547915206016505e-06
1.636638919344021042e-05
6.258508454853865973e-05
7.152989346447207028e-05
1.052550498880519900e-04
1.998857708877280174e+03
3.379274552047330930e-06
6.254172861736717812e-06
6.321213269042100392e-06
1.041410476692354425e-05
1.597319985950161316e-05
9.165921091657785382e+02
7.029700331054373843e-06
9.040923521738398645e-06
1.106358438356901052e-05
4.260138124699016884e-05
4.618614007856372642e-05
1.004202695961999666e+03
1.991787280282669456e-06
3.878306178538924670e-06
9.019435585097020222e-06
9.425674647073343165e-06
2.863354851703103622e-05
8.862060903359414397e+02
3.334760365317795259e-06
5.049812281039200151e-06
7.197320534371675359e-06
7.376954313835533231e-06
1.112876118325047651e-05
8.732011631345239948e+02
1.110693064059728495e-04
1.115665669387938395e-04
1.925955374636382329e-04
2.228272275450595493e-04
2.629841110006987193e-04
3.834351199956091021e-04
3.447515639767619177e+03
4.825500861841018377e+03
1.448462369590317030e+04
1.169300421185904962e-05
1.329483611199915539e-05
2.188260396182180640e-05
2.959349623373068436e-05
4.119406176681479956e-05
5.575849730161760065e-05
1.193128110394710347e+03
1.509876482674139197e+03
3.608119601417579815e+03
1.315751842060078959e-05
1.751979863172522132e-05
1.837280650365582041e-05
4.563654095869191217e-05
5.979242442884151834e-05
1.237561663075147013e-04
3.386956169634980256e+02
1.076184886976306643e+03
3.906655172976651556e+03
1.716879708210411904e-05
2.420133851989918935e-05
3.122462422802511645e-05
3.292642388906416541e-05
3.904893481895559853e-05
4.506490294375185997e-05
3.841841006911279237e+02
1.204890981991955414e+03
3.631580473683104174e+03
1.076280835201629132e-05
1.850817696679206705e-05
2.337107090469677361e-05
2.535614910472221717e-05
4.555346392759594047e-05
5.251530923614726280e-05
9.420938973734881756e+02
1.043683801104013583e+03
3.649781862983189512e+03
3.339082051131155406e-05
3.683018642728049853e-05
7.733307673943759877e-05
9.659414988925028032e-05
1.387224182702104637e-04
1.509394515152612682e-04
5.107690862125979265e+02
5.496248749484707332e+02
1.393185597567543937e+03
3.439381028647935636e+03
3.544580771465731686e+03
5.762221460346054300e+03
1.079453764618871569e-05
2.030171598906864634e-05
2.688906611255208133e-05
3.082649050106589717e-05
4.006728572876170366e-05
4.479426086901721607e-05
1.159736796289226504e+03
1.584682767545624301e+03
1.618844362775051422e+03
2.648833251521994043e+03
3.413157297614116487e+03
3.464106080002992258e+03
1.453094407199473131e-05
1.521504636525039857e-05
1.666544048436614908e-05
3.207242188587880542e-05
3.401477566669761679e-05
4.856261928996041832e-05
6.030332349343702845e+02
1.142174055657535973e+03
1.304458202532276573e+03
1.477128304078042447e+03
3.400418317995447978e+03
3.442396733476924510e+03
7.377966354615983587e-06
1.152010088131733089e-05
1.847541319986242638e-05
3.034359320880678388e-05
3.623649187195851783e-05
3.800610662342128899e-05
9.513134573466829806e+02
1.029421865129687149e+03
1.128150514509549339e+03
1.447382231181612497e+03
3.395642375436285874e+03
3.440863901950693162e+03
1.557740198866418155e-05
4.383914364710097368e-05
5.119308547690226517e-05
7.521478052019223571e-05
1.251701690970773195e-04
5.439927310564010440e+03
1.604591405446995794e-05
2.787361849782932986e-05
3.357021062641566051e-05
3.760029126089712041e-05
4.396312703797184985e-05
6.553361953395831279e+02
7.074320084314337931e-06
1.627817126985585408e-05
1.638906715744995883e-05
2.166127200867981988e-05
3.057204206655946910e-05
6.617901832365411110e+02
1.254440444055459453e-05
1.467267335930035509e-05
1.471531892246619358e-05
2.451847606199018771e-05
2.632728878480391165e-05
7.609409476650018860e+02
5.532022212708687305e-06
8.594348092645785113e-06
8.648560483587068787e-06
1.029834795774631093e-05
1.115285664274308213e-05
5.196577390594667349e+02
6.259875284511857464e-06
1.607626273359284339e-05
3.166747485586467197e-05
3.308048985146603925e-05
8.079699672582446525e-05
3.298440254685863238e+03
2.064149974413314044e-06
4.608884450834681682e-06
5.808073422775309446e-06
1.543092199137884626e-05
2.555025377547723669e-05
1.433552751628759779e+03
4.484414044110300118e-06
4.516689426419286249e-06
1.791490674357540451e-05
1.812866063090352102e-05
2.112758513782168266e-05
3.891133240846609738e+02
5.465251976928049392e-06
6.018816878862183299e-06
1.045169799848639423e-05
1.316829922212211814e-05
1.319635679940862740e-05
5.609706559902724621e+02
5.569552233948208333e-06
5.895614097743515921e-06
6.275288463875406064e-06
7.823135553461853410e-06
1.310460463798449671e-05
5.291269709492759148e+02
1.827129015675334534e-05
1.830101978315057458e-05
4.431347976274073225e-05
6.509925963309961432e-05
8.111985786853645550e-05
3.133829083283160344e+03
4.363455654629987626e-06
7.015136004090000347e-06
8.909812422785416566e-06
1.538634638783341625e-05
2.856605214216887911e-05
1.030088161066028078e+03
1.782501179269341464e-06
3.283802775355690963e-06
3.310352935423508584e-06
4.059434338261114305e-06
7.036902584266866594e-06
1.006545881005341556e+02
1.840507885577636989e-06
3.615921103805439791e-06
7.354972813692470871e-06
1.901020094215689839e-05
6.258508454853865973e-05
2.529563975943797686e+03
0.000000000000000000e+00
2.194797213611447767e-06
1.001866137145420453e-05
2.492982955405030106e-05
3.286593476234920836e-05
5.322130985029764361e+02
8.753347496414903880e-06
1.128350453686932684e-05
1.433930640406535793e-05
2.160205839990980380e-05
2.542183458100108869e-05
6.378041123321391979e+02
4.504634849699577777e-06
6.907089933761198142e-06
1.177356646432736185e-05
1.227079616392200389e-05
1.502841245051367638e-05
6.084697726494348444e+02
6.815644017227265210e-06
2.130060995177569501e-05
2.200799211074903420e-05
3.020400406576007890e-05
1.142642085686755164e-04
3.435742034589584819e+03
2.539130575518278729e-06
6.267186871188425256e-06
9.033378805991501055e-06
1.509426358416294255e-05
2.309891311420529195e-05
1.018395038916999965e+03
3.232632105979437824e-06
3.859365761479757394e-06
9.581345161115987491e-06
2.299821547016599039e-05
2.529679921857738944e-05
8.826737476580790371e+02
1.351567863153044350e-06
2.983942095665083335e-06
6.786530357091671895e-06
6.938852502132324793e-06
1.387523854417210672e-05
7.734626128063869146e+02
1.462133852055001244e-05
7.547441156782387802e-05
1.142456351037103194e-04
1.493422690538761643e-04
2.937309560416140070e-04
3.968796993148170928e-04
2.734966128539234887e+03
4.346565325116041095e+03
1.473721258630508601e+04
1.432682078578319133e-05
6.551882284669226426e-05
7.451819334120084453e-05
1.584744454371309747e-04
2.050284126513810044e-04
2.245553905263127114e-04
8.192489877345384457e+02
3.741272541135914253e+03
5.486695241353088022e+03
1.663383330952903085e-05
1.885979932523854335e-05
3.555082468012154493e-05
3.603200835780107428e-05
3.751081813976209239e-05
5.351803601726228416e-05
9.802599732943326671e+02
1.106709099388456025e+03
3.619475888600612961e+03
1.806675770567714499e-05
3.038409212133756537e-05
3.467731650632760308e-05
3.672507258885044924e-05
3.963747059435127496e-05
4.000341001896813521e-05
1.014939506036470789e+03
1.044478894788112939e+03
3.620181774706587021e+03
5.004597496563703194e-05
9.456717041478157452e-05
1.153594295857494781e-04
1.471395359551680654e-04
1.644317409016733038e-04
1.808635903173493303e-04
1.361333458487313919e+03
2.448558493977507624e+03
3.123553231158100971e+03
3.824972130373027085e+03
4.318007261415528774e+03
9.985971820599865168e+03
3.026579034912750939e-05
4.807272892172284340e-05
5.049101636915954912e-05
5.852791204548215778e-05
7.355499966717779330e-05
8.326502749419365868e-05
8.336257064404114772e+02
1.493179211846012095e+03
1.497943262093933981e+03
3.407053873690298133e+03
3.486222773907056308e+03
5.616006584371804820e+03
2.235506302561765862e-05
2.937013847627381149e-05
4.597024809301972209e-05
5.025188539257260983e-05
7.468361561918456610e-05
8.607273756139356398e-05
9.823704846203868328e+02
1.437702272356973026e+03
1.695892992431110088e+03
3.077311210368623506e+03
3.242670967358052167e+03
3.481980753891763925e+03
1.512896026043655375e-05
2.684988200813589643e-05
2.755861421177023318e-05
4.105823523801108290e-05
5.865675344252401695e-05
7.185337841702965004e-05
9.307818583723460506e+02
1.502772441684029900e+03
1.712447397782176722e+03
2.575221483061585332e+03
3.157674938647685849e+03
3.528330204737254917e+03
2.054338017710243179e-05
2.940029398320444522e-05
3.051555107347573306e-05
3.844009731700793851e-05
5.034067585642590121e-05
5.432555138553786056e-05
9.242271791809115484e+02
1.536845669081261121e+03
1.645836510673986368e+03
2.003162981717879802e+03
3.262618965738221505e+03
3.513639223181888610e+03
1.546161780842062949e-05
2.658286653980999718e-05
2.926071819501555840e-05
2.949332613192903949e-05
3.582522360671824152e-05
3.958262520231840478e-05
8.089398565596998196e+02
1.204570621628112576e+03
1.457500511918192615e+03
1.535630483211316005e+03
3.394479303340891875e+03
3.441389124131179869e+03
1.441019147598260587e-05
2.430969308151320217e-05
2.590745551496452818e-05
3.177899837821262136e-05
3.460590123744493400e-05
3.603432457284418827e-05
9.794901640261787179e+02
9.928364497955684556e+02
1.040926062033350718e+03
1.436253032539724700e+03
3.397081535139216157e+03
3.444231983716996183e+03
