1.865332121816082729e-05
3.143219875602549281e-05
4.206740680593504370e-05
5.052889170748085264e-05
9.810143763023215747e-05
4.915677241059799599e+03
7.414380227725748059e-06
1.170451193484139997e-05
1.587393069188842005e-05
1.888640595605451688e-05
8.383606311439920663e-05
1.055763146866217312e+03
3.215134838050029887e-06
8.017407099423693625e-06
1.281033970407264579e-05
3.660461300103327929e-05
7.044208843157685426e-05
1.136536875013677843e+02
9.697265335424812041e-06
2.565132207001168075e-05
2.694130364134147610e-05
3.640610052014657191e-05
4.237030228067973091e-05
9.180169467602363511e+02
1.080240421012212980e-06
1.976134333570673991e-06
2.245901493076117534e-06
2.767423911943420625e-06
4.425433768540510386e-05
2.421329668409468468e+03
4.061761439509567611e-06
4.609904256556869833e-06
7.475446098080033357e-06
1.071825162997409140e-05
3.199247304882012817e-05
1.839768855820222768e+02
6.090436796074742424e-06
6.516614833025611226e-06
8.410130666426020538e-06
1.049835537870902826e-05
1.913708285612282801e-05
7.053460198924734641e+02
3.361454940810577861e-06
6.215486518056976142e-06
6.435001713289969849e-06
7.693277240002279491e-06
9.033378822333124747e-06
6.259420829240460762e+02
2.036969832764480250e-06
2.050568094554777350e-06
2.176881623351193207e-06
6.387563446039210225e-06
8.789412830719946907e-06
5.412537927178965447e+02
4.908175605742663446e-06
9.183080969846240237e-06
9.789143402684089755e-06
1.789999137665597851e-05
5.713210428433775821e-05
2.314670073507141751e+03
1.380011454529577665e-06
5.005251319006245468e-06
6.810573740155417515e-06
1.192413674992765535e-05
1.907823831479613940e-05
8.352665996403146664e+02
1.352907091818344780e-06
1.404291053730213014e-06
3.893438601790937782e-06
8.081760830706229669e-06
1.457561779729959208e-05
5.718509314431023540e+02
7.565909828227609111e-06
9.623795503434546083e-06
1.030443908346006634e-05
1.064190539722267280e-05
4.039849836291223263e-05
1.387908924543795820e+03
3.456540776668528870e-07
4.950363755654507641e-07
8.679489329989424071e-07
5.592813563685982568e-06
1.277512688773861834e-05
7.107981593269545328e+02
9.578976111558251415e-07
3.939223069233001030e-06
6.404481219936397465e-06
6.774507626461574963e-06
1.106358442135127596e-05
5.104234756208439308e+02
1.272172352288613716e-06
1.664144681359690699e-06
2.219010988941798887e-06
3.183639569697189606e-06
4.790672570232912840e-06
2.993402369470875897e+02
1.365845743332793456e-06
1.772405252251634810e-06
2.258344698968247789e-06
2.345003239097518895e-06
2.694741772841658229e-06
2.884872443516725298e+02
1.479830218759238757e-06
7.286663684847983343e-06
9.461650653051253127e-06
1.931283836661592724e-05
2.646485961804013700e-05
2.847279763774289449e+02
1.741369274931588748e-06
4.645809575254843582e-06
6.661958494460130653e-06
7.803382376217140418e-06
1.382984520848149568e-05
6.819810994845631740e+02
2.202916218689815454e-06
2.233496416283909355e-06
1.277512687002690023e-05
2.177313046923111490e-05
2.791977576914685645e-05
9.758576063382265602e+02
1.519615763750452696e-06
5.152857738634798724e-06
5.751083091749080841e-06
6.578616619192434278e-06
2.313822323694869959e-05
1.004557749958727300e+03
2.581424255661459007e-06
6.455972693360610348e-06
1.009962457269431505e-05
1.321510343362691616e-05
2.354088106272276762e-05
9.708899785813820245e+02
1.578538484622406644e-06
8.731830682071554912e-06
1.137102877332727419e-05
1.654695832518781817e-05
1.870880004449735750e-05
9.274671928359671256e+02
1.980985160278081471e-06
6.387563434144275724e-06
9.136570142106085172e-06
1.112697126664565266e-05
1.159946472796024326e-05
7.702356088516652335e+02
1.445340616454171600e-04
1.918363791610634380e-04
2.112916186827154986e-04
2.639728520075739350e-04
2.825544043985936784e-04
4.087343420342929852e-04
3.809188479270590960e+03
1.008752667937766819e+04
2.267457282060677971e+04
0.000000000000000000e+00
2.708945604831956882e-05
3.570007440791127002e-05
4.347455079086145796e-05
5.087078326206479178e-05
8.598024635829276121e-05
1.249640261767691072e+03
3.658232288097961828e+03
7.613376128625694037e+03
1.117831658806812751e-05
1.318525164474845708e-05
1.324599043010731581e-05
2.421369659489862580e-05
2.807284467468252901e-05
3.542701340367375819e-05
1.561266727987304193e+03
3.627929730204883072e+03
3.629814585410388645e+03
1.337948982084248469e-05
2.293181854448161352e-05
3.433384760448808000e-05
3.674199204801299843e-05
3.882516788690519225e-05
5.071959473986406021e-05
1.028948146897875176e+03
1.124249974188443730e+03
3.618420300109592972e+03
1.302054993960537539e-05
1.910986501561104663e-05
2.288167319932234739e-05
2.893603253318068714e-05
3.898509951421146030e-05
4.643809972907900392e-05
1.236844141017520315e+03
1.564479833241280630e+03
1.651774458803831749e+03
2.359314784735587637e+03
3.426295112253943898e+03
3.460564579193723148e+03
9.949165903492675919e-06
1.309059043328798188e-05
1.942682223100119764e-05
3.104879790484720654e-05
3.646525862752575127e-05
5.873964264699862634e-05
2.491230857622057613e+02
1.205730328029376551e+03
1.419852722695341527e+03
1.493422733562507801e+03
3.406813684387633657e+03
3.447731422321091031e+03
1.298139922239082424e-05
1.530988331410633311e-05
1.721643107856892101e-05
2.081602737538918891e-05
2.863778724410097687e-05
3.383475781294554191e-05
7.337633331943793564e+02
1.141881176024923434e+03
1.320794810274111796e+03
1.473321838244931541e+03
3.403425260364464066e+03
3.446157145019354630e+03
1.513639146155377053e-05
1.842427156970114299e-05
2.090697627014909601e-05
2.781838226316258803e-05
2.976399667795879861e-05
5.882339230733931302e-05
8.767932712112580020e+02
8.892758226045108358e+02
1.009113122075793626e+03
1.424382655384253439e+03
3.398578137322836938e+03
3.446816944336666438e+03
1.865332121816082729e-05
3.143219875602549281e-05
4.206740680593504370e-05
5.052889170748085264e-05
9.810143763023215747e-05
4.915677241059799599e+03
9.697265335424812041e-06
2.565132207001168075e-05
2.694130364134147610e-05
3.640610052014657191e-05
4.237030228067973091e-05
9.180169467602363511e+02
4.622442918910304649e-06
5.504134995737801644e-06
9.263791795646503956e-06
1.806675770567714499e-05
3.491508409613534273e-05
9.534650148580029736e+02
7.466119353603342181e-06
1.070206642474914448e-05
1.094491259595738617e-05
1.539239237823868318e-05
1.628515527919273349e-05
7.993134623526461837e+02
2.036969832764480250e-06
2.050568094554777350e-06
2.176881623351193207e-06
6.387563446039210225e-06
8.789412830719946907e-06
5.412537927178965447e+02
4.908175605742663446e-06
9.183080969846240237e-06
9.789143402684089755e-06
1.789999137665597851e-05
5.713210428433775821e-05
2.314670073507141751e+03
1.242310436774779665e-06
1.313068341858158945e-06
2.353167121814733708e-06
1.797264838260916243e-05
4.039849836291223263e-05
1.680966599291772582e+03
2.358352296121425464e-06
5.876271184939981727e-06
6.841615255144562082e-06
1.393170770013673434e-05
1.754258567480823449e-05
1.293556358005058655e+02
3.670299051092983342e-06
4.551446766576813956e-06
5.385140830559042167e-06
1.068204735956053159e-05
1.129172353648580184e-05
4.166493061455557836e+02
9.578976111558251415e-07
3.939223069233001030e-06
6.404481219936397465e-06
6.774507626461574963e-06
1.106358442135127596e-05
5.104234756208439308e+02
6.164408522948086525e-07
2.192950909824677334e-06
2.848344431139069502e-06
5.175269651718169958e-06
1.142048493674540314e-05
1.526569885248195249e+02
1.975833081635543045e-06
3.192570349211685870e-06
3.997464492521935560e-06
6.945530981710244196e-06
7.202378105388110019e-06
1.544993685656101547e+02
2.642746978443309589e-06
2.851801359118362597e-06
4.603495920438590773e-06
4.670366243760604082e-06
7.665889329467287210e-06
2.853490715393438677e+02
9.200210826760381807e-07
1.596890858592862914e-06
1.714589857907982275e-06
2.195722386834707026e-06
2.574061610632927078e-06
2.712702253821585714e+02
1.475460431943243684e-05
1.809216407352948091e-05
2.331156769445016545e-05
2.441777322736891651e-05
8.850867537081020771e-05
3.441710856562002846e+03
2.051734719827306008e-06
1.641802746534603517e-05
2.178602593911465400e-05
2.224626413768277522e-05
2.712455758265555687e-05
5.565377655679067175e+02
8.243563029683922966e-06
9.929871741565173714e-06
1.567576053316893119e-05
1.585629057371273727e-05
1.782301255383992081e-05
6.473901337495656207e+02
4.299624069439025064e-06
1.307697239125634162e-05
1.806675767050206559e-05
2.727173794917759194e-05
2.777014436937744868e-05
6.840763237572489288e+02
7.663201063955101542e-06
7.823135525093125891e-06
7.861415454555401377e-06
9.106273927972856653e-06
1.264448847090757009e-05
6.674716684571607175e+02
3.212803689778320904e-06
4.069570771787228956e-06
6.266619191269338807e-06
6.416432412288908047e-06
1.119408206960845359e-05
5.901393984782725965e+02
1.313670286284793668e-06
2.059424495755748366e-06
4.513937327190880229e-06
3.658112949899137197e-05
5.813937134275878210e-05
3.144793407034663346e+02
1.817632935967911865e-06
5.770015323965330862e-06
9.554490287055512616e-06
1.965957320909439621e-05
2.416753004042135482e-05
1.019908736288231694e+03
1.519615763750452696e-06
5.152857738634798724e-06
5.751083091749080841e-06
6.578616619192434278e-06
2.313822323694869959e-05
1.004557749958727300e+03
1.980985160278081471e-06
6.387563434144275724e-06
9.136570142106085172e-06
1.112697126664565266e-05
1.159946472796024326e-05
7.702356088516652335e+02
0.000000000000000000e+00
5.173372684324131624e-05
6.029117014207864447e-05
6.138239289324420032e-05
1.809231581883676671e-04
1.877710536564745425e-04
3.749658067103704070e+03
5.900445672249410563e+03
1.576427989970664203e+04
0.000000000000000000e+00
2.708945604831956882e-05
3.570007440791127002e-05
4.347455079086145796e-05
5.087078326206479178e-05
8.598024635829276121e-05
1.249640261767691072e+03
3.658232288097961828e+03
7.613376128625694037e+03
1.117831658806812751e-05
1.318525164474845708e-05
1.324599043010731581e-05
2.421369659489862580e-05
2.807284467468252901e-05
3.542701340367375819e-05
1.561266727987304193e+03
3.627929730204883072e+03
3.629814585410388645e+03
1.121838792759203025e-05
1.269093085936659346e-05
1.761438281938532366e-05
1.893745234272452792e-05
2.286429349033668171e-05
6.150599791233128850e-05
4.352068203795196268e+02
1.402384574953362517e+03
3.617907835482465089e+03
2.098614007344578127e-05
2.239269964765644886e-05
2.503933743833747040e-05
2.555025377547723669e-05
2.842716656506737985e-05
3.067648856273917001e-05
9.612216082238354602e+02
1.103655622641718082e+03
3.618949084709545332e+03
6.396571942920292781e-06
1.034785372478080674e-05
3.232553496233931241e-05
3.637365357814695803e-05
4.312619635493887316e-05
5.534695293036325496e-05
6.764938931383329646e+02
1.282843117073424537e+03
1.516942613419723102e+03
1.518629412054022396e+03
3.411287838375141746e+03
3.450289409059196714e+03
5.036704750585005067e-06
1.682962070680825252e-05
2.499138303204767397e-05
2.571874229216603754e-05
3.887026387417818986e-05
5.594344439947946491e-05
9.840752082202977817e+02
1.013688730456491498e+03
1.040393133822283062e+03
1.434908933921640937e+03
3.398879271977487861e+03
3.445542976582576102e+03
2.139290910543102211e-05
2.183311979393494346e-05
2.798055922541582206e-05
3.492327485021670734e-05
4.154011902003032096e-05
5.145957250034672025e-05
9.363864607956068085e+02
9.562001507786185357e+02
1.019552553116733748e+03
1.428347995349452731e+03
3.398542013855013010e+03
3.446063669466124793e+03
9.721172450554051029e-05
1.024834436418954516e-04
1.162561973180095942e-04
1.184438398725993824e-04
2.890681232908343199e-04
1.008203016998897874e+04
5.052069883615724767e-06
7.383444205753859805e-06
1.380378124723271312e-05
2.262372234019360045e-05
7.226703082270857998e-05
3.485746385294600714e+03
9.697265335424812041e-06
2.565132207001168075e-05
2.694130364134147610e-05
3.640610052014657191e-05
4.237030228067973091e-05
9.180169467602363511e+02
1.133552355174599602e-05
1.735676119123796536e-05
3.928826664722935558e-05
5.135869080562269846e-05
1.022010151019089468e-04
4.872019757162512178e+03
6.747209022108354438e-06
1.197313328209874033e-05
2.149450492956716667e-05
3.431700628607183896e-05
8.850867537081020771e-05
3.472476461755447417e+03
8.441585248902692807e-06
1.231133498234765136e-05
1.350835109439163920e-05
1.496571981071140878e-05
2.019505446503393244e-05
7.827076367237883687e+02
1.123084560991136326e-05
1.264894970067171111e-05
1.283618759678088679e-05
1.435547261622511235e-05
2.325023771511130043e-05
8.186520086318097356e+02
2.036969832764480250e-06
2.050568094554777350e-06
2.176881623351193207e-06
6.387563446039210225e-06
8.789412830719946907e-06
5.412537927178965447e+02
2.081761529075609776e-06
2.150044656316586984e-06
5.436316679991584190e-06
6.270047551859368622e-06
1.195003691154553549e-05
5.071243012269640076e+02
1.242310436774779665e-06
1.313068341858158945e-06
2.353167121814733708e-06
1.797264838260916243e-05
4.039849836291223263e-05
1.680966599291772582e+03
3.670299051092983342e-06
4.551446766576813956e-06
5.385140830559042167e-06
1.068204735956053159e-05
1.129172353648580184e-05
4.166493061455557836e+02
1.352907091818344780e-06
1.404291053730213014e-06
3.893438601790937782e-06
8.081760830706229669e-06
1.457561779729959208e-05
5.718509314431023540e+02
2.570700640268846990e-06
3.432374332603328453e-06
4.178864162453325405e-06
6.108543367802736852e-06
1.187660030413799032e-05
5.344528760952167659e+02
8.029281372284125467e-06
1.734940125014579676e-05
2.664454311054647635e-05
5.160804012865567915e-05
1.251701690970773195e-04
4.114654777517410366e+03
8.542864395280636093e-06
1.263506398860278737e-05
1.504011915606668842e-05
2.424393945874096226e-05
4.425433768540510386e-05
1.961554170478872038e+03
1.975833081635543045e-06
3.192570349211685870e-06
3.997464492521935560e-06
6.945530981710244196e-06
7.202378105388110019e-06
1.544993685656101547e+02
2.583397965276380751e-06
2.652814259730363463e-06
3.248519193006305696e-06
3.321180864723845242e-06
4.516689424863163058e-06
2.443494650416660932e+02
2.879013477167907298e-06
6.061043783595826031e-06
8.946296069328864181e-06
3.075541602605424296e-05
5.110050755095447338e-05
2.447978387919404213e+03
2.051734719827306008e-06
1.641802746534603517e-05
2.178602593911465400e-05
2.224626413768277522e-05
2.712455758265555687e-05
5.565377655679067175e+02
8.243563029683922966e-06
9.929871741565173714e-06
1.567576053316893119e-05
1.585629057371273727e-05
1.782301255383992081e-05
6.473901337495656207e+02
3.015121768867326503e-06
3.984431382299509197e-06
5.470361139984570689e-06
5.612068457724237999e-06
8.620108227840222109e-06
5.606914545511612005e+02
2.663861950965112158e-06
9.481697254119138347e-06
9.587368255603628326e-06
4.245121438210651280e-05
8.079699672582446525e-05
2.690813452874175255e+03
1.841158708369836795e-06
2.098583323377343473e-05
2.550941705290866613e-05
4.425433768540510386e-05
6.433684013988237495e-05
1.463547118052789529e+03
3.526861097147806693e-06
5.766328897685944501e-06
1.436754748239600331e-05
3.399510093659391749e-05
3.657166182316108632e-05
6.691558918308741113e+02
1.980985160278081471e-06
6.387563434144275724e-06
9.136570142106085172e-06
1.112697126664565266e-05
1.159946472796024326e-05
7.702356088516652335e+02
1.445340616454171600e-04
1.918363791610634380e-04
2.112916186827154986e-04
2.639728520075739350e-04
2.825544043985936784e-04
4.087343420342929852e-04
3.809188479270590960e+03
1.008752667937766819e+04
2.267457282060677971e+04
3.651043690484227550e-05
5.646905314720750515e-05
7.061806998089127413e-05
8.079699672582446525e-05
1.115354955250810189e-04
1.115755347743342869e-04
3.234960010746190619e+03
3.696275846909243228e+03
1.097406570337556695e+04
8.119296047793791082e-06
8.345033901262938282e-06
1.048757084816427219e-05
1.339045095112881551e-05
3.495269844755170721e-05
3.842003454723777976e-05
1.025957462880639241e+03
1.508895236387267914e+03
3.618625660269658056e+03
1.121838792759203025e-05
1.269093085936659346e-05
1.761438281938532366e-05
1.893745234272452792e-05
2.286429349033668171e-05
6.150599791233128850e-05
4.352068203795196268e+02
1.402384574953362517e+03
3.617907835482465089e+03
7.693863565844368869e-05
1.100946670545852811e-04
1.457991496305078042e-04
1.462350460600898904e-04
1.628572862525197646e-04
1.641274210511434368e-04
1.605141917258322565e+03
3.554365757519341514e+03
3.578664509481655841e+03
4.629091806360504961e+03
5.794714511577230951e+03
1.424591349370194075e+04
1.302054993960537539e-05
1.910986501561104663e-05
2.288167319932234739e-05
2.893603253318068714e-05
3.898509951421146030e-05
4.643809972907900392e-05
1.236844141017520315e+03
1.564479833241280630e+03
1.651774458803831749e+03
2.359314784735587637e+03
3.426295112253943898e+03
3.460564579193723148e+03
5.036704750585005067e-06
1.682962070680825252e-05
2.499138303204767397e-05
2.571874229216603754e-05
3.887026387417818986e-05
5.594344439947946491e-05
9.840752082202977817e+02
1.013688730456491498e+03
1.040393133822283062e+03
1.434908933921640937e+03
3.398879271977487861e+03
3.445542976582576102e+03
1.133552355174599602e-05
1.735676119123796536e-05
3.928826664722935558e-05
5.135869080562269846e-05
1.022010151019089468e-04
4.872019757162512178e+03
3.270309209999457058e-06
8.142932429717668360e-06
1.068538778869917103e-05
1.092353880006962932e-05
1.564627107801220906e-05
7.570148383420026903e+02
3.040187789859916518e-06
4.839442942783246192e-06
4.967469526652639811e-06
5.362012990491753848e-06
1.332763975603177040e-05
5.803218846690277815e+02
2.036969832764480250e-06
2.050568094554777350e-06
2.176881623351193207e-06
6.387563446039210225e-06
8.789412830719946907e-06
5.412537927178965447e+02
1.604502819005822133e-05
1.968542629797690810e-05
2.047144088134808285e-05
2.186182213945597012e-05
1.142642085686755164e-04
4.512802221439023015e+03
1.050496919098907238e-05
1.288460406121519261e-05
1.498097670113868162e-05
3.103391147097595790e-05
7.226703082270857998e-05
3.211846482786756042e+03
2.430660916728985323e-06
5.140983737956458776e-06
1.422667303082867720e-05
1.618477159498187690e-05
2.797645631538521848e-05
1.210938890163135056e+03
1.380011454529577665e-06
5.005251319006245468e-06
6.810573740155417515e-06
1.192413674992765535e-05
1.907823831479613940e-05
8.352665996403146664e+02
2.358352296121425464e-06
5.876271184939981727e-06
6.841615255144562082e-06
1.393170770013673434e-05
1.754258567480823449e-05
1.293556358005058655e+02
3.179200067470405588e-06
3.556990438572064702e-06
6.780801423842066076e-06
1.274047745711828232e-05
1.299585502259573781e-05
5.135180892917516076e+02
3.799864701055954566e-06
4.382725384307010641e-06
5.634149469543965157e-06
6.358119568872517622e-06
6.387563425599321802e-06
5.573991343879557689e+02
8.029281372284125467e-06
1.734940125014579676e-05
2.664454311054647635e-05
5.160804012865567915e-05
1.251701690970773195e-04
4.114654777517410366e+03
9.578976111558251415e-07
3.939223069233001030e-06
6.404481219936397465e-06
6.774507626461574963e-06
1.106358442135127596e-05
5.104234756208439308e+02
2.642746978443309589e-06
2.851801359118362597e-06
4.603495920438590773e-06
4.670366243760604082e-06
7.665889329467287210e-06
2.853490715393438677e+02
2.051734719827306008e-06
1.641802746534603517e-05
2.178602593911465400e-05
2.224626413768277522e-05
2.712455758265555687e-05
5.565377655679067175e+02
1.003375673778592762e-05
1.010274472691212965e-05
1.185385316409758842e-05
1.657297979496827274e-05
2.027101968081885025e-05
6.853831281788156957e+02
1.741369274931588748e-06
4.645809575254843582e-06
6.661958494460130653e-06
7.803382376217140418e-06
1.382984520848149568e-05
6.819810994845631740e+02
7.663201063955101542e-06
7.823135525093125891e-06
7.861415454555401377e-06
9.106273927972856653e-06
1.264448847090757009e-05
6.674716684571607175e+02
1.841158708369836795e-06
2.098583323377343473e-05
2.550941705290866613e-05
4.425433768540510386e-05
6.433684013988237495e-05
1.463547118052789529e+03
3.526861097147806693e-06
5.766328897685944501e-06
1.436754748239600331e-05
3.399510093659391749e-05
3.657166182316108632e-05
6.691558918308741113e+02
1.519615763750452696e-06
5.152857738634798724e-06
5.751083091749080841e-06
6.578616619192434278e-06
2.313822323694869959e-05
1.004557749958727300e+03
2.693898408921088506e-06
2.755210922450507095e-06
7.105442895229756883e-06
9.958910693478489114e-06
1.341718351336303309e-05
8.767799308215015799e+02
2.869050366075123706e-06
3.006875124167183059e-06
4.516689397564766699e-06
8.278695066483977399e-06
1.074100980545934940e-05
7.238258005041457182e+02
0.000000000000000000e+00
5.173372684324131624e-05
6.029117014207864447e-05
6.138239289324420032e-05
1.809231581883676671e-04
1.877710536564745425e-04
3.749658067103704070e+03
5.900445672249410563e+03
1.576427989970664203e+04
8.119296047793791082e-06
8.345033901262938282e-06
1.048757084816427219e-05
1.339045095112881551e-05
3.495269844755170721e-05
3.842003454723777976e-05
1.025957462880639241e+03
1.508895236387267914e+03
3.618625660269658056e+03
1.121838792759203025e-05
1.269093085936659346e-05
1.761438281938532366e-05
1.893745234272452792e-05
2.286429349033668171e-05
6.150599791233128850e-05
4.352068203795196268e+02
1.402384574953362517e+03
3.617907835482465089e+03
6.708135274434080711e-06
8.298189330362869403e-06
1.216276792469830237e-05
2.114920731624463641e-05
2.157703343048444162e-05
5.627505455989818372e-05
6.479816377783148482e+02
1.305632539853414755e+03
3.617972805275845985e+03
1.789587279472042464e-06
1.137802415220542126e-05
1.958269427780751974e-05
3.443015359062776562e-05
4.216006880271468138e-05
4.738937898901253242e-05
8.869666961027936622e+02
1.096152233109847884e+03
3.619521898952079482e+03
1.289256704280029759e-05
2.949322320599813193e-05
3.452599694583462106e-05
4.202058761087774913e-05
4.582914539516613295e-05
8.317343356617676027e-05
1.096518853043672607e+03
1.344837338044552780e+03
1.624461145449175092e+03
3.475887123316086218e+03
3.508507910706345228e+03
7.078266043717752837e+03
1.302054993960537539e-05
1.910986501561104663e-05
2.288167319932234739e-05
2.893603253318068714e-05
3.898509951421146030e-05
4.643809972907900392e-05
1.236844141017520315e+03
1.564479833241280630e+03
1.651774458803831749e+03
2.359314784735587637e+03
3.426295112253943898e+03
3.460564579193723148e+03
1.298139922239082424e-05
1.530988331410633311e-05
1.721643107856892101e-05
2.081602737538918891e-05
2.863778724410097687e-05
3.383475781294554191e-05
7.337633331943793564e+02
1.141881176024923434e+03
1.320794810274111796e+03
1.473321838244931541e+03
3.403425260364464066e+03
3.446157145019354630e+03
1.765403480752758509e-05
2.318269604885784960e-05
2.646699705147854357e-05
3.092708059097289781e-05
3.149384178046967496e-05
3.942940928610835311e-05
9.802565122703449561e+02
1.033515382409733775e+03
1.129540460484300183e+03
1.444358733091534532e+03
3.399729713941745104e+03
3.445331499014679594e+03
1.865332121816082729e-05
3.143219875602549281e-05
4.206740680593504370e-05
5.052889170748085264e-05
9.810143763023215747e-05
4.915677241059799599e+03
9.697265335424812041e-06
2.565132207001168075e-05
2.694130364134147610e-05
3.640610052014657191e-05
4.237030228067973091e-05
9.180169467602363511e+02
8.441585248902692807e-06
1.231133498234765136e-05
1.350835109439163920e-05
1.496571981071140878e-05
2.019505446503393244e-05
7.827076367237883687e+02
7.466119353603342181e-06
1.070206642474914448e-05
1.094491259595738617e-05
1.539239237823868318e-05
1.628515527919273349e-05
7.993134623526461837e+02
2.081761529075609776e-06
2.150044656316586984e-06
5.436316679991584190e-06
6.270047551859368622e-06
1.195003691154553549e-05
5.071243012269640076e+02
1.604502819005822133e-05
1.968542629797690810e-05
2.047144088134808285e-05
2.186182213945597012e-05
1.142642085686755164e-04
4.512802221439023015e+03
1.242310436774779665e-06
1.313068341858158945e-06
2.353167121814733708e-06
1.797264838260916243e-05
4.039849836291223263e-05
1.680966599291772582e+03
2.343655855710493098e-06
2.743053881619350423e-06
1.434570965791004152e-05
1.871180117432117833e-05
2.059319828485323890e-05
4.982970942323397594e+02
1.352907091818344780e-06
1.404291053730213014e-06
3.893438601790937782e-06
8.081760830706229669e-06
1.457561779729959208e-05
5.718509314431023540e+02
2.570700640268846990e-06
3.432374332603328453e-06
4.178864162453325405e-06
6.108543367802736852e-06
1.187660030413799032e-05
5.344528760952167659e+02
8.029281372284125467e-06
1.734940125014579676e-05
2.664454311054647635e-05
5.160804012865567915e-05
1.251701690970773195e-04
4.114654777517410366e+03
1.882032646842540696e-06
2.062043618724936062e-06
4.640096515998599338e-06
4.661226287658721119e-06
2.555025377547723669e-05
9.926478869695761205e+02
6.164408522948086525e-07
2.192950909824677334e-06
2.848344431139069502e-06
5.175269651718169958e-06
1.142048493674540314e-05
1.526569885248195249e+02
2.879013477167907298e-06
6.061043783595826031e-06
8.946296069328864181e-06
3.075541602605424296e-05
5.110050755095447338e-05
2.447978387919404213e+03
1.479830218759238757e-06
7.286663684847983343e-06
9.461650653051253127e-06
1.931283836661592724e-05
2.646485961804013700e-05
2.847279763774289449e+02
4.299624069439025064e-06
1.307697239125634162e-05
1.806675767050206559e-05
2.727173794917759194e-05
2.777014436937744868e-05
6.840763237572489288e+02
3.641837181781760691e-06
6.273903264708091763e-06
7.128507240357521197e-06
7.783955113526261195e-06
8.289867680489774459e-06
6.194683726118156528e+02
4.250197989335230010e-06
1.583228765163594663e-05
1.981149099857335631e-05
4.773144106223498745e-05
1.142642085686755164e-04
4.370287295134618034e+03
3.560922936735446788e-06
4.863248328500102074e-06
1.059257563214836686e-05
1.533073279342085708e-05
2.742434790436993516e-05
1.024218899481973949e+03
2.693898408921088506e-06
2.755210922450507095e-06
7.105442895229756883e-06
9.958910693478489114e-06
1.341718351336303309e-05
8.767799308215015799e+02
1.980985160278081471e-06
6.387563434144275724e-06
9.136570142106085172e-06
1.112697126664565266e-05
1.159946472796024326e-05
7.702356088516652335e+02
0.000000000000000000e+00
5.173372684324131624e-05
6.029117014207864447e-05
6.138239289324420032e-05
1.809231581883676671e-04
1.877710536564745425e-04
3.749658067103704070e+03
5.900445672249410563e+03
1.576427989970664203e+04
0.000000000000000000e+00
2.708945604831956882e-05
3.570007440791127002e-05
4.347455079086145796e-05
5.087078326206479178e-05
8.598024635829276121e-05
1.249640261767691072e+03
3.658232288097961828e+03
7.613376128625694037e+03
1.337948982084248469e-05
2.293181854448161352e-05
3.433384760448808000e-05
3.674199204801299843e-05
3.882516788690519225e-05
5.071959473986406021e-05
1.028948146897875176e+03
1.124249974188443730e+03
3.618420300109592972e+03
1.293772450292590269e-05
1.294116290574361137e-05
2.459725672984924456e-05
2.907377761026806484e-05
3.416702160474505867e-05
5.291975542993740145e-05
1.040323261462856635e+03
1.086002130531920102e+03
3.618405598521464981e+03
7.693863565844368869e-05
1.100946670545852811e-04
1.457991496305078042e-04
1.462350460600898904e-04
1.628572862525197646e-04
1.641274210511434368e-04
1.605141917258322565e+03
3.554365757519341514e+03
3.578664509481655841e+03
4.629091806360504961e+03
5.794714511577230951e+03
1.424591349370194075e+04
1.289256704280029759e-05
2.949322320599813193e-05
3.452599694583462106e-05
4.202058761087774913e-05
4.582914539516613295e-05
8.317343356617676027e-05
1.096518853043672607e+03
1.344837338044552780e+03
1.624461145449175092e+03
3.475887123316086218e+03
3.508507910706345228e+03
7.078266043717752837e+03
8.680556862486098611e-06
9.669129734932186825e-06
1.784622549456433047e-05
2.337934545202801398e-05
4.113209706559494691e-05
4.362075373614606735e-05
1.179586945547058804e+03
1.596177504352500137e+03
1.596564895471815362e+03
3.420748676320172308e+03
3.469996648351475869e+03
3.470225725194706683e+03
1.302054993960537539e-05
1.910986501561104663e-05
2.288167319932234739e-05
2.893603253318068714e-05
3.898509951421146030e-05
4.643809972907900392e-05
1.236844141017520315e+03
1.564479833241280630e+03
1.651774458803831749e+03
2.359314784735587637e+03
3.426295112253943898e+03
3.460564579193723148e+03
7.656489229853605163e-06
2.674937417919906005e-05
2.867280757359679696e-05
2.937644571856073804e-05
3.844170568897675711e-05
6.437266900686431064e-05
1.155262380151501930e+03
1.502042251670377254e+03
1.603200003926526733e+03
1.613955792283898745e+03
3.417597948474624445e+03
3.454399475825815443e+03
9.949165903492675919e-06
1.309059043328798188e-05
1.942682223100119764e-05
3.104879790484720654e-05
3.646525862752575127e-05
5.873964264699862634e-05
2.491230857622057613e+02
1.205730328029376551e+03
1.419852722695341527e+03
1.493422733562507801e+03
3.406813684387633657e+03
3.447731422321091031e+03
5.036704750585005067e-06
1.682962070680825252e-05
2.499138303204767397e-05
2.571874229216603754e-05
3.887026387417818986e-05
5.594344439947946491e-05
9.840752082202977817e+02
1.013688730456491498e+03
1.040393133822283062e+03
1.434908933921640937e+03
3.398879271977487861e+03
3.445542976582576102e+03
