1.607171680864198438e+14
5.228807716482827344e+13
3.219265746766237500e+13
3.368786572234266797e+13
6.481633364036295312e+13
1.188420831720467383e+13
2.146248700844278906e+13
1.873408752526080078e+13
1.623715455404215234e+13
6.128954877967527344e+13
1.986988210617581250e+13
1.688511745716822461e+13
4.991545924033098438e+13
2.907166584199883594e+13
2.095749946189181641e+13
8.712272242356740234e+12
8.382609717043819336e+12
1.232690045581764844e+13
2.003185278869508594e+13
2.954197019654167969e+13
2.881441368173411719e+13
2.733940115702378516e+13
2.704180923349376172e+13
2.357805533618864453e+13
6.882221120078437500e+14
3.313035004050255000e+14
2.411517916663938750e+14
1.721674377867509688e+14
4.138720504587068750e+14
3.485921056608695625e+14
3.358716955617785625e+14
3.373076535334718750e+14
1.608007306216940625e+14
4.376310423072549219e+13
2.724361093436339062e+13
2.255148790063194531e+13
1.628377846720738086e+13
5.736497850320562500e+13
4.034364987375803906e+13
7.005133289785872070e+12
7.241864220887194336e+12
1.843495746341621094e+13
2.091948462262224365e+12
6.995338437804188477e+12
8.516247459355401367e+12
8.781239718133917969e+12
1.095813415883547656e+14
1.886015918758573438e+13
2.077862290888622070e+12
1.607469185174942969e+13
1.975062700586895703e+13
1.787391290205032812e+13
2.753712147094053906e+13
3.019230547047355859e+13
2.959621273208593750e+13
2.345753186092919922e+13
6.857950705972973750e+14
2.951499667146170625e+14
2.385933949522708750e+14
1.829922514184066875e+14
1.701832052589941875e+14
3.795608550398218750e+14
3.380039382479298750e+14
3.331005279450330000e+14
2.700502000750845312e+14
1.140105145255529844e+14
8.802270331979802734e+12
1.232687534258547656e+14
9.114314854503262500e+13
1.714865426171951367e+13
1.833626123871849219e+13
1.669232813991004688e+13
1.633653336604485742e+13
4.431487730234322656e+13
8.694293294273621094e+12
1.686066411788067578e+13
1.593126736819459766e+13
1.015042800921394375e+14
7.195480683196760938e+13
6.782746135543749023e+12
8.263258500473182617e+12
7.872382044419264062e+13
1.182348055227271875e+13
9.897775441499283203e+12
1.740035845561969727e+13
9.781036565592540625e+13
7.132805483690612500e+13
1.920236463702278125e+13
2.341977570268831641e+13
6.951444914375692500e+14
4.815105108937670000e+14
2.000670946537292812e+14
1.831837686028762812e+14
7.736295503485182500e+14
4.117100107692211250e+14
3.387025102978041250e+14
1.317602173966355000e+14
2.230550558627372266e+13
1.763691163947695703e+13
1.642717658198008203e+13
8.882040032736618750e+13
7.525202106967350000e+13
3.277837891866637891e+13
2.034059890130755859e+13
3.421879152862851074e+12
1.416104026519866797e+13
1.632255873920264453e+13
8.856396045348276562e+13
1.545986634495787109e+13
8.636843663055115234e+12
7.571865837562136719e+12
1.948396897915048438e+13
1.918144089867487500e+13
1.916280072876183984e+13
5.992376309160107031e+13
2.747851611005065234e+13
3.010499609746231641e+13
2.656757396953183203e+13
2.617769869152232031e+13
6.822513339885685000e+14
1.892011974253619062e+14
1.595343263994931562e+14
1.565100386093702500e+14
1.689484453713420000e+14
4.556737055595401875e+14
4.163891453073529375e+14
3.408495085028708750e+14
3.415439863611876875e+14
1.630835901667050000e+14
1.964632856834008984e+13
1.983981066056297266e+13
2.281225145144559766e+13
1.557882068511906641e+13
9.888394542813498438e+13
4.297647954382438281e+13
1.166523032651211328e+13
1.681734074393075391e+13
1.586269862132216211e+13
9.394906889612387500e+13
3.088101490647348047e+13
3.017524480446794922e+12
7.583380126503718750e+13
1.595521857882722656e+13
1.912073192389734375e+13
1.824131682773223047e+13
1.030001162886484688e+14
3.053046655150224219e+13
2.646167822872794531e+13
2.318763662673596094e+13
6.541041588808707500e+14
3.012055338116032500e+14
1.710735194333145000e+14
1.702687396428831875e+14
7.513456041124467500e+14
4.896779380289226250e+14
4.172455931831336250e+14
4.019353051618538750e+14
3.863193096483750000e+14
3.550266095982561875e+14
3.384874746216477500e+14
