1.528688225752451875e+14
1.120316283083296875e+14
1.970389355708881250e+13
2.187998775058138438e+14
1.624160211188810000e+14
6.462664397472173438e+13
2.082266623076459375e+14
8.174668991714557812e+13
2.020227227296683594e+13
2.173840162930644062e+14
5.478006263578710938e+13
2.038600415235317578e+13
8.861309544933468750e+13
6.203203474809433594e+13
5.176525638500244531e+13
1.071022127398356250e+14
1.568843352621698242e+13
2.306708878823263281e+13
2.282815173956623438e+13
1.898034180154308984e+13
1.050728289888503906e+14
5.246835270307432031e+13
2.166438380221528516e+13
2.169092594343303516e+13
1.648411219179455664e+13
6.892823520257110938e+13
7.048686189103600000e+13
1.146043818436745703e+13
2.135438518111955469e+13
1.667074751168241211e+13
1.062762147630726094e+14
2.257428393467917188e+13
2.243136916786054688e+13
2.093822122786351172e+13
1.747333983098866211e+13
5.235622197824271094e+13
2.032088673457700000e+13
1.718622226603308789e+13
1.874726276437512109e+13
1.911282997699944141e+13
9.992790435330703125e+13
1.614453022062314258e+13
1.024301165957983789e+13
1.480101830511178516e+13
1.647924711050052930e+13
9.822619676317954688e+13
5.067915168207679688e+13
4.887062761419499023e+12
1.687486676523839062e+13
1.602657385525292578e+13
6.901879800156080469e+13
6.901879841306311719e+13
2.575273897968722266e+13
1.634377195724103906e+13
1.469245838519265625e+13
9.589994026926220312e+13
1.585747129170775586e+13
1.549040286642674414e+13
1.597687652543564648e+13
1.610464683604738086e+13
5.278968696055547656e+13
8.962093789261222656e+12
1.333190719823936133e+13
1.520571283031088477e+13
1.652205608065702734e+13
8.810900517148489062e+13
1.635856580777820898e+13
6.578075718428425781e+12
3.632648881407668457e+12
8.699296305931041016e+12
9.173883381977228125e+13
4.351021189940010156e+13
1.135449962300021680e+13
7.355490273373451172e+12
8.741122675333591797e+12
5.825604361480950781e+13
5.825604309872010938e+13
2.126109443279558203e+13
7.054131966820786133e+12
8.308962876973858398e+12
8.439931379932001562e+13
4.798066019279870117e+12
7.007399298895718750e+12
8.095850509992666016e+12
8.749616846801264648e+12
4.175015749491728906e+13
7.511489679862549805e+12
2.938805206677740723e+12
5.645092922102050781e+12
8.592161748081094727e+12
1.004616419173839844e+14
3.898909023082132812e+12
1.749635056361042969e+13
1.881387087275966406e+13
1.931041979647013672e+13
9.972592155884834375e+13
5.575304167115092188e+13
1.512030253467622461e+13
2.019588742014335938e+13
1.855229935420874609e+13
6.980422147994237500e+13
7.059081463821687500e+13
2.107837773591289844e+13
2.022958294293790234e+13
1.770655501925779688e+13
1.016657851009653594e+14
2.002411973734489062e+13
1.994171855441829297e+13
1.550456862794312695e+13
1.844434904478544141e+13
5.520080941590278906e+13
1.680026583978023828e+13
1.776969623318958594e+13
1.914188336179069141e+13
1.927689443040208203e+13
9.063523989120696875e+13
2.641720655106583594e+13
2.818646634726641016e+13
2.838247664887724219e+13
2.620841602739020312e+13
8.674017970976951562e+13
2.997089206664674609e+13
2.908486097967285547e+13
2.897406726787548828e+13
2.431456469140738281e+13
4.301368215020400000e+13
4.354727450946825781e+13
2.024249086315341016e+13
2.909251020040764844e+13
2.314486605932006250e+13
8.869999565173914062e+13
3.032088951942527344e+13
2.916396853366391797e+13
2.765523277396842188e+13
2.453662727554627734e+13
2.923615160607911328e+13
2.593014536172520312e+13
2.587742890288657031e+13
2.753678317251982031e+13
2.655843485968056641e+13
5.232091290384655000e+14
2.183546977946151875e+14
2.053084615472643750e+14
2.065054806133562500e+14
5.057636620120514375e+14
3.165223157642608125e+14
2.151604013268293750e+14
1.809058737733605625e+14
6.037105419383645000e+14
5.442138924987985000e+14
2.403632694551919375e+14
1.701342352040469062e+14
5.300581883559233750e+14
2.087111062744533125e+14
1.728822920246348750e+14
1.718203296657755625e+14
2.661930879994930000e+14
2.079681075110603750e+14
2.038609936095561250e+14
1.773536546422557812e+14
9.552071129185195000e+14
4.213891698244400000e+14
3.700574613057310000e+14
3.633553313123821250e+14
9.282843647602242500e+14
5.681196107430047500e+14
3.921464356697065000e+14
3.469202903655013125e+14
7.998003890395507500e+14
8.702791075714278750e+14
4.286175226768910000e+14
3.359585667223078750e+14
7.496968350496778750e+14
3.446178273102500625e+14
3.544164403121371250e+14
3.392124927429042500e+14
4.184311805168247500e+14
3.724657272944558125e+14
3.583379980354274375e+14
3.417353706312744375e+14
