1.550344278593383438e+14
1.095830169318008750e+14
2.050576295918331250e+13
2.129076587658550938e+14
1.590724106409278750e+14
5.426569979115083594e+13
1.929283055631595625e+14
7.969067306990201562e+13
2.050179598293586719e+13
2.190599710119558125e+14
5.423712267858060938e+13
2.001308095228223047e+13
8.846521333801370312e+13
5.972961212782360156e+13
6.069679444969804688e+13
1.056285385401961250e+14
1.259877999315189062e+13
1.886163784422915625e+13
2.058410615562305078e+13
1.888477348703231641e+13
9.831486214674532812e+13
4.923005081362049219e+13
2.172802263021542188e+13
2.067910377990130859e+13
1.740014662229532422e+13
6.862197378205744531e+13
6.947173219073933594e+13
1.876454217224995312e+13
2.127258933655654688e+13
1.644598318878494336e+13
1.026655975948190156e+14
1.906923725158977344e+13
1.963258340724142188e+13
1.906833786676625781e+13
1.775853118072047266e+13
4.624911508101519531e+13
1.711960415584405469e+13
1.331139766069804492e+13
6.771546042959504883e+12
1.758715348239780273e+13
9.561489004018065625e+13
1.465977667391161328e+13
4.478624501636682617e+12
8.357161655855319336e+12
1.654871765823319922e+13
9.421445450850721875e+13
5.409642815786640625e+13
4.460558983787310547e+12
1.674892839062869141e+13
1.594333172131088281e+13
6.930213935317195312e+13
6.939149739941060156e+13
2.579324354161664062e+13
1.616842272681605078e+13
1.491867559009096484e+13
9.654276032237604688e+13
1.318842018946976562e+13
1.584450002565510156e+13
1.608157446604145312e+13
1.572864508672522852e+13
5.519411021671951562e+13
3.076528838947899414e+12
5.480199986489276367e+12
1.259960932417206250e+13
1.661294012874427930e+13
9.504857277962643750e+13
1.619606134660336328e+13
3.760796762279241211e+12
5.443920211636709595e+11
8.720538409807659180e+12
9.094661878242300000e+13
4.603150128287925000e+13
1.027293796952291602e+13
7.752164136037264648e+12
8.730059656731106445e+12
5.880543554454270312e+13
5.880543560793627344e+13
2.168909130821394922e+13
7.600100049926832031e+12
8.545202122351307617e+12
9.379653862228020312e+13
4.535617562333847656e+12
7.392425645009160156e+12
8.164205250026078125e+12
8.728640738021191406e+12
4.449218833095881250e+13
6.205496617783758789e+12
3.875523446361677246e+12
2.794974627598248047e+12
8.695875024592364258e+12
1.064943352848579688e+14
9.574934410299091797e+12
1.436985199578588281e+13
9.446576860234400391e+12
1.921296449256139453e+13
1.076388738939658594e+14
5.105426693233574219e+13
1.284714137551816016e+13
1.978272981409777734e+13
1.829638632721445703e+13
7.094273196345792188e+13
7.043672155354104688e+13
2.213628115016610156e+13
2.002197888185333594e+13
1.753147001561002148e+13
1.059942609174951094e+14
1.551582006282212109e+13
1.924701492367202734e+13
1.775320033017465625e+13
1.690420781598308203e+13
5.163933775931814844e+13
1.378246573127741992e+13
1.503547103208899609e+13
1.517546015886770117e+13
1.922682484104825000e+13
9.065945962461237500e+13
2.650304846482478516e+13
3.029071369199167188e+13
3.019422450931363672e+13
2.645145916581242969e+13
9.735658425329637500e+13
4.019426577229914844e+13
3.058827927932789844e+13
2.897583994207032422e+13
2.433868014240436719e+13
4.069985195429810938e+13
4.267700926785684375e+13
2.107788907338844141e+13
2.912326872160334375e+13
2.338772822182960156e+13
9.410747767366376562e+13
3.037420807809421094e+13
2.894809742540367578e+13
2.766087351406898438e+13
2.456970519693071484e+13
4.175361615193973438e+13
2.953330571775111719e+13
2.881084908447504297e+13
2.923791366226463672e+13
2.661115108803310547e+13
6.373014162403690000e+14
2.264598882993617500e+14
1.996021486343695000e+14
1.663828720930480312e+14
6.392238973835835000e+14
3.040473558417335000e+14
2.170699076393121875e+14
1.668268419496480312e+14
5.118278302879651250e+14
5.221393342684136875e+14
2.614058555727888438e+14
1.700724249694726562e+14
5.402004366163667500e+14
1.961094247803840312e+14
2.038526188810664375e+14
1.712218283135317500e+14
2.721057299822321875e+14
2.040470185722787500e+14
1.906819193627140625e+14
1.687952195287741250e+14
7.145401295230395000e+14
4.222251272858307500e+14
3.748651244513031250e+14
3.578654528872136250e+14
7.313735039586788750e+14
5.321730038172135000e+14
3.929754332942895625e+14
3.410880780205695000e+14
8.258233440236791250e+14
8.049558324283307500e+14
4.299227994646313125e+14
3.347180386426395000e+14
6.660591160711186250e+14
3.446529713107951250e+14
3.424200468044037500e+14
3.381471630098930000e+14
4.180600917220174375e+14
3.803041926252831250e+14
3.655115440640955000e+14
3.724177577218218750e+14
