1.473670952281730000e+14
1.044991945161045625e+14
2.253780358444618750e+13
2.099602787728251875e+14
1.473670952281730000e+14
2.752123427595155078e+13
3.022492041548067500e+14
8.074237173740704688e+13
2.253780358444618750e+13
2.099602787728251875e+14
5.465727994539967969e+13
2.253780358444618750e+13
8.074237173740704688e+13
5.465727994539967969e+13
2.752123427595155078e+13
1.041013767347585781e+14
1.916737401193569922e+13
2.454237079486306250e+13
2.396262011031275781e+13
1.876511868545044531e+13
1.041013767347585781e+14
4.839168270590433594e+13
2.346479432254595703e+13
2.114556984887137109e+13
1.739747072593310352e+13
1.460582869415303125e+14
1.041013767347585781e+14
5.515444817362525391e+12
2.114556984887137109e+13
1.622624809468142188e+13
1.041013767347585781e+14
2.396262011031275781e+13
2.114556984887137109e+13
1.999365136492254297e+13
1.739747072593310352e+13
4.839168270590433594e+13
2.454237079486306250e+13
2.396262011031275781e+13
2.269454929768604688e+13
1.876511868545044531e+13
9.628794995463382812e+13
1.493845034888039453e+13
1.249073061561014648e+13
1.539475997565283398e+13
1.671026944613138867e+13
9.628794995463382812e+13
5.039369957722996094e+13
3.877954001201767578e+12
1.721087945409307617e+13
1.602236361687947852e+13
1.352893035623193750e+14
9.628794995463382812e+13
2.504045871563517969e+13
1.721087945409307617e+13
1.516971520663456641e+13
9.628794995463382812e+13
1.539475997565283398e+13
1.721087945409307617e+13
1.714351995235775781e+13
1.602236361687947852e+13
5.039369957722996094e+13
1.249073061561014648e+13
1.539475997565283398e+13
1.673553954455878906e+13
1.671026944613138867e+13
8.449242824946068750e+13
1.530198624921616406e+13
8.228617887812943359e+12
4.576504526122964844e+12
9.003542976821343750e+12
8.449242824946068750e+13
4.160812400328567188e+13
1.126817330602963086e+13
7.325353101819382812e+12
8.973921357050218750e+12
1.233532424344326719e+14
8.449242824946068750e+13
2.130901862033855469e+13
7.325353101819382812e+12
8.648559411289849609e+12
8.449242824946068750e+13
4.576504526122964844e+12
7.325353101819382812e+12
8.554480488235865234e+12
8.973921357050218750e+12
4.160812400328567188e+13
8.228617887812943359e+12
4.576504526122964844e+12
4.631737269152147461e+12
9.003542976821343750e+12
1.031790548378650469e+14
8.535861922650095703e+12
1.940811084411508203e+13
2.050792682257546484e+13
1.936545836193575000e+13
1.031790548378650469e+14
5.088570697476935156e+13
1.668444836087640820e+13
2.044511242119033984e+13
1.857104333537625781e+13
1.430897057645800625e+14
1.031790548378650469e+14
1.823454530925251562e+13
2.044511242119033984e+13
1.769178996111103125e+13
1.031790548378650469e+14
2.050792682257546484e+13
2.044511242119033984e+13
2.001013450068558594e+13
1.857104333537625781e+13
5.088570697476935156e+13
1.940811084411508203e+13
2.050792682257546484e+13
2.054710286325781250e+13
1.936545836193575000e+13
8.066790085010443750e+13
2.604586005670413672e+13
3.057584583298179297e+13
3.070506023942771484e+13
2.628498662326264844e+13
8.066790085010443750e+13
1.808911181308091016e+13
2.925523718614207031e+13
2.910631234350767969e+13
2.464622371117987109e+13
1.310168488732898125e+14
8.066790085010443750e+13
2.006062730604400781e+13
2.910631234350767969e+13
2.309089452386584766e+13
8.066790085010443750e+13
3.070506023942771484e+13
2.910631234350767969e+13
2.780454068094846094e+13
2.464622371117987109e+13
1.808911181308091016e+13
3.057584583298179297e+13
3.070506023942771484e+13
3.011563804933963281e+13
2.628498662326264844e+13
7.618978233670332500e+14
2.308103710952497500e+14
1.844751311496411875e+14
1.635504157825151875e+14
7.618978233670332500e+14
3.753745214208400000e+14
2.046502690927663750e+14
1.635504157825151875e+14
1.096370687386235125e+15
7.618978233670332500e+14
2.643851358332232188e+14
1.703954337035739375e+14
7.618978233670332500e+14
1.635504157825151875e+14
1.670306099430482812e+14
1.722212953602880000e+14
2.643851358332232188e+14
1.844751311496411875e+14
1.635504157825151875e+14
1.679615740861560625e+14
1.001535218309695000e+15
4.106905076238652500e+14
3.554456077952903750e+14
3.364445482072980000e+14
1.001535218309695000e+15
5.434736618144696875e+14
3.821260658090674375e+14
3.364445482072980000e+14
1.398531817525394500e+15
1.001535218309695000e+15
4.416896168756442500e+14
3.353179043208408125e+14
1.001535218309695000e+15
3.364445482072980000e+14
3.453384045400232500e+14
3.392869854142582500e+14
4.416896168756442500e+14
3.554456077952903750e+14
3.364445482072980000e+14
3.311168595516619375e+14
