1.129613693017608722e-02
1.048753713243494312e-02
8.826775041034512492e-02
6.297947478899351302e-04
4.903194412779436758e-04
6.692635264622437750e-12
3.099133000395247863e-04
2.745555184995765560e-04
8.571358275565214233e-06
3.418821029037063391e-04
5.806048670086084345e-04
2.394798985632523919e-05
3.325629280222629908e-03
3.944621162950069280e-04
4.150208102085439668e-04
2.443686528467413366e-05
6.965302393157447392e-04
5.042247649052659193e-04
2.375096357938467009e-05
8.585190319614484323e-04
9.554573659568996874e-03
2.672249072832226871e-05
1.494956964646519323e-03
1.161097173265195634e-03
2.542258192516467542e-03
1.087945725403078419e-03
1.196897465464312861e-03
1.132894293337421109e-02
7.686506342023183280e-03
1.357001380653129934e-03
7.882498573058947453e-03
1.550330644030705092e-02
5.084760704178272785e-04
5.792974633151719201e-04
0.000000000000000000e+00
8.132295608901010230e-04
9.372987239574944677e-04
4.263722497738708060e-04
1.216073471537993875e-02
7.343425341984689044e-04
9.764090538986653495e-03
3.396387632476398355e-03
8.384294829183810624e-03
7.192041666791113572e-04
1.014749824755527014e-03
1.695800643170019596e-04
8.083241364238812413e-03
9.557404194303611641e-03
2.326393414961010707e-05
2.842386306702430511e-03
1.174177736282341553e-02
7.038450323701257662e-05
1.610425433610688118e-03
9.002967585902086137e-03
1.486667818344920801e-03
3.712947993801918686e-05
1.124082916653191492e-03
1.493669736741789524e-03
5.217296588935805299e-05
1.023068300314117999e-03
2.995816475130567264e-04
3.830611865043627659e-06
1.282289880302845417e-03
9.188544426360461517e-05
1.929507011639085969e-06
8.700726868868349003e-04
8.116557291002395947e-04
7.625553327673630609e-03
2.541144557252043943e-03
9.499312353775599951e-04
1.248639421104675825e-03
5.939158699131714680e-01
2.763156409614904181e-03
0.000000000000000000e+00
0.000000000000000000e+00
1.625211559809950235e-03
1.112040005831244896e-03
2.621884475926323198e-03
1.369517383131611506e-03
7.139899168906746561e-04
9.677289543717692774e-03
9.074624950775311014e-04
7.304387781930689327e-04
1.586364655291475697e-04
1.325898102788526873e-03
1.159227809339763860e-04
3.079990832762490591e-04
4.652217784575526233e-02
2.753030418214740893e-05
2.318840698049982798e-04
7.327108043037500358e-04
3.095279218500534250e-05
3.219907441961189585e-03
2.185139871893218219e-03
2.513708908908824963e-04
7.277844025176683222e-05
5.080675531222073917e-04
3.921387585456700617e-04
1.542079694920496383e-04
4.309531032435095859e-04
2.793594378607985830e-04
1.390812981244514683e-04
7.883274865315864112e-04
4.016454913699377474e-04
3.211382789561174293e-03
8.525025411997661992e-04
1.084813589591221720e-04
1.431280487702190837e-02
1.034104540396226478e-02
7.224018769951601193e-03
2.242879686365330597e-04
1.926920842581855567e-04
2.037655543612327928e-04
4.585519479810585067e-03
0.000000000000000000e+00
2.741532297430240460e-04
4.847274311563982995e-04
0.000000000000000000e+00
5.588697743777217009e-04
2.756199430996172321e-04
5.348611044874901940e-05
8.681170023743507258e-05
3.677096609018120363e-05
