1.319281290415540431e-01
1.051576895333892758e-01
9.279366665036269113e-02
4.654773433446552505e-02
4.008577199920081505e-03
1.154757358204488441e-07
2.204685347944877402e-02
2.405858323802326833e-03
1.791571485842347738e-02
2.867476194318627474e-03
9.929390896576833787e-04
1.436369435170289184e-03
9.914119201804844420e-03
2.034728815139182686e-03
3.073207461523150101e-03
3.681259685192935904e-03
3.324484582878494982e-03
3.066433113756022750e-03
3.096414395438949838e-03
2.263508027217508208e-03
2.141989643816119299e-03
1.054072041764495676e-01
2.440238738496356037e-03
2.210366557367638655e-03
3.123421028319692001e-03
2.063512616310615808e-03
1.541326636515410152e-02
5.168596712635499350e-03
5.103722686589364128e-03
1.282992716286459776e-03
3.206725790066570440e-03
2.967346674240013971e-01
2.723375937825243346e-03
4.608112598619712973e-03
0.000000000000000000e+00
5.523600764749446099e-03
1.603397252226369807e-02
1.707254699399382222e-02
5.435893476471589415e-03
6.875101582132708139e-03
6.418053356097319119e-03
7.257127165135107347e-03
2.520023224801805004e-02
