6.739356421844768484e-03
9.457143555104541646e-03
6.069009135219413653e-02
3.205297213703766344e-04
2.326913758621809638e-04
4.744182160407503092e-20
4.475478107016644534e-04
1.474041335196003702e-03
7.337611083253852733e-06
2.718672900525682988e-04
3.769088329809561037e-03
1.720107138911550885e-05
3.674045684879723487e-04
3.368600149676365726e-03
2.118795778564816815e-05
3.240676820902102539e-04
6.710467977820973404e-04
3.134390193434010861e-05
5.775890037830694410e-04
8.205717823495035142e-04
3.431775425521987628e-04
5.423668741015135733e-04
2.849503568293831890e-03
3.532267155639855563e-04
2.617784183544157324e-05
8.458830082259330017e-05
8.810324601273624443e-05
5.777539692774400718e-04
6.341948415111611347e-04
5.284838132057919323e-04
7.868021306749793751e-04
1.324398312027657253e-02
2.782438780041001009e-04
5.318349874692662044e-04
0.000000000000000000e+00
5.056912600266072954e-04
4.096246332182517931e-04
6.801496713754613113e-05
3.436350372001591440e-04
4.277291800051377592e-04
3.601596350986154406e-04
6.619616284822840918e-04
3.098344446019155474e-04
3.762438195852910823e-04
1.559052098026114197e-04
4.967285024073333653e-05
2.435534867455859797e-04
7.935760256909028809e-03
3.396034363994634623e-05
4.946430073559691330e-05
5.548826992990186797e-04
3.834885175770065882e-05
2.170209299232116282e-03
3.556490888065032036e-04
4.745389394742252913e-04
4.419299197057989623e-05
3.387513682280198358e-04
3.258786202651010942e-04
3.405487226176576258e-05
1.722759461268717806e-04
2.292511770979295061e-04
2.501497317565154790e-06
3.965317979887840352e-04
3.039177728528614716e-04
3.082387607771134517e-06
3.116505024864365874e-04
2.882116624283298230e-04
6.358516472673069126e-04
9.353774523552342568e-04
6.103612815650753115e-04
7.385090668025035649e-04
1.475583070151142429e-01
5.101858182373687246e-04
0.000000000000000000e+00
0.000000000000000000e+00
1.905755045744256552e-03
2.970430507260879709e-04
4.044857295321375003e-04
3.838267756975657853e-04
5.828054025955035260e-04
4.788341730459305342e-04
5.639831563282304144e-04
6.761749392534579517e-01
2.483013173563857994e-05
1.395106715984196100e-03
1.167836729397965886e-04
5.282741614159737855e-05
9.179067278411496720e-04
2.216269314307696121e-05
5.527236196770908636e-04
1.962362529511805023e-02
1.345391031880939038e-05
2.393357620665080131e-04
1.767418694090619165e-03
1.755441782745274630e-04
4.886963868124030155e-04
5.261877066216958846e-05
3.419272853107075219e-04
5.402680980964552192e-04
4.635482512377258149e-05
3.057013098634727365e-04
2.959236916658105287e-04
6.051059511704080492e-04
3.221511906187644924e-04
2.985421721467548204e-05
6.771641447753691664e-04
2.908541893895191539e-04
5.882659964623581901e-04
5.453226885422317967e-04
6.328317966900295043e-03
2.958622952150211918e-04
1.576648864109390967e-03
2.462986549021191807e-04
2.078806730416724383e-04
0.000000000000000000e+00
1.470519342677867628e-04
5.490432110584044043e-04
0.000000000000000000e+00
2.288955409187946562e-04
2.593914835288517275e-05
4.322426510354886615e-05
6.397290764069893105e-05
2.238303025101924499e-05
