1.212115176947567603e-02
1.183386692426483151e-02
6.621418507816505261e-02
5.678620682634303142e-04
5.331364832443997309e-03
2.651539170244450768e-12
4.770814534936766607e-04
8.112261020006301796e-05
5.591197916857403591e-04
2.454953605882593723e-04
2.382996349755421475e-04
5.338804497395572592e-04
1.866945861236444420e-03
1.638868049825167297e-04
3.161536549721573954e-05
1.371178154150614497e-04
2.584013033287091638e-04
2.139530872813198833e-04
2.094025401090869566e-04
3.415586647889636766e-04
4.970061886706770952e-04
2.629008436493848288e-04
1.583540312245150072e-04
2.716265050079712338e-03
7.740397712357232002e-04
1.685409630234298252e-03
3.470168661830311295e-04
6.697009514655907596e-03
4.129903194300153964e-03
4.329299176868342015e-03
3.437161047593816250e-03
5.827757903659264854e-03
6.204642134953836314e-04
9.072639495037465194e-04
0.000000000000000000e+00
6.445428721406628670e-04
1.770707764369174042e-02
1.857499751515868122e-04
1.974467432827483465e-02
3.966444319289341887e-03
4.802195403453090802e-03
1.128693241594835124e-03
4.725321087881552938e-03
6.199893238367524878e-04
4.755264139420130320e-04
3.237045862930401207e-04
8.554404930088500836e-03
5.053170012397753021e-03
3.752814484328619298e-05
5.723274808923859737e-03
1.748065360606856217e-02
2.876291279800837451e-04
3.985709785846647778e-03
4.683821202331483503e-04
1.656208365668385921e-04
7.531947700063068704e-05
5.133845188328776780e-04
2.591484626397991438e-04
1.986469105762558851e-04
3.509718562911126128e-04
1.529337938718270892e-04
1.137192065976461283e-06
1.030044048006459166e-04
3.735127846679604877e-04
1.180993654285103517e-06
3.511382435038197265e-04
3.230662921561673682e-04
4.922273955728711028e-03
1.359386545661865273e-02
3.550417374556297159e-03
3.748322371595393023e-03
6.078162758844949387e-01
6.370794063697283495e-03
0.000000000000000000e+00
0.000000000000000000e+00
3.540000571013392130e-04
5.412608683843162828e-04
2.511042521434214171e-03
2.783290388603936469e-04
2.032428375785886156e-04
4.038054084303865227e-03
5.524178741875947207e-03
6.069253967619072689e-03
3.313312268809135005e-04
3.346569439550038921e-03
3.093743431068785845e-04
4.348435272889072229e-04
3.079820841884050794e-02
9.047214308289912299e-05
5.458915393657330205e-04
5.549454939146554249e-04
2.429935619313712222e-04
4.094033039490465979e-03
7.089432842168410208e-03
7.474114314194096268e-05
3.919705034602704924e-04
6.065206196099022506e-03
3.013065259337006072e-04
1.418841886950411178e-04
3.119540520197077761e-03
2.226288393358559958e-04
1.301637640967641667e-04
2.636677162585181894e-03
3.615788599192228375e-04
7.725151255103242329e-04
3.195598933441561040e-04
2.748344862898201573e-04
3.597185707303838034e-03
6.876505464738333524e-03
4.008890574180391797e-03
2.518044378709877358e-03
2.643582681051720343e-04
5.896885757279671410e-04
3.446859178735843868e-03
0.000000000000000000e+00
4.765626894784535873e-04
3.436402764204319368e-04
0.000000000000000000e+00
4.497711474091423069e-04
5.870488636145270236e-03
3.018687786442119693e-03
5.741742812650036006e-03
8.025660197374698615e-03
