5.272219521145580984e+03
1.657413507662154416e+03
1.238254843691094720e+03
9.360950504801869556e+02
2.259712149998299083e+03
4.994058820683965791e+02
7.086480423645149358e+02
6.249178670827327551e+02
5.497452769142769284e+02
1.925916309495301448e+03
6.445437665200406627e+02
5.624913090771254929e+02
1.580918308843795330e+03
8.964122997956151266e+02
6.009733285263412199e+02
2.926371769313244044e+02
2.813036925452199171e+02
3.262893179575036697e+02
6.706305527919247425e+02
9.236261992159381862e+02
9.948502813839359078e+02
9.433909872497582683e+02
8.831624154001775651e+02
7.807022540642602735e+02
1.552514877103401523e+04
5.539981836576777823e+03
3.257288666654875669e+03
5.824545847296223656e+03
3.379327594149556262e+03
7.494242898137891871e+02
3.741095339135605172e+03
1.433569371560201944e+03
7.922200052561773873e+02
3.610142525043382648e+03
1.019560073157660213e+03
1.009121529608106357e+03
3.520445083251115648e+03
3.392325565326630567e+03
2.691153586603782969e+03
1.467500662329042825e+03
1.453437952967811498e+03
9.761073340949340036e+02
3.469346791996651973e+03
3.366761303462795240e+03
1.410728548700581769e+03
1.243766658913214087e+03
1.177418727168783107e+03
1.007721090687454421e+03
3.457020288814992909e+03
3.353250763047770761e+03
1.295058951942166459e+03
1.157868851525890022e+03
9.746577961385746676e+02
6.643493368258361897e+02
3.455497392169243085e+03
3.337886657042756269e+03
1.268400138599152569e+03
1.031368420723645841e+03
9.476314530474334106e+02
8.731207536794316866e+02
5.458007267173950822e+03
4.832561013716037905e+02
9.789091659660550704e+02
7.570607364629966014e+02
5.478149627500397401e+02
1.727790061514483568e+03
1.268369883314730487e+03
2.536078947592928614e+02
2.855734369993868995e+02
5.754035201709153853e+02
1.600495523454215459e+02
2.411265882768801703e+02
2.808382221507951044e+02
2.928935812397822929e+02
3.662421743133593736e+03
2.345106560487074319e+02
3.553901792343382340e+02
5.302645833505068822e+02
6.567914644526982784e+02
5.972524388187315481e+02
8.463122531258709387e+02
9.959447769555824834e+02
1.003740969355128186e+03
7.814081134107028674e+02
1.778729142834277445e+04
5.672849576570052704e+03
3.528274197969793931e+03
5.497428180789703219e+03
3.474928833538642266e+03
7.053050398379740500e+02
3.729588708904344458e+03
2.903966387158456200e+03
8.031257005205242194e+02
3.606478147217529113e+03
1.207164552159235427e+03
9.260132533476942172e+02
3.617084445894411147e+03
1.071287295023585784e+03
8.960900407337544493e+02
3.484000806895819551e+03
3.381826774751539233e+03
1.526145347527538661e+03
1.469084812837949812e+03
1.392157490944805659e+03
1.004219350613923552e+03
3.475801416094468095e+03
3.360497997588830003e+03
1.300206327917616818e+03
9.856647431211433741e+02
9.832474126189009667e+02
9.117318057269716292e+02
3.474668265309355775e+03
3.356930642655748215e+03
1.271932741025238329e+03
1.025180202655333687e+03
9.682521523013205069e+02
8.405101007909057671e+02
1.164965589858571002e+04
3.681552988249074133e+03
6.854796423013298181e+02
4.564674085418193499e+03
3.470210995577645917e+03
4.317687404626773855e+02
4.975084390275666806e+02
5.693455767287847493e+02
5.676278931556515772e+02
1.414979118292812245e+03
3.616114896323268226e+02
5.610173861828023973e+02
5.298776459808326535e+02
3.395589935350330506e+03
2.300835852439695827e+03
2.248854195321606824e+02
2.810756629842711050e+02
2.551955001589295534e+03
9.969775207279450058e+01
3.621684813986889253e+02
5.802271788450619852e+02
3.390720381211272525e+03
2.533250231280305798e+03
5.403094746178169316e+02
7.754257304537028404e+02
1.570966300049153324e+04
4.921263717950303544e+03
4.574551323917120499e+03
9.501228011616936783e+03
2.636121532691649008e+03
1.297756374140361459e+03
3.619897256787011429e+03
1.626474767158764280e+03
1.306276289830973383e+03
3.587216154408220518e+03
1.157614387012641146e+03
9.814505063182405138e+02
1.279082057038774292e+04
3.711776733914105989e+03
3.453194274451091133e+03
3.032154241341600482e+03
2.636129676838986143e+03
2.298535180897734790e+03
3.512520215059518705e+03
3.384758494189785779e+03
2.595328037791412953e+03
1.463458876474798672e+03
1.424936132114967222e+03
9.887794472238756498e+02
3.470067915493718374e+03
3.367782645145974584e+03
1.251031750577420098e+03
1.001400930164635383e+03
9.822049876342035759e+02
9.166073364360265714e+02
4.615068382346664293e+03
7.361491055257637299e+02
6.028034086007121459e+02
5.616703676059327108e+02
2.997535459126139358e+03
2.407137168887916687e+03
1.010131998728604458e+03
5.642317845697896246e+02
3.385127020162570233e+01
5.099309400574933306e+02
5.458717253684874322e+02
3.051245690192448819e+03
5.236388513899304371e+02
2.886023795238953085e+02
3.831491341954608174e+02
6.395532646757686734e+02
6.341247429991991567e+02
6.387412428969536222e+02
1.929023385887232962e+03
3.924108406346458082e+02
1.006556860649776468e+03
8.734174864858340470e+02
8.343835683895446209e+02
1.661718203396020908e+04
5.124550364904994240e+03
3.592949875641069411e+03
3.620008316838872361e+03
1.653915890414658634e+03
1.292855252161238923e+03
3.535521541307961343e+03
1.231290755500267323e+03
1.026829220675040915e+03
3.519451019091935905e+03
1.105830031883971969e+03
7.056956924024275395e+02
3.585007994728894118e+03
1.048554463971394398e+03
9.192652158064756804e+02
5.906408642070180576e+03
3.396279586135842692e+03
3.125326979876144833e+03
9.974151257395280936e+02
9.219822107179254544e+02
7.432306991453172031e+02
3.495509566129679115e+03
3.367382093415514191e+03
2.624292906693976420e+03
1.446085001777767957e+03
1.374953667106849707e+03
9.892838027892465789e+02
3.471163883461186288e+03
3.356201715792473806e+03
1.308308292037432921e+03
1.134408922491154271e+03
1.003086535094572696e+03
6.983187525914636353e+02
3.473925610409928595e+03
3.369627580016720458e+03
1.263369547049046560e+03
1.027452991239510993e+03
9.534973506179547940e+02
9.443792411799682895e+02
5.403289709209653665e+03
3.118989493295637772e+02
6.137457383452009481e+02
7.351456529980868027e+02
5.366446819000593678e+02
3.231578590244024781e+03
1.413053732146190669e+03
3.613444817185804823e+02
5.604849798112841199e+02
5.307054572111671860e+02
3.034811775301875059e+03
1.084426327166026340e+03
1.010547476519154628e+02
2.446013802292552555e+03
3.793703260086384716e+02
6.368512828628535090e+02
6.053613385747831899e+02
3.526704711075053183e+03
1.007828480332106778e+03
8.841325783423970961e+02
7.778755820160317853e+02
1.701110772469749281e+04
4.599931394389263005e+03
3.690087133596416152e+03
5.639779978037367982e+03
3.716330579803440742e+03
7.736385069623711388e+02
3.617731779519307565e+03
1.007426752457225348e+03
9.752351128361066230e+02
3.617057811389568087e+03
1.012912303982815274e+03
9.413535684272343360e+02
1.222731413070831331e+04
4.198355316804877475e+03
3.808542052157899889e+03
3.660761627252965354e+03
3.216508315459202095e+03
2.196339308634509962e+03
6.344407010675599849e+03
3.546908213088480807e+03
3.441738665349946132e+03
2.170425446640190330e+03
1.499438654004792397e+03
1.219519485780469267e+03
3.534725583570374056e+03
3.280094711166383149e+03
2.842011668078703678e+03
1.735920139235610577e+03
1.324788176923593937e+03
1.067005356962249607e+03
3.526131212014609446e+03
3.292890352014776909e+03
2.720838457848738017e+03
1.733188881174020025e+03
1.432500491956723181e+03
1.204852994837000779e+03
3.522431403841867450e+03
3.334522227039939480e+03
2.139365841670316513e+03
1.726108986437182921e+03
1.397569460055875879e+03
9.853221533474576290e+02
3.474975222909912191e+03
3.371269336117075454e+03
1.371283335138184157e+03
1.290519615401215788e+03
1.015962996594210267e+03
8.853159781279391609e+02
3.473595457657527277e+03
3.369756432174205656e+03
1.251688083638247917e+03
1.007728155966728309e+03
9.807493744250901955e+02
9.169941692879448283e+02
