1.230825242621124554e-01
2.043299825811955850e-01
1.333539892482326350e-01
1.070325983824660203e-02
9.326976802245879813e-03
1.966066482904929040e-05
8.144941445828854029e-03
1.349162711481193856e-02
2.378798198049491414e-02
3.298661223500583967e-03
5.680537495250726973e-03
1.663843442997866087e-02
6.710069802850343428e-03
5.321410471801543522e-03
4.510242766635366544e-03
4.815168446754220302e-03
5.002707170844025893e-03
6.223403755885288137e-03
6.310320333782416108e-03
3.072342868799545802e-03
1.934553722437115436e-03
3.882763189031220724e-02
3.912033499260152841e-03
1.021682086685543785e-02
2.746478907841761602e-02
4.134228353117380163e-03
4.069781175364811827e-03
7.521376002423017272e-03
5.475640902331331550e-03
3.511958431901191814e-03
4.931563488893098667e-03
1.870517658995732579e-01
2.562903586625168637e-03
5.844066196208197450e-03
0.000000000000000000e+00
9.911383922753133624e-03
9.761592566536745827e-03
6.975873034006187245e-03
9.261111001896861830e-03
1.022208756788541353e-02
2.161661491167566479e-02
1.327644589893392860e-02
1.769153529851143561e-02
