1.732894254888459329e-01
1.656651258318078412e-01
1.113804975835911981e-01
1.963390881247809375e-02
9.998954644132338615e-03
8.750934918358151970e-06
3.552427282955458038e-02
1.099561847819273928e-02
1.128785823040405999e-02
4.252659146032340513e-03
9.022306876225020394e-03
8.474858612879550973e-03
9.697241825780043845e-03
6.071413977079880009e-03
5.024275140874777043e-03
5.480475500270699275e-03
6.102837736041599910e-03
5.500018980801280218e-03
5.587324308005786090e-03
6.825377984645389189e-03
1.819960029282909888e-03
1.007862591261483171e-02
1.411621431763549449e-03
2.966881158992197218e-03
8.665637892099236836e-03
1.636444712966415209e-03
3.787859964770560507e-03
7.032572288685276160e-03
1.008290533497811260e-02
1.027359173347264058e-02
8.228332922171262623e-03
1.894655133772703837e-01
4.280769689105413597e-03
6.934403258958457550e-03
0.000000000000000000e+00
3.573641359019691811e-03
1.657164368459503739e-02
8.448446170418939458e-03
1.215941848604662825e-02
2.621768150856551224e-02
1.380519395535793371e-02
2.392161273149945311e-02
1.881403947480407915e-02
