1.611198123045419831e-02
1.421747273349444930e-02
3.934067744413326517e-01
7.007680667115941987e-04
4.246157275374146307e-04
7.675902882609693148e-09
1.001127731508589906e-03
1.446246974883645372e-03
7.062300394899185434e-05
2.128086479147397222e-04
8.200015980620637378e-04
5.035463361037018429e-05
5.845812569745634062e-04
2.512192765307148389e-04
1.294417629753835848e-03
7.257678640795998557e-04
5.035802043119451833e-04
1.999499295224546700e-03
3.167934964989250904e-04
5.184828249226035475e-04
1.753267429606310138e-04
2.269573357238760156e-04
9.456496378061291039e-04
4.585078436309938726e-04
2.355286816174450074e-05
2.930483926170882178e-04
2.298218639266506305e-04
9.335500324148674530e-04
1.488502294136339254e-03
6.873863515887529115e-04
8.929139259441409762e-04
1.268143014520667355e-01
4.493932202811381366e-04
4.817436697840141386e-04
0.000000000000000000e+00
7.282095932969740023e-04
6.477389644253235892e-04
7.989249139937151410e-04
1.347931469682002188e-03
1.722983282449074699e-02
8.898110782366654191e-04
3.717204379682680689e-03
8.547815929625078579e-04
2.452254537556187563e-03
5.291162107893142199e-04
2.903849419241345863e-04
5.606242557694431864e-04
3.118203763425580078e-03
6.154076799402830034e-05
3.246339218275944623e-04
1.021420118045868750e-03
9.600852908850695383e-05
4.061546713828268168e-04
2.611174344023952949e-04
3.525595224934800244e-03
1.408563932554469727e-04
1.282220793885216394e-03
2.877205836403569535e-03
1.053681666739460460e-04
7.789023537969229014e-04
4.190220224174975058e-04
1.016410817410981954e-05
4.352661175785601318e-04
3.713736420936914590e-04
1.241272110220711509e-05
6.508407083813000935e-04
2.112792321199355851e-04
9.698286968021417554e-04
1.624974878347412548e-03
4.609339880093499113e-04
8.255334497971984417e-04
3.329482964464391404e-01
8.231492673461023035e-04
0.000000000000000000e+00
0.000000000000000000e+00
2.270833181501950935e-03
6.430383061546978037e-04
7.176982931183068740e-04
1.908953745353213953e-03
2.004642346758182554e-03
2.549043516859089784e-03
3.255867544408301713e-04
5.688000074064804984e-03
9.903499636966751820e-05
6.548550536302067196e-03
2.350661972020005809e-04
2.608627168225886969e-04
3.659406353574265816e-03
5.637016617922410190e-04
4.212209344971283164e-04
1.530186564001988995e-03
5.016922660111878835e-04
1.302525657003127915e-04
5.940904617078441837e-04
3.601988248275586808e-04
9.399398526744590218e-04
1.102561787526669612e-04
4.589863699502429520e-04
4.602905294308563323e-04
1.722336644089003904e-04
7.345543784065553319e-04
1.470438171687195675e-04
5.238481863324371537e-04
4.687094937745484718e-04
2.811132148921224785e-04
3.148904944254264518e-04
1.072867739406125953e-04
8.272561519949374245e-04
1.283548543584600099e-03
7.692764034365149337e-04
3.184658126980984146e-04
3.622037897039016678e-03
4.038969883294736508e-04
1.833916520917169477e-04
0.000000000000000000e+00
7.236946818148515259e-04
5.527258468104277733e-04
0.000000000000000000e+00
4.897631533500265179e-04
1.313099578692303792e-03
5.646400766155468482e-04
2.788339501840441628e-04
3.712580509045629697e-04
