1.546257578271645512e-02
1.532587990587469702e-02
4.187639359925822147e-01
1.097662209722687033e-03
4.681919574008936076e-04
1.618449558923932026e-08
5.895577329165756220e-04
5.701228998438719964e-04
1.179140102735422535e-04
1.832664145796878980e-04
6.490765735498781139e-04
1.115625530497879456e-04
6.212423347995883749e-04
7.626205669430436047e-04
2.593873065649899157e-03
5.047614687578243870e-04
3.996322501178595004e-04
1.555402124723054150e-03
8.367148512446318702e-04
6.024237513354056090e-04
3.442115442230577610e-04
4.416098975297694522e-04
8.196606252160809972e-04
7.518178936856134698e-04
1.764634364404309087e-04
9.911398175689309972e-04
1.338318960736731614e-04
3.415762555187250044e-04
5.378678052153758543e-04
1.143597213817123832e-03
4.408504655071700923e-04
6.465959298002517397e-02
5.064348640160425737e-04
5.010653251703859256e-04
0.000000000000000000e+00
4.938116550149980032e-04
1.171405851475172634e-03
8.640797304693506077e-04
2.219009938893715898e-03
2.570306098411619111e-02
7.423088792730263589e-04
6.981728190566912490e-03
1.497731416614308132e-03
2.171606023370473062e-03
6.449889822891838971e-04
2.091653482727311641e-04
2.758628062319714658e-04
6.474675261984557360e-03
4.732487791413950037e-05
1.905107738242761315e-04
5.144860499016008434e-04
8.000109417351917063e-05
5.644610889615070404e-04
7.046087300345264424e-04
2.082850599253075353e-03
1.857166857228791904e-04
6.985431365560210853e-04
2.766950219464480235e-03
1.304910471962337051e-04
8.712895902091300762e-04
3.838516726579982528e-04
1.133530975773350369e-05
1.306716408893952202e-03
5.535509495321053793e-04
1.174550387856717021e-05
7.720162615713507771e-04
1.500768659828919673e-04
1.447959230345168685e-03
2.600442771344387352e-03
4.132045763290757953e-04
6.734938612993000536e-04
3.515549953067891309e-01
2.093946321504699774e-03
0.000000000000000000e+00
0.000000000000000000e+00
4.936025714027038151e-03
1.896406951283325986e-03
1.029990086970333438e-03
1.010728455589781846e-03
1.794673770601434111e-03
1.447492030588735414e-03
3.272556906583008133e-03
7.124380891977441163e-03
1.590186496233649493e-04
2.011699441980311330e-03
4.580273270515909797e-05
1.898590466224475877e-04
5.372718099776837251e-03
5.961133788529285240e-04
3.641817363299657386e-04
1.449093623463303376e-03
4.546107511969164515e-04
1.682261573927162359e-04
6.101430976026182102e-04
2.403589548030725484e-04
4.575828461599749843e-04
2.284527466203647636e-04
2.952240692107868051e-04
8.381281657954335303e-04
1.492663590002405360e-04
5.835839327985668356e-04
6.925312270591762033e-05
6.185686003899767797e-04
6.195058716998077262e-04
1.417813953954832039e-04
4.923671472615950189e-04
7.398205233609671683e-05
5.357344084458496832e-04
2.509264259328661283e-04
5.936488238992879921e-04
2.367657723931917242e-04
2.335953729719382997e-03
6.007595437758363969e-04
2.314696429635321770e-04
0.000000000000000000e+00
6.053329312335357969e-04
3.774730817808936035e-04
0.000000000000000000e+00
3.370952351824102597e-04
8.328184662060991511e-04
3.732550821616587868e-04
1.554434333094822983e-04
5.253899833957709773e-04
