1.459971996041257297e-02
1.467542750539580984e-02
3.837403792519472612e-01
9.703387695444764876e-04
7.019198058887502227e-04
1.196088000918295692e-06
7.146862737562734765e-04
7.218119231359553098e-04
3.668323975472665235e-05
1.583659942462414003e-04
8.380747590421894124e-04
5.299457125385545898e-05
4.551029545943464211e-04
5.922265493421992842e-04
2.831845297147790250e-03
4.011306771178923852e-04
1.226416842977781250e-03
3.166326434622519087e-03
2.894305217898828116e-04
1.834640962245703052e-03
5.120808314926550463e-04
3.306401223772352906e-04
8.865052353252110291e-04
1.037208883774281372e-03
5.726432395593064324e-05
1.199883595376850364e-03
2.848245908901199646e-04
9.458857521829970279e-04
1.152504790316528742e-03
1.335081075986918695e-03
6.705541896919801860e-04
1.066557197105123117e-01
1.036552016466245514e-03
8.330240136714192742e-04
0.000000000000000000e+00
4.185633133868715719e-04
7.611056075943721522e-03
6.771967965123691082e-04
3.406673919737740648e-03
2.527626564147334234e-02
4.488930945761602847e-04
1.500025876459868974e-03
1.670259818246129600e-03
1.942911791797594361e-03
7.399486730813133791e-04
3.588571008161080354e-04
4.987436410331315840e-04
1.895376656506744112e-02
3.221014661706326793e-04
1.403825168885477906e-04
9.587631558889934003e-04
1.386858305801270464e-04
4.437239293113121822e-04
4.850415777791633465e-04
5.887591599171199813e-03
1.964359993301856722e-04
1.125274802273456328e-03
4.559458329295300837e-03
1.403392371564586008e-04
1.327784765700720532e-03
5.537247695235996943e-04
2.504190910624577476e-05
8.204919123424441211e-04
3.686874038014663064e-04
2.544022044451341971e-05
5.403004312588135594e-04
3.062614410298656773e-04
1.111705403305805360e-03
2.030696014002251418e-03
7.411739351533202591e-04
2.017393032746776348e-03
2.869166081324380224e-01
1.386480011295561322e-03
0.000000000000000000e+00
0.000000000000000000e+00
4.330315178136515467e-03
1.174658185668459032e-02
9.924754774322936107e-04
2.483381985563361174e-03
3.226312687688986762e-03
3.650742679872855286e-03
1.922723674513539737e-03
7.233869875998508517e-03
1.442751016268290463e-04
5.685117797406011829e-03
1.938300452445779469e-04
6.348877196831891230e-04
1.370119394412000480e-02
3.622735799905239568e-04
4.719559199429996838e-04
1.690501609021010775e-03
4.073797372203274590e-04
1.904136437325538967e-04
7.392772202849039144e-04
3.931328939436481399e-04
4.615182126191076043e-04
1.468260731813449290e-04
3.065522380658123182e-04
4.557575980349708763e-04
1.742201527995775382e-04
5.690567829699385259e-04
2.375804670924141029e-04
1.008820690830487983e-03
9.222111767938530325e-04
1.033984233892597021e-04
7.587110803292027288e-04
1.159772469347942125e-03
5.379788750650207072e-04
4.511094800828839221e-04
7.570485924997081163e-04
4.681415632198582190e-04
4.665461927195265965e-03
5.941435413785455021e-04
2.630081494899844780e-04
0.000000000000000000e+00
5.371187251093792817e-04
5.829253760609619727e-04
0.000000000000000000e+00
6.124833695328595366e-04
9.766310669004781529e-04
9.192379440763396138e-04
1.945067624039791660e-04
9.159389850593544369e-04
