1.725039739991426208e-02
1.266090396912592994e-02
2.740346149167365852e-01
2.824366352964765084e-03
1.050966824226683832e-03
2.029073956196875260e-08
5.125765721374863065e-04
9.762356472212432813e-04
6.482750930634768698e-05
3.445832870082819722e-04
9.571807072455262161e-04
4.217983945646459052e-05
4.125183695851405508e-04
6.670570136645028857e-04
4.513193935141291205e-03
1.220262008346731516e-04
1.424532505410636791e-03
6.322037734780065754e-03
3.983413165857355458e-05
1.033818739289056338e-03
2.421130346973057994e-03
4.265656859447817487e-05
2.453922792046465615e-03
1.351466305103252510e-03
9.920506661506280034e-05
2.558081699382806686e-03
3.202415478878791345e-04
1.308175549910366121e-03
2.185902611122438229e-03
6.636574062159124321e-03
1.838415977751061466e-03
2.353976276167791398e-02
3.005743868784287089e-03
6.736194874724177675e-04
0.000000000000000000e+00
1.963839618980599624e-03
1.089942215335240605e-02
1.584978894175707561e-03
8.329029241380517951e-03
7.833137127795739701e-03
5.923288527456311778e-03
3.888090955211357530e-02
4.527947202584646155e-03
4.268780083125760412e-03
9.111065471944720939e-04
3.913354487948394870e-04
7.542957541931216356e-03
2.918780908973640439e-02
2.430698722220859794e-04
1.066882567816223410e-03
2.685229605356768967e-03
2.342255144017599180e-04
2.077560995058253673e-04
5.638676204620565301e-04
5.129353829180341266e-03
2.635506523179676906e-04
1.531573006824468123e-03
9.886804487755656082e-03
1.705518833800751856e-04
1.812451048823762820e-03
4.594674318467221975e-04
2.039250936270916719e-05
1.176421912143297503e-03
6.235154434101207368e-04
1.759344309274482319e-05
1.498096113034231257e-03
2.032286604568194453e-03
1.118812464260651252e-03
5.420824477158789345e-03
1.020710723721266920e-03
6.189338103526746161e-03
2.922011133816910800e-01
2.728009154698926835e-03
0.000000000000000000e+00
0.000000000000000000e+00
2.269156888836711475e-02
1.186373985205385964e-02
2.872803542054994368e-03
3.251231456525545491e-03
1.607875537360778199e-03
1.762750156567456997e-02
1.884226604724375739e-02
2.043940355042434681e-02
8.151927655005346350e-05
6.704676601646433753e-03
8.075851592056722868e-04
2.641500735144623638e-04
2.265081149135919972e-02
1.742187139860398946e-03
5.628140956761923603e-04
2.312191520222026814e-03
1.577819840689737929e-03
2.911837416149369215e-04
1.334804720394422483e-03
1.174323107490712632e-03
5.091027869301963452e-04
5.263085395470586863e-04
1.884483753172267557e-04
2.795346185890340649e-04
5.896480502530178011e-04
1.069728220323386313e-03
2.256666087644420855e-04
8.325266036463955556e-04
1.187408166390277681e-03
3.673657750162056211e-05
1.282526244676924750e-03
9.926739761061953438e-04
9.613206656744239945e-04
1.098332567705855240e-03
1.745526990577045369e-03
7.557815968681024345e-04
7.105177168854858762e-03
7.425488798811489448e-04
2.471127933683909639e-04
0.000000000000000000e+00
9.092001589359030491e-04
8.677854091328635880e-04
0.000000000000000000e+00
4.125170125879534604e-04
9.494814998568914047e-04
1.143738281562781383e-03
1.450850501508397367e-03
9.546509263978021414e-04
