2.236664198975748738e-02
1.503735949562482951e-02
2.990915515988867290e-01
2.513696868694049579e-03
8.559046503012911113e-04
6.196113868825432577e-09
8.090560112743677788e-04
2.589873578824768846e-03
2.119836210848979007e-04
2.373778008681199367e-04
2.239395568464577855e-03
2.037564654461206971e-04
5.952587221168210768e-04
8.086308401393195108e-04
1.775870419857128370e-03
2.461376353105468513e-04
1.529861814697577177e-03
3.895216465704608947e-03
2.810160173632941598e-04
1.058879508833697599e-03
1.101106183049329517e-03
3.823923421554833698e-04
1.007783339849414829e-03
9.794965198539461876e-04
3.104808701543653598e-04
1.203895302710451722e-03
3.805256309276316929e-04
1.168399969766574205e-03
2.584309750454080300e-03
2.959115626192856258e-03
2.341479600243174652e-03
2.349833243922868839e-02
1.498572981527539249e-03
8.956184418655340060e-04
0.000000000000000000e+00
8.549061055827845979e-04
7.251365874683696200e-03
9.283661140582852994e-04
4.319374904557049012e-03
7.914104188863220132e-03
1.227867759881088282e-02
5.635991393506175479e-02
2.095601820998005405e-02
5.377204376577161826e-03
7.561197992085873058e-04
1.353905773595805336e-03
3.945831951451245385e-03
2.852013232456233893e-02
5.545248259151943005e-05
5.920522682736631881e-04
2.464632784753783678e-03
2.033340894993342963e-04
5.310100160623802126e-04
7.389453371292375788e-04
4.276485445561438448e-03
4.650662066162261719e-04
1.376344008881146518e-03
4.500093480354039679e-03
2.767940633554457470e-04
1.339996590865871187e-03
1.705836355095773657e-04
1.715184178884560508e-05
8.453528086186810810e-04
9.688170984164009691e-04
1.060111694464366738e-03
8.212457463957696961e-04
7.467183871963311518e-04
1.409695061653907979e-03
1.480538887039594765e-03
3.213079573444266226e-03
2.016813659083807608e-03
2.559453343626572619e-01
1.155237221065182366e-03
0.000000000000000000e+00
0.000000000000000000e+00
1.523663939017780300e-02
1.229975168674511156e-02
8.006747764071782663e-04
2.483538388676105168e-03
1.867425873093886716e-03
2.495160857014494526e-02
2.549935898024162373e-02
1.688182447997517779e-02
1.793866060717468731e-04
1.503987514314706741e-03
1.507505743761645826e-04
4.369207485002127495e-04
2.471628832899839048e-02
8.278174517208654716e-04
8.636582240948213708e-04
1.646923557979745097e-03
1.014078405134808585e-03
2.255736751506843727e-04
1.701445300426991441e-03
1.038120397997540321e-03
7.136574837618257653e-04
1.763933498996018414e-03
3.011429984380933358e-04
4.669464525470405159e-04
3.467067753943944928e-03
8.886299848654997469e-04
2.094121111049652550e-04
1.145762149783295832e-03
1.029863007809302903e-03
1.181687881282872393e-04
7.397160057093854013e-04
6.054245939515242713e-04
8.208953038393490597e-04
9.865971385793442620e-04
2.526897950751719277e-03
8.926279772376320741e-04
4.813248002306510891e-03
4.141323512508159749e-04
1.260594815679707019e-03
0.000000000000000000e+00
1.615632411229403487e-03
1.599076488621319243e-03
0.000000000000000000e+00
3.860170001588857092e-04
1.512966335578828101e-03
4.219761118654705135e-04
8.501811137733504250e-04
1.977867064245733206e-03
