1.243869647694095665e-01
1.809373544198878414e-01
1.290118339918921997e-01
1.441866067516289242e-02
1.153639352508975882e-02
6.155382129039183154e-06
1.645529004847483961e-02
1.020151025616020807e-02
2.488275460255960289e-02
4.194500228786825734e-03
6.493439633404993541e-03
1.844623277115570517e-02
8.024310499264938196e-03
5.632220882783410022e-03
5.765367929590242864e-03
4.271747072683661391e-03
5.574402210322404461e-03
5.618923083463031251e-03
5.188278482353864476e-03
7.117178790266409649e-03
2.319072079393719177e-03
3.636509086585458517e-02
2.646235830687648696e-03
6.603682329346298972e-03
3.257569888875322395e-02
2.583355339185299058e-03
2.656647661669306413e-03
5.239446465178694209e-03
6.724868302512240249e-03
7.582829300142820451e-03
6.471741788490817382e-03
1.698234382317207469e-01
3.068579235514700722e-03
5.536228417592287815e-03
0.000000000000000000e+00
1.076749975586189199e-02
1.863875927575147154e-02
9.110059282807411382e-03
1.170813945598443359e-02
2.045518661372973043e-02
1.665929069607718568e-02
1.565454395416409836e-02
1.864608697474004484e-02
