1.823856610311667681e-01
1.700463917243999201e-01
1.419071074899204143e-01
1.644829361793608002e-02
1.102376984009214092e-02
5.026250166295809653e-06
3.429689541042744289e-02
1.377623585504572472e-02
6.267333019717991061e-03
6.025308388987480300e-03
1.011347067949448265e-02
6.458039860679334714e-03
6.254275642717104476e-03
6.287375265331143770e-03
4.527603047054940509e-03
4.593638372010573970e-03
4.884711301765474502e-03
5.908650613049608140e-03
6.579715234495648463e-03
4.653603306711212931e-03
2.653805548016192721e-03
1.598943440431876278e-02
1.609255687386626976e-03
2.918083947626950135e-03
1.283907775960983592e-02
2.557910462599824377e-03
5.820217486200154715e-03
7.079443284461847674e-03
6.596505720993426324e-03
1.719293317281278544e-02
6.825354065313135599e-03
1.451922180760581993e-01
2.432486155028825911e-03
5.565798114794051274e-03
0.000000000000000000e+00
5.833107279407166376e-03
1.388991808416573104e-02
8.417206988992618696e-03
1.304924591097711938e-02
2.273155947228491097e-02
1.861691741336863812e-02
2.158447633933164439e-02
1.816193867508181237e-02
