1.357828575853841091e-01
2.093783961521821779e-01
1.322298649580101737e-01
1.182331025848354193e-02
1.400789048438842548e-02
2.579219502836102864e-06
6.351477770537988787e-03
1.689179145580889038e-02
1.602792804343507183e-02
4.600548255498920075e-03
7.597940229189427928e-03
1.496546675221913959e-02
7.106711241825684408e-03
8.443103228078304920e-03
4.804831844143661948e-03
6.893370593830271641e-03
4.669266114751825271e-03
7.695874611430006569e-03
5.317303863178071341e-03
5.229268850589065785e-03
2.939035225055683723e-03
3.144863530752359942e-02
6.174373642750729738e-03
1.201985052089661783e-02
3.016745104229279564e-02
3.777140273397768411e-03
4.047582667982977181e-03
6.197663762353965503e-03
6.034487546823774466e-03
3.612536593078359819e-03
6.607516937260894674e-03
1.414607113518122905e-01
3.106738884974789578e-03
7.551453131349867252e-03
0.000000000000000000e+00
9.492362642641645476e-03
8.411230049355542665e-03
8.360283457653067823e-03
1.137029958288449279e-02
1.767261434459521316e-02
2.087332891746925337e-02
1.530878811240464835e-02
2.354613449297445274e-02
