-5.291934965332557958e-05
-5.067362172593436754e-05
-8.061676591575337443e-20
-3.137529356832307919e-20
2.194594338118323237e-20
4.317511355200737256e-20
9.472240690855645069e-20
5.909934323362842702e-05
3.463715643918625041e-04
-2.201194555745998303e-19
-8.217601747286051368e-20
-4.556315588222533316e-20
-3.265135905889144172e-20
9.442315296805578374e-21
5.139156622880876411e-06
5.974228149412886055e-06
3.404529834556978317e-05
7.223228003192968779e-05
-3.969004561255333376e-05
-1.271802821146173421e-19
-7.089669479682475309e-20
-5.165199369618261635e-20
-2.561853434810602657e-20
3.723404200140434856e-20
3.638079929423892011e-06
5.307972657781798771e-06
4.333093947943182438e-05
-3.973346568558475334e-05
-1.055757981319887505e-19
-6.375792650285674390e-20
-1.548692288271789251e-20
4.544022505211490531e-21
1.195676915103001732e-20
7.500999912168011049e-06
8.305326404584324390e-06
3.596549073406079438e-05
-2.019162996526707891e-05
-4.170158912983444407e-20
-3.240364282023482541e-20
-1.424535205958568534e-20
9.984512625448560130e-21
1.920686112037167095e-20
6.350466290307585532e-06
8.693764376033645883e-06
8.807999462229787490e-06
-1.784393584196300049e-05
-4.285361179003076285e-20
-2.780056368824492617e-20
-1.193257965670703228e-20
-7.330287683460022857e-22
3.572744108572004188e-21
1.681542274086160137e-06
8.300870662022628586e-06
8.394126251930471050e-06
-1.508670469507469443e-05
-2.901979653085963561e-20
-1.377157312540752925e-20
3.592977389369722849e-21
7.132027123303723907e-21
1.192463470568876255e-20
5.549983564332448046e-06
8.165167379347848181e-06
8.363156043300559191e-06
-6.353175436235222955e-20
-3.019236728804061313e-20
-1.201569625472112727e-20
-7.765638983794575210e-21
-6.832128344728524933e-21
3.487419781052705278e-06
4.824168723022412973e-06
5.529069986047246121e-06
1.719565835136709197e-05
-6.499966225778944970e-21
9.361223533903416666e-21
2.145771616715694134e-20
3.427495474126685993e-20
3.829469954833022794e-20
5.644001278308471888e-06
6.152614353835432880e-06
1.965867750493387929e-05
5.715444099454128769e-05
-5.193399275122643219e-05
-5.025884863800599727e-05
-7.407287134853765364e-20
9.992703433581712716e-20
1.272634374551790116e-19
1.287991872182202734e-19
1.383138934819404895e-19
7.223389581448755553e-05
3.440325579780050295e-04
-4.966264029382136093e-05
-4.936219825449212066e-05
-4.267161826224285135e-20
-2.528444253444379775e-20
-1.872873747400076138e-20
7.814630135887082912e-21
1.419575794911147674e-20
4.230019463948422252e-05
3.345757503729752773e-04
-1.851129479165099686e-19
-6.384452382162504473e-20
-5.779520421278982379e-20
-1.463145000571747561e-20
-6.421919797233456903e-22
4.471497631547549911e-06
5.517404628989358364e-06
4.040977190095312117e-05
7.025415267171060960e-05
-3.609388384728891074e-05
-4.225374253508636372e-19
-1.098006679455773942e-19
-1.081875363925213006e-19
-1.970940129463639688e-20
3.605145363482494408e-19
2.797359770944840334e-06
1.112464512122917817e-05
4.661336128952560219e-05
-1.429368764154306823e-19
-6.447642870693050945e-20
-1.324746634687039930e-20
-1.076529575390858247e-20
1.343201472593478174e-20
5.980904809695529844e-06
7.489459689983665954e-06
8.927630180561619771e-06
3.554463814870301283e-05
-5.876142973081853959e-20
-3.459411209646320781e-20
-2.952869107454978457e-20
-3.468539268529727737e-22
9.421156353724691780e-21
6.741093631655691602e-06
7.950483919016015859e-06
1.245135016624313549e-05
2.011839899304724622e-05
-1.276783276498353974e-05
-3.808847373357061472e-20
-9.086602475805488498e-21
-4.868147365301276145e-21
5.422624959848413813e-21
1.278951711208885501e-20
7.262656602956081511e-06
8.066796081072690749e-06
1.349171689779772771e-05
-3.875072113421038194e-20
-2.851722700088047414e-20
-2.092763750556411742e-20
-1.066759733116944737e-20
-3.952047570540798858e-21
5.790369171930741559e-06
7.616792051473644448e-06
9.243548613984883054e-06
1.757122903552219833e-05
-8.846356506659300657e-20
-1.747738683618263521e-20
-1.700356601793390842e-20
-1.540579889063213111e-20
2.080029257524676509e-20
4.164559040008432612e-06
4.212718636749993221e-06
1.098420769481019291e-05
1.986554054530274293e-05
-1.435571216352107725e-21
4.012003850853086716e-21
7.363301173021003092e-21
8.017492537205207483e-21
4.171918067195693158e-20
5.092933569518253814e-06
6.146825831445487194e-06
1.839800426711528223e-05
6.117673689525954576e-05
-4.883672661221426958e-05
-4.832734358903137178e-05
-4.782474237533939435e-20
8.987533153339895290e-21
3.950054856046518976e-20
1.165158818530507664e-19
1.975058747586246014e-19
9.802339816555349949e-05
3.336915089176170331e-04
-4.955021162379467855e-05
-4.915167501583891707e-05
-2.595273354186836811e-20
5.259902205008614996e-21
4.145901692039602246e-20
5.660032138164034781e-20
6.056819919210677402e-20
2.623535553674264043e-05
3.543188912382608767e-04
-1.978237831738213041e-19
-7.750107664084438033e-20
-5.627944626962369936e-21
-4.358285954714740397e-21
4.000270269101105691e-20
5.676457648513395445e-06
5.888864313305533354e-06
3.455443110232804511e-05
7.021705151841263243e-05
-4.257811152608035411e-05
-1.259070121126279797e-19
-9.177897518444267913e-20
-2.460540493215863326e-20
-1.611120790398503244e-20
-7.148871760705185179e-21
2.698999066747393194e-06
9.717476812978691390e-06
5.002520188997374275e-05
-3.555433182465396838e-05
-9.390076295021519215e-20
-6.401477100695663736e-20
-3.512983956566298418e-20
-3.507568991144355656e-20
-1.005320485624619269e-20
6.245634449405841326e-06
7.518964138055636154e-06
4.056301530408155389e-05
-1.772443292921738634e-05
-3.262368697095320977e-20
-5.637701286852076700e-21
-3.594140017788525023e-21
5.742405066681455287e-21
2.564601901815845264e-20
6.942517953100435480e-06
7.461238219781340955e-06
1.287045442002834521e-05
-1.398481535694793038e-05
-5.416121971535337619e-20
-3.813122625693880549e-20
-8.107301268881744059e-21
-2.727265832471846381e-21
1.099371728951286066e-21
3.680589871754769209e-06
7.047059424306426055e-06
7.794156590558996142e-06
4.745423761727775727e-22
3.602239770468410746e-21
6.339946863920087745e-21
9.344245945446373959e-21
1.744223078110876246e-20
2.404955503270788283e-06
6.166714732361858664e-06
6.619412043517253644e-06
1.452105802133935936e-05
-4.403910310501404159e-21
7.388932321921689062e-23
2.304087237037184396e-21
1.135647496583980428e-20
1.457966361082087999e-20
2.150789492907688356e-06
4.466194993358971351e-06
8.745417316197721922e-06
1.297691173137555969e-05
-1.410270178771603201e-05
-1.312470163990497007e-20
7.974422298406738989e-21
1.066353914548414914e-20
2.917768347508647010e-20
2.943224498642000068e-20
4.859696179637530402e-06
1.697882061786873108e-05
6.326767704367466656e-05
-4.829687886733385519e-05
-4.762103133463957828e-05
-6.394925533303298689e-20
5.079121333571026575e-20
6.332748908363158619e-20
8.713405460143617384e-20
9.117822588227659713e-20
7.460944261374547663e-05
3.537716355763450920e-04
-5.142505660956081249e-05
-4.734621419265963176e-05
-1.749172118416616586e-20
-3.567947205817328279e-21
8.087563111267386255e-20
9.775825349060827381e-20
2.108410088745365083e-19
5.262704727207988264e-05
3.580053624679508891e-04
-2.441855220073987893e-19
-1.819909906596924952e-19
-1.058515011870259177e-19
-9.251840031915075566e-20
-6.679651939246022852e-20
1.188422494627418259e-06
1.799896150052218232e-06
3.134579272759240997e-05
7.413397160035511925e-05
-5.881767888829575491e-05
-1.351402554104458298e-19
-1.219469986443331696e-19
-9.279452007707681501e-20
-3.654747085557477896e-20
4.674789509118921853e-20
2.087374373877418366e-06
6.195996013529493309e-06
5.369600118284431818e-05
-4.522133170970778318e-05
-9.286222762057647119e-20
-5.411952399382324970e-20
-1.868990553710156886e-20
-1.841835180595616278e-20
-1.076865762793537289e-20
6.705822231024869830e-06
6.825431273276628419e-06
4.421356539799089580e-05
-2.203280152149385165e-05
-6.038631109624134715e-20
-4.624793176644711299e-20
-4.246903746993049630e-20
3.783467336321396416e-21
2.623757376586140279e-20
7.263901565653470342e-06
8.078288317306728510e-06
1.749381215053679394e-05
-1.393782000389252499e-05
-2.470433717679291401e-20
-9.452294587022264712e-21
-1.912840409493404252e-21
9.534518221385965699e-21
2.020705327496043231e-20
7.103386311288995400e-06
7.712971640101388287e-06
8.177345528514030860e-06
-7.148392941207865852e-06
-3.677830940901035805e-20
-2.323435254413515109e-20
9.076939096387984535e-21
1.682306837537860207e-20
2.107102352207435955e-20
6.668658824991314762e-06
7.039712877326694398e-06
1.146689103727090216e-05
-9.124902583637475017e-20
-3.663587493099675218e-20
-2.766332529473221701e-20
-1.980278333121952719e-20
-1.197552644400900028e-20
3.296083653732933349e-06
4.178999902914533844e-06
8.602452494590189742e-06
2.723161817685078038e-05
-2.257893237599362778e-19
-7.112519245344827354e-20
-6.465761939872229687e-20
-2.299132131608288837e-20
1.076627015134921987e-19
5.034823908492776204e-06
5.189541678263280524e-06
3.103723704849304564e-05
5.168016687456388359e-05
-4.943916082800990506e-05
-4.692937400345892395e-05
-1.200109376723775293e-20
6.488656848574950940e-20
1.051475860190561866e-19
2.368042842935796327e-19
3.429156804977175998e-19
1.187994878808869747e-04
3.409668838086818941e-04
-5.181945229132949054e-05
-4.918320347403842650e-05
-9.522558780206892395e-20
-5.578887731695807435e-20
-2.344510472414925715e-20
1.044083182715058553e-20
1.303697367537923547e-19
6.553060531945454519e-05
3.316904554975450004e-04
-6.069992178723200999e-05
-1.647819867571725549e-19
-1.274895264589496635e-19
-9.227159568731074155e-20
-4.908000833277636348e-20
-3.773152340742445495e-20
5.780070050373656228e-06
4.250921454283360150e-05
7.953044129127346715e-05
-5.629827180025245940e-05
-1.623405891229958144e-19
-7.562657161143247177e-20
-2.950867669554674048e-20
-2.909483287436404306e-20
-1.721826244002093900e-20
6.018750478524591234e-06
6.282061523745509945e-06
5.770213758703362833e-05
-3.386436625910336113e-05
-1.021236356852770749e-19
-9.280808567231450495e-20
-2.905431824662402813e-20
-6.199698423341698653e-21
7.004322363979257146e-21
7.388698146096260138e-06
7.662812119249689380e-06
3.756466398844929413e-05
-1.662673677652617177e-05
-5.122007379530700229e-20
-2.246438021847785067e-20
2.660095340169007984e-21
1.120137073357363370e-20
2.277968857607397658e-20
7.417266947574647236e-06
8.384449971546625765e-06
8.524014549674002947e-06
-1.259346927006692695e-05
-2.807525545522497242e-20
-2.150953281933011821e-20
-1.865769370468825859e-20
-1.705817007052576526e-21
4.893920050130427002e-22
2.715130857552650537e-06
8.102966193491604202e-06
8.302646230771315949e-06
-6.874137361870711826e-07
-4.620105163304728413e-20
-1.851100080356614942e-20
-7.928226582538914335e-21
3.942141188370625562e-22
8.851125708400453105e-21
7.239643421016552681e-06
7.611521119361426361e-06
1.586251822212298790e-05
-5.760279236810689497e-20
-4.527615179525700991e-20
-3.254628871213199312e-20
-7.589542761975532586e-21
2.378668302853163947e-20
5.070948508344683339e-06
5.807753384042344867e-06
1.338935593044958824e-05
1.650202704595528746e-05
-2.844725541774473587e-21
2.255637197713092824e-20
2.615826707422325766e-20
3.488865226946601516e-20
5.622836076269463399e-20
5.219972682372258067e-06
5.716869059507804669e-06
2.101147140249112806e-05
6.209176282197997941e-05
-4.971303228959201041e-05
-4.674831441311379021e-05
-2.470086590081793325e-19
-7.939579971627759206e-20
3.136315244941879502e-20
2.402984014501815924e-19
5.588013749244788627e-19
1.116254077628315460e-04
3.324579528802518408e-04
