4.619136700929201250e+14
2.161896131467865625e+14
1.940418824842155000e+14
2.034336440541268125e+14
1.467737135458056562e+14
1.282646786313774375e+14
1.360978267542111406e+14
1.198950717774177812e+14
1.912734314594581250e+14
4.693064667004131250e+14
4.412140354464508750e+14
2.179736576643640000e+14
2.025464933391503125e+14
1.604211260393166875e+14
1.524512164078005312e+14
1.450890384101773125e+14
1.407395652798182500e+14
1.346805670310236250e+14
1.912377186310935000e+14
4.779901210159093750e+14
4.313059166408530000e+14
2.164405540054976250e+14
2.083934222047256875e+14
1.994786750908223438e+14
1.494311519266215938e+14
1.260535075533692969e+14
1.182550754534306406e+14
1.150988556364381875e+14
2.047186217517712500e+14
4.687825845870713125e+14
4.566429954577868750e+14
1.888960561178096875e+14
2.148954044153256250e+14
2.108672792443165625e+14
1.636193507175548750e+14
1.366199682901719375e+14
1.282216783861706875e+14
1.363449459719156250e+14
1.961758643990496875e+14
4.909148586241918750e+14
4.599536695875305625e+14
2.909745779778089375e+14
2.277016601292436875e+14
1.979104731243054375e+14
1.432135258705826875e+14
1.240096643205497031e+14
1.164829635607645000e+14
1.405684167250263438e+14
1.945581072663240625e+14
4.845595567186663750e+14
