4.879003915631992641e+03
1.047706078809205565e+03
1.295444728865267336e+02
9.559699546048003640e+02
2.430418195147739425e+03
1.826273269484098307e+02
6.914714465287103167e+02
6.266454922211801204e+02
5.514477305804281286e+02
2.211516260904958472e+03
8.104536862666474235e+02
5.741630198081699064e+02
1.389831935513490407e+03
7.127984168319629816e+02
5.157110049188366929e+02
3.005270015812790234e+02
2.854589537357778113e+02
2.879243008746382770e+02
6.802690707684229210e+02
9.685041317671676779e+02
1.022778609044714472e+03
9.690585463019648387e+02
9.344114360228444411e+02
7.754772492693100503e+02
2.004255641936820757e+04
9.360891716283304049e+03
3.731741091584125570e+03
6.877756528732859806e+03
3.658570637185927353e+03
6.991709553031940914e+02
3.651592036485989865e+03
3.610477365035342245e+03
1.542859904722547981e+03
3.619624595694381696e+03
1.126043915267652210e+03
1.028390666352379185e+03
3.474983480155462530e+03
3.442941543353028919e+03
2.413187205944646848e+03
1.654427175559696479e+03
1.603768637959168245e+03
1.238419775428466437e+03
3.446633880934026820e+03
3.401567414475045098e+03
1.476269696211376186e+03
1.427682816480948986e+03
1.219840263644695369e+03
2.641753033229859966e+02
3.451914193578233608e+03
3.414845953336573984e+03
1.484094550334406676e+03
1.309020748025721332e+03
1.140981296538911238e+03
7.228383397263793313e+02
3.418383932556338550e+03
3.384211427318928145e+03
1.393236535744851835e+03
1.009480593516086401e+03
8.876547380637302922e+02
7.868909900853791441e+02
4.899338479340207414e+03
9.185609421915133908e+02
9.660108448809288575e+02
8.150998645138416805e+02
5.508257870005464838e+02
2.418377399199683168e+03
1.719499918259736887e+03
1.337077772615371885e+02
3.830718809851592823e+02
5.188702227873134234e+02
1.525535164848883483e+02
1.575851656748992582e+02
2.844634809201174335e+02
2.781727688832751255e+02
3.544925479279166666e+03
5.586125334233470312e+02
6.459676701696872669e+02
6.889038458548878907e+02
6.755294750830315706e+02
5.814667855195478978e+02
3.224049289212567260e+02
1.065742090500475342e+03
9.772865816493891771e+02
7.926318251629265887e+02
1.557238080749951587e+04
5.039748338253608381e+03
2.878744242985685560e+03
7.416571651372609267e+03
3.496488550765660420e+03
8.691646656840271135e+02
3.663731568978089399e+03
3.612815509593744537e+03
1.553863565426698187e+03
3.612528892373699819e+03
1.399903946376924068e+03
4.243620568989564958e+02
3.620017421527099486e+03
1.096892846828592837e+03
9.552514701466645874e+02
3.464881382429832684e+03
3.414487148348213395e+03
1.560004027954643107e+03
1.500175276937310628e+03
1.288002136195555067e+03
6.622313531781059055e+02
3.452379779411588061e+03
3.404833044607486954e+03
1.446591438971089019e+03
1.051807438589698904e+03
1.016713117512573831e+03
9.932481233955437574e+02
3.446702818652635870e+03
3.398812729966690767e+03
1.424459330807288779e+03
1.014687360387977265e+03
9.524370106866336982e+02
9.247259203307286271e+02
1.022034285683196867e+04
3.572876372792621623e+03
9.108312243332599110e+02
4.843785283040141621e+03
3.420018090509279318e+03
7.744187290426337995e+02
8.047818829215899541e+02
5.285682324725302124e+02
5.063147001431207741e+02
1.703587056738893125e+03
4.517544506950848131e+02
5.740358121480451246e+02
5.438464917033746815e+02
4.333917327067360020e+03
2.035835651229969926e+03
1.557914297940100141e+02
2.460999558029845957e+02
2.501127899400625665e+03
5.474249631825226743e+02
6.459680408010641486e+02
5.470637604426003691e+02
2.691359945778925521e+03
1.454642839450241354e+03
6.648685327525198545e+02
7.734734864596600801e+02
2.038164044188067419e+04
7.795540147722238544e+03
3.651191579672152784e+03
1.064330014355149615e+04
3.250125457789735265e+03
3.114499420372756504e+03
3.619571167684898228e+03
1.512404921881353857e+03
1.030120188528829658e+03
3.622164187055307593e+03
1.415215942299268590e+03
4.297515339201576694e+02
1.687710934955232369e+04
5.917255580476475188e+03
4.985064426112456204e+03
3.402115963143009594e+03
3.277689835855959245e+03
1.540340828226572285e+03
3.470806583795766528e+03
3.441099754441548612e+03
2.360595670909932778e+03
1.646736641190285582e+03
1.599116605521233396e+03
1.254295463979937040e+03
3.442368558869934077e+03
3.396744452420726702e+03
1.431241294943115690e+03
1.039157400764402155e+03
1.019466376847314905e+03
9.781490787980544610e+02
4.681628172510711920e+03
7.870758741235722482e+02
5.812643540285828294e+02
5.494500076067117789e+02
3.939295052309546463e+03
3.210545597920950058e+03
1.233460153205210418e+03
8.091222437953358622e+02
1.208746016610352427e+02
5.114254247422609865e+02
5.688801683975004835e+02
3.676080446491346265e+03
5.127711837999527233e+02
2.817112789172102794e+02
5.566272375356148814e+02
6.834558076120309806e+02
6.820928317939681165e+02
6.804913308343059271e+02
1.453024944523438990e+03
6.790318120566467996e+02
9.849778273508381972e+02
8.630946729335813643e+02
7.192612301645011712e+02
1.389694492160270966e+04
6.754066872497979602e+03
4.930649215883411784e+02
3.615144073399419540e+03
1.510796499442711593e+03
1.020777179883505141e+03
3.609238459739673544e+03
1.404574084485921048e+03
4.201236251199825347e+02
3.620610378957351259e+03
1.311193950247914017e+03
6.373835643450837551e+02
3.616927237562944356e+03
1.107738862418323151e+03
8.892466157901939141e+02
7.261986101510813569e+03
3.516260853768014385e+03
3.495671580446227381e+03
1.615828409128053408e+03
1.584453772756704439e+03
1.342175096188967018e+03
3.483338659852041928e+03
3.442660111385258915e+03
2.396759495327981313e+03
1.628833534727309370e+03
1.604655377094685718e+03
1.278109513611923376e+03
3.444413921800212393e+03
3.407003658376444037e+03
1.472873925641337564e+03
1.318441747224016808e+03
1.141413025600213814e+03
7.361271538731327837e+02
3.445805370223918089e+03
3.402826549563008939e+03
1.440420185323313717e+03
1.127679970813785076e+03
1.025363985925519501e+03
9.827269622137198439e+02
4.904170706780949331e+03
8.991892811465636441e+02
7.622871931412079221e+02
8.179734521863356349e+02
5.211400384804005625e+02
4.053296310508724673e+03
1.674494664368847907e+03
5.020764018830230384e+02
5.715743592119285950e+02
5.318966992611011619e+02
3.697728285339702779e+03
9.671894177251585916e+02
1.524578170558652630e+02
2.443978295312906994e+03
2.847351158829201836e+02
6.852777795932992149e+02
6.280661478481390532e+02
4.451363054977121465e+03
1.013947078103633658e+03
8.496673427512752141e+02
7.993157953423612980e+02
1.440705444239060489e+04
6.976756121595501099e+03
3.175991826321516783e+03
7.426548495134577024e+03
3.359687898680974286e+03
7.981910315747836648e+02
3.621497093645914902e+03
1.122120104279561474e+03
1.014372856625356917e+03
3.619656702203904388e+03
1.092980693162945272e+03
1.043976412756450372e+03
1.156311883700134604e+04
6.233382777225683640e+03
3.674357861246598532e+03
3.601980108599738287e+03
3.510122966015359452e+03
1.851815470256035951e+03
7.246461309360048290e+03
3.523438492089980173e+03
3.487753270401714872e+03
1.447850077623541438e+03
1.350620725025664569e+03
1.203352038022832630e+03
3.567651658334140848e+03
3.461648390861650569e+03
3.425167331536245001e+03
1.602220896956509478e+03
1.586029985727405119e+03
1.166164476649536027e+03
3.472786417595370040e+03
3.436768560005808467e+03
2.471304124978493292e+03
1.668121245257271767e+03
1.625321084101375391e+03
1.257336074133858347e+03
3.464433849212875884e+03
3.413286366082481891e+03
1.635031595609981196e+03
1.604433424657215028e+03
1.511308117332576558e+03
1.170357140157729191e+03
3.459709683262569342e+03
3.410289915542171457e+03
1.510240822466186046e+03
1.415478376769060560e+03
1.202653615503225637e+03
2.214845280606629103e+02
3.449746721216169135e+03
3.401563500467215817e+03
1.442704912466050246e+03
1.047761267400872384e+03
1.021866278552565404e+03
9.776778918533117348e+02
