2.758702885817423400e-01 -1.056389809931266299e-01 1.432055844271691233e-02 -1.300755543099999662e-02 3.317054356939867690e-03 -4.303474752075090088e-04 -1.313429638442768221e-01 3.488889302575757384e-02 -1.410717586129164314e-01 -1.313859518504527646e-01 6.942841821636215605e-02 1.276325523516116944e-01
-1.046121250577934092e-01 9.908230327225622802e-02 6.608811157012997595e-02 -1.475029564847887137e-02 3.524117817375805456e-02 -7.297399854645028779e-03 3.856273656113263365e-02 -4.598315451547484167e-02 4.755051502289626975e-02 8.373375517025538617e-02 -8.557266532251117663e-02 -1.021080916223850998e-01
1.416441975995307370e-02 6.605641859457093978e-02 5.644036107149977832e-01 1.913326018649616706e-03 -7.297291829645037586e-03 -2.006815147825807485e-02 -1.819768566984096558e-01 4.838534673096624161e-02 -2.922301682652485022e-01 1.661733206361476201e-01 -1.024707032768685383e-01 -2.527158295920362008e-01
-1.300755543099999662e-02 -1.475029564847887137e-02 1.913326018649616706e-03 6.585810978371401357e-03 4.353039345354532035e-04 -6.179596236792177645e-05 3.486613974218255498e-03 7.827900885902214917e-03 -9.128283445222252785e-04 3.588317044640979871e-03 7.730095140736171176e-03 -1.247757853452005411e-03
3.317054356939867690e-03 3.524117817375805456e-02 -7.297291829645037586e-03 4.354628835354530376e-04 -3.634377017820489275e-02 5.905974322796864358e-03 -1.200345877175008858e-03 1.916692040439456042e-03 -4.484933894286442834e-04 -1.941921846281597849e-03 -9.729343128448696447e-04 1.424012630546386696e-03
-4.303474752075090088e-04 -7.297399854645028779e-03 -2.006815147825807485e-02 -6.148920549129267658e-05 5.900819135106471873e-03 1.130153876833334473e-02 3.077727729153159446e-03 1.235094546761424453e-02 2.819314757842280098e-03 -2.625636256727763383e-03 -1.140507078777025680e-02 5.600747620703879458e-03
-1.313429638442768221e-01 3.856273656113263365e-02 -1.819768566984096558e-01 3.486613974218255498e-03 -1.200345877175008858e-03 3.077727729153159446e-03 1.191132284858624074e-01 -3.831297027426594504e-02 1.607025762881624520e-01 8.651375420981897990e-03 9.385593240845451673e-04 1.905379777757251758e-02
3.488889302575757384e-02 -4.598315451547484167e-02 4.838534673096624161e-02 7.827900885902214917e-03 1.916692040439456042e-03 1.235094546761424453e-02 -3.831297027426595198e-02 4.350081075647098394e-02 -4.971629610781134329e-02 -3.952701288977235675e-03 7.412904259953073064e-04 -1.072504843658026591e-02
-1.410717586129164314e-01 4.755051502289626975e-02 -2.922301682652485022e-01 -9.128283445222252785e-04 -4.484933894286442834e-04 2.819314757842280098e-03 1.607025762881624520e-01 -4.971629610781134329e-02 3.183143192536653787e-01 -1.865464154088899290e-02 2.642750083453747519e-03 -2.986512494447720809e-02
-1.313859518504527646e-01 8.373375517025538617e-02 1.661733206361476201e-01 3.588317044640979871e-03 -1.941921846281597849e-03 -2.625636256727763383e-03 8.651375420981897990e-03 -3.952701288977235675e-03 -1.865464154088899290e-02 1.206117647134048454e-01 -8.118426824466633274e-02 -1.448107898222841805e-01
6.942841821636215605e-02 -8.557266532251117663e-02 -1.024707032768685383e-01 7.730095140736171176e-03 -9.729343128448696447e-04 -1.140507078777025680e-02 9.385593240845451673e-04 7.412904259953073064e-04 2.642750083453747519e-03 -8.122679578566632808e-02 8.807135728142857778e-02 1.112005557021949198e-01
1.276325523516116944e-01 -1.021080916223850998e-01 -2.527158295920362008e-01 -1.247757853452005411e-03 1.424012630546386696e-03 5.600747620703879458e-03 1.905379777757251758e-02 -1.072504843658026591e-02 -2.986512494447720809e-02 -1.448525273360843635e-01 1.111582842546814526e-01 2.767159180546665542e-01
