-5.191305286430531591e-05
-5.123039656129191094e-05
-1.146320187132856444e-19
-3.404057532709447645e-20
4.581539969501570388e-21
6.419710274802037634e-20
1.299964570724946892e-19
5.929982255601419652e-05
3.469177815010019588e-04
-2.203112113541745570e-19
-8.242591168149411838e-20
-3.568331072452315226e-20
-2.638092910399613274e-20
-1.571605817557956299e-20
4.744587310907448617e-06
6.790333044922672176e-06
3.549663798896980031e-05
7.294313312392236342e-05
-4.049896924144289427e-05
-1.138119711616674650e-19
-6.200215287946765073e-20
-3.394934934045021285e-20
-1.887454474456793715e-20
-1.236331540330617209e-20
3.342869691659742594e-06
4.135997719409115817e-06
4.205453557898304650e-05
-3.915479512096431397e-05
-1.208223561505109279e-19
-1.038064554463155084e-19
-2.179516148019467255e-21
-1.552002345168648795e-21
1.192951369507495916e-20
6.380255824936407182e-06
7.832762829076870298e-06
3.702424327043261698e-05
-2.046778017912779962e-05
-8.698621654812527922e-20
-2.750862383277419651e-20
-2.838063396573126638e-21
4.795533170672970889e-21
4.249576832268080911e-20
7.602160948371850043e-06
8.168895685587444623e-06
1.351923299266427746e-05
-1.863227432219402658e-05
-4.876181649604206857e-20
-4.827130184512377877e-20
-1.117525977091709630e-20
9.627152467813482756e-22
1.808838278696527847e-20
1.750496247738146918e-06
7.288657638280914296e-06
7.643447997225931529e-06
-1.496386258952032188e-05
-4.259050383126611587e-20
-1.466587026644219725e-20
-5.637383395110800605e-21
4.067238987531410336e-21
9.636392767804253445e-21
5.924802309848800089e-06
7.299148171627009851e-06
7.714879755913973079e-06
-4.812575879974403339e-20
-3.122687993781826892e-20
-1.591116754011241242e-20
-4.380804823171827462e-21
4.362404156179982302e-21
2.835891830790474902e-06
3.979864858800811210e-06
4.060423164568600381e-06
1.549723392592595669e-05
-5.038526676229952135e-21
7.204212218779273813e-21
2.439494856092044740e-20
2.879732976678118698e-20
5.257586311176286842e-20
5.108546760893528797e-06
6.966387893890570374e-06
1.985683655040520193e-05
5.901407329007762122e-05
-5.119878407710937808e-05
-5.013940525643560296e-05
-5.527186758187313818e-20
9.518159231836734328e-20
1.110584394484293570e-19
1.134068994183659370e-19
1.348848457472348854e-19
7.230952108119764244e-05
3.446201067951736334e-04
-4.956082415053039979e-05
-4.920204809657469748e-05
-8.302195716487051269e-20
-4.731013542768369677e-20
1.784887584276987338e-20
2.557593238541975540e-20
5.794190312783262177e-20
4.413531209751858837e-05
3.355788129003065890e-04
-2.193147121957973637e-19
-9.891641092823802208e-20
-8.676386446795917926e-20
-3.888680679082497364e-20
-1.370147562012047926e-20
4.270600862938448325e-06
6.288916131983253854e-06
3.339734722477289276e-05
6.667567579827677628e-05
-3.781587500310316604e-05
-1.088523995098897867e-19
-9.402970241627339939e-20
-6.262846536791938349e-20
-1.966816613875457777e-21
2.130127365234701681e-21
3.141820670531525827e-06
7.408160250118800690e-06
4.428271103254578968e-05
-9.093904989529917948e-20
-6.322833683262079264e-20
-1.917053044385345673e-20
-7.936454756368939316e-21
1.507668164573682280e-20
3.622491877168975993e-06
5.616467451734088850e-06
7.393444100134789735e-06
2.939537187339045821e-05
-1.583540771564377486e-05
-3.138646722841307573e-20
-2.906936921406309584e-20
-1.605741992697101766e-20
4.393161974128641065e-21
2.550200561567324423e-20
6.162988788318746647e-06
8.234143892919096018e-06
1.135591467450171843e-05
-1.424349610860827802e-05
-2.297327476966429072e-20
-8.392279139585418447e-21
-3.271942706549256611e-21
1.052570863735849486e-20
1.745397384925776776e-20
4.654282494773455303e-06
8.174942830819947382e-06
8.746002688111313895e-06
-2.302946021154362697e-20
-2.077555510087812816e-20
-8.484948687984765995e-21
-3.922164810227309111e-21
5.784208375622121383e-22
3.959619541581523494e-06
5.378644774287097211e-06
7.506760400039087383e-06
1.026473613307261343e-05
-5.143209708922504195e-20
-2.365276937771158956e-20
-7.308998955590250493e-21
4.625437360317320541e-22
1.898320353010943561e-21
2.912927279385181087e-06
3.940109524882753183e-06
7.216439793358227904e-06
1.697370451849504447e-05
-7.723485767805508360e-21
8.765411023648568096e-21
9.222776896785648892e-21
1.363030680188730741e-20
1.640770955285793566e-20
4.752378802353222471e-06
6.532573270946958860e-06
1.741418515173938193e-05
5.194242720916239910e-05
-4.900828077291934142e-05
-4.783787308407374357e-05
-8.853320829336883740e-20
5.051325584903673330e-20
1.190649261325563712e-19
1.683924975895606891e-19
1.798094238186444284e-19
1.003579945399663470e-04
3.346459415621320867e-04
-5.143357477396658811e-05
-4.884655456067013725e-05
-4.526018114590954083e-20
-2.868857804384323678e-20
5.154098326311355949e-21
3.677940361479633620e-20
5.742328795802781584e-20
2.514598463118397401e-05
3.576016598499758546e-04
-3.840976976736508854e-05
-1.619333911710726427e-19
-1.136751567112779303e-19
-4.676335224426359344e-20
-3.361384338816598636e-20
3.310305297291889589e-21
5.332370066978459867e-06
3.245068834010097868e-05
7.008359131446982777e-05
-4.539607435523688973e-05
-1.569358644042231182e-19
-1.396065672111760161e-19
-3.379238512259309776e-20
-2.599462967565435195e-20
2.149773892546013935e-20
3.208431027089335781e-06
4.516257456960120428e-06
4.687965740855602878e-05
-3.739425733573558747e-05
-9.187865371865577230e-20
-7.757755263512497083e-20
-1.837509112397081534e-20
-1.354913161524415044e-20
1.630092261866820454e-20
6.124809630488030518e-06
7.598297107319434275e-06
3.808560158463687463e-05
-1.726349253008646574e-05
-3.898815450236348857e-20
-1.175402102380666029e-20
-9.107396329962295189e-21
-6.327937920801904329e-21
4.665619676479301099e-21
7.295926959414614116e-06
7.744703266685254241e-06
1.309602620385530330e-05
-1.320227678811264085e-05
-2.644453615918312330e-20
-2.287718521817601817e-20
-1.478551122208465490e-20
-7.072492225246421019e-21
4.241105759788332453e-21
7.486313769082762828e-06
7.857288177206127083e-06
1.309612060815954042e-05
-7.990197784780383070e-06
-1.953817083878610575e-20
-1.076914334661276559e-20
-7.491768381927672296e-21
2.767515075051763403e-21
2.593147208532052017e-20
6.011605429544435792e-06
6.601215599774762345e-06
1.147851118706866675e-05
-2.873780430274583951e-20
-2.094135581153523134e-20
-1.018782966562831893e-20
-4.936054141277505034e-21
1.433727387497316152e-21
2.851455013000178624e-06
3.533051532182746558e-06
5.545511364491468662e-06
8.950260643654314475e-06
-1.423666694454294721e-05
-4.949321644647758777e-21
1.233470620618993457e-21
1.131847632910709368e-20
1.138299343383479203e-20
4.911091462558544712e-20
4.475931435532894258e-06
1.639693069400966998e-05
6.197513098670355504e-05
-5.021785928021380680e-05
-4.747124703685237304e-05
-4.993499833495733378e-20
3.302420314753056849e-20
9.285533982599366024e-20
1.187546200685889208e-19
1.354391167216359384e-19
7.390771004690210270e-05
3.570737444935456577e-04
-4.983728236832716998e-05
-4.627779512600882147e-05
-3.235966621630293932e-20
5.966013534582447821e-21
8.743913107453272838e-20
1.204587581443419665e-19
1.720016631864599966e-19
5.294984713531107493e-05
3.550506099977374184e-04
-2.618497834856325642e-19
-2.301073768717043214e-19
-1.349203334221033290e-19
-5.210188219636798551e-20
7.349159717303724622e-20
6.333544807438105367e-07
1.643920658225616355e-06
4.086866471933516009e-05
7.653686487610075024e-05
-5.514094645318579996e-05
-2.084787737775461021e-19
-1.628566096185529211e-19
-6.674465431854809934e-20
-2.670288811327335253e-20
-2.610632619835687871e-20
5.739922915240619504e-07
5.790797859344464227e-06
5.743363867046332789e-05
-4.503032707752066066e-05
-7.098884073896712362e-20
-5.474302382205435545e-20
-4.429932308956866211e-20
-1.365505455776273124e-20
-8.343734197477469310e-22
6.507283458863575782e-06
6.646999276655033842e-06
4.431054749011821071e-05
-2.131663158881643387e-05
-4.552012771325381634e-20
-3.360524711063279414e-20
-1.679949586651091639e-20
-6.142329485298615826e-21
8.703873478108108573e-21
7.032048799052963552e-06
7.668446565124178803e-06
1.784903105776488178e-05
-1.329905887288721805e-05
-3.867316111723335016e-20
-1.225184553683930797e-20
-6.110503319904872266e-21
-1.471937087626767871e-21
3.190378748404520234e-20
6.921364919834769428e-06
7.227035525749909205e-06
8.265450725532663210e-06
-5.988397341474696439e-06
-2.166578497234995828e-20
-1.249412905975717566e-20
2.087747504512654690e-20
2.515968820425726391e-20
3.880430477097804222e-20
6.231203160041623385e-06
6.901553976364379214e-06
1.198574956334647859e-05
-8.615431895161983820e-20
-4.614223171681210785e-20
-1.403876064250773016e-20
-9.733009700152191118e-21
-3.546098281442716057e-21
1.777693074101292659e-06
3.742373012751863594e-06
1.120782305986807957e-05
2.912950460611342992e-05
-3.311079248357585937e-05
-1.358017682674255597e-19
-8.361992918024137635e-20
-7.264593297779931132e-20
-1.608288288248863879e-20
2.678348430961676069e-20
4.895151193906383311e-06
3.415851874259042813e-05
5.914445117408563530e-05
-4.783363440328869181e-05
-4.589084312838287503e-05
-3.214519379339309744e-20
1.252693986464492276e-20
3.338864224182389774e-20
1.850557429643720933e-19
2.903810252085954992e-19
1.186698930225984404e-04
3.379782183009154934e-04
-5.002373735928112159e-05
-4.783048301732489583e-05
-4.419758591418045876e-20
-4.083629708348239102e-20
1.424893836650691524e-20
3.222341458061336905e-20
3.339957251273707742e-20
7.143984414080103355e-05
3.379736445215150817e-04
-5.612522678447051140e-05
-1.988809164238220095e-19
-1.634968203931339067e-19
-8.384466233028939003e-20
-5.297804656664044029e-20
-2.612296115786144659e-20
4.579172641202975663e-06
5.091668572134636881e-05
8.428271914477251719e-05
-4.714984954381273093e-05
-2.680151746287111710e-19
-9.704907008190317602e-20
-5.679205296902399364e-20
-1.549541571131694548e-20
1.157761306633894220e-19
5.226752044255181147e-06
1.686840720585159329e-05
6.716275643890266421e-05
-1.318740411715922819e-19
-1.064168032430173681e-19
-6.590289941148650588e-20
-4.976334591148512781e-20
1.033896156724910609e-20
7.065178046194210161e-06
7.581238736858811209e-06
1.522226999988145388e-05
4.074226796234308053e-05
-1.457865900594429871e-05
-8.629950852121931267e-20
-5.255078518950126579e-20
-4.621563704258229448e-21
1.067317301323012768e-20
1.234756940953303559e-20
7.908314091958298060e-06
8.262325369337558391e-06
1.498897556072924142e-05
-1.210816809043498661e-05
-6.207208528295710097e-20
-4.372198043611174738e-20
-1.791333074619364932e-20
-3.222472553869249980e-21
2.769469237442022755e-20
7.773438727209184486e-06
7.888232416057167084e-06
1.367154620217230597e-05
-2.380999488854625130e-21
3.236446077271280013e-21
6.819730326442493726e-21
1.791854316476288408e-20
2.996838375235945878e-20
7.102258713472354072e-06
7.451743646605155369e-06
1.050379920219147560e-05
2.212785819968264759e-05
-7.662632444864735614e-20
-6.950967058127017874e-20
-1.686019089505060307e-20
-1.237065858971339354e-20
-1.680298599828052228e-21
3.579969210522902172e-06
4.673086400802944878e-06
2.451388115194402665e-05
2.571150393403033341e-05
-1.656208130533952432e-05
-4.391454947591419263e-21
3.516853494686940346e-21
9.212289530692759538e-21
2.929464400372262768e-20
4.072142778569018099e-20
5.651110134959472872e-06
2.605501612751227297e-05
6.960836358451407367e-05
-4.744708645844012671e-05
-4.535207331341529086e-05
-7.481169375802048022e-20
-3.595759184293021410e-20
4.245216308666225417e-20
2.048856749827550221e-19
2.896916923582260306e-19
1.176159913868898225e-04
3.387093335082681745e-04
