4.618818867570810000e+14
2.188870539059387500e+14
1.896941015445579375e+14
2.005446190276141875e+14
1.568362075623148750e+14
1.260473737326539688e+14
1.337398747893885156e+14
1.093228026835899375e+14
1.934045712699193750e+14
4.688598821169397500e+14
4.428979878019967500e+14
2.102174530529585625e+14
1.963620415218788750e+14
1.409181759044837188e+14
1.441789119422100938e+14
1.333575143925498125e+14
1.163846622687198750e+14
1.191678339139764688e+14
1.829414322187011250e+14
4.793555087722736250e+14
4.323305533737271250e+14
2.562594918638691875e+14
1.986617776669045312e+14
1.988534185769961875e+14
1.504963055533535000e+14
1.452035582966204062e+14
1.275437807407962344e+14
1.011971971065143438e+14
2.021766578692101875e+14
4.707448076224192500e+14
4.538541241164828125e+14
1.954662706163148750e+14
2.062370225487500000e+14
2.099599994691236250e+14
1.619045309311096875e+14
1.344124846247757812e+14
1.252354901574291719e+14
1.363636632950228125e+14
2.440778281295084688e+14
4.877547359417162500e+14
4.634256248294138750e+14
2.945462886551056875e+14
2.435490849309708125e+14
1.781733441704029375e+14
1.518420568596206250e+14
1.450029203638396875e+14
1.514267847585223125e+14
1.597796570209679062e+14
2.258321281678532812e+14
4.866594071260230000e+14
