-4.933044195130370936e-05
-4.833504466175539736e-05
-7.341926901522743386e-20
-3.333082758189869780e-20
-1.275953903552407522e-21
4.888251188743250364e-20
6.090391847583241103e-20
4.909181060723140502e-05
3.399487544364227496e-04
-2.991499075828002192e-05
-1.714539273024077551e-19
-3.632890004414066656e-20
2.185109848632575178e-20
6.050614938270991422e-20
1.569211309653553554e-19
4.724475752106936599e-06
4.260420675500381114e-05
6.729360535028442000e-05
-1.440788208869907156e-19
-1.002692205734518022e-19
-4.394614401225351713e-20
-2.293174626675855135e-20
-2.826727618268554917e-21
4.415968080473106851e-06
4.794771896075168181e-06
1.466882799794157525e-05
4.938369636021798124e-05
-1.079392869909182949e-19
-5.725652714208441496e-20
-2.034082209514406584e-20
-1.446501528618632193e-20
5.502178609541483118e-20
6.236344669594856045e-06
7.310512469416197212e-06
1.172113579848629003e-05
3.547887960548391046e-05
-1.591257661959096547e-05
-7.412837928736229669e-20
-7.181842505170040916e-20
2.166376760559091666e-21
4.378831203258844156e-21
3.183796188753958824e-20
5.902452513412774223e-06
8.124774742318718781e-06
2.670200743240416872e-05
-1.121205339103714641e-05
9.223689649147771363e-21
1.428400090456311896e-20
1.875526729470722365e-20
4.503518573686286518e-20
5.634920710539510185e-20
6.175893428796734340e-06
7.749339736603314259e-06
2.308688767379276656e-05
-9.416240149416419449e-21
1.083111917753058619e-21
4.722126404648775872e-21
2.103254004009526558e-20
3.369327738303794886e-20
6.897789449477995516e-06
7.337161003351787946e-06
1.149540798555747531e-05
2.282869823346059143e-05
-2.923976669729200445e-21
-3.358897507969014445e-23
3.353324193075350282e-22
1.807822191674573079e-20
2.643188369300737978e-20
4.338225736913057895e-06
4.911689205149926988e-06
2.058753992310625257e-05
2.334711993511792016e-05
-1.220798941505670089e-20
4.528046543114349164e-21
5.226319597376194135e-21
2.758485774633545489e-20
5.561186988490221845e-20
4.905532418973551238e-06
5.644573664171560061e-06
2.594592868718031175e-05
6.819729171593348432e-05
-4.822802791824124555e-05
-4.708979054333589458e-05
-6.402850750530116554e-20
1.051910847517426774e-19
1.494827160150309319e-19
1.500377246255133232e-19
1.764744196858138989e-19
1.046017354270029027e-04
3.414320979659909170e-04
-4.898296071313803694e-05
-4.832951161933557861e-05
-2.548582875505491928e-20
-1.766333121910128816e-20
5.703856456197150385e-21
1.135732391298207512e-20
8.292925736526385872e-20
4.228765905420386043e-05
3.372308216477954237e-04
-2.380762218157435922e-19
-3.428202413260057098e-20
-2.968148676105324573e-20
-2.714022007836511935e-20
4.539376687882682748e-20
5.085959804426362901e-06
5.734253847730196046e-06
2.502592848218825408e-05
6.782240734293970878e-05
-3.839041454211754160e-05
-1.083515385939633310e-19
-3.164720806779614964e-20
-2.865455777709568837e-20
-1.767982404827291158e-20
1.490582783277189338e-21
2.396552611416753549e-06
4.108294607956753929e-06
3.730477038880466393e-05
-3.024777293498592663e-05
-1.310480608165086930e-19
-3.574780898729821990e-20
-1.436200941066453453e-20
-5.010462095111596541e-21
1.039654070330768212e-20
6.841852109332620843e-06
7.386866480088065923e-06
2.862283179034243606e-05
-1.620183164816182825e-05
-4.509077357693886375e-20
-1.653201849520407992e-20
-1.115924764310205895e-20
1.070650060922984302e-21
2.563324783431289145e-20
1.076558531998435446e-06
8.245445791415632772e-06
8.690381127149528936e-06
-1.509243870411505536e-05
-2.340909471532785050e-06
-3.806191554145963826e-20
-1.969161949579060686e-20
-1.162265919665860845e-21
6.469095626041597296e-21
1.017122205752002414e-20
8.404459685254333435e-06
8.800647239716443348e-06
-1.575796001605636449e-05
-3.840553145335401453e-20
-2.734749435249226571e-20
-1.024094697725571313e-20
6.332570490464201294e-21
4.254449976909320423e-20
6.534034392900360304e-06
7.344837235499552966e-06
1.368155342191204688e-05
-1.103291059171290512e-05
-3.132281840530507232e-20
-1.209066341286779051e-20
-7.255700463376469540e-21
-4.466863336645544442e-21
3.053239422513781703e-20
3.749297985072912635e-06
5.120116094293038298e-06
1.043712308228574918e-05
-1.893719865981683766e-21
8.301690752288915008e-22
4.491736637831379421e-21
1.742208403171721470e-20
2.666910635947714831e-20
6.105155893844860725e-06
6.313362165553536302e-06
1.775728120529583781e-05
5.449145149030892898e-05
-4.852399813146048864e-05
-4.709330560517840220e-05
-6.102849123196151051e-21
1.719234591364364080e-21
6.112318339913817053e-20
1.734314850764399756e-19
2.031946014598178216e-19
1.025091643967872436e-04
3.338630439814480933e-04
-5.115279070221638347e-05
-4.888455979204279312e-05
-5.707821147147624875e-20
-3.395646872993845176e-20
7.115735691430397618e-21
2.847195990796422756e-20
9.760711660663683875e-20
6.130009905349863828e-05
3.306733675192883551e-04
-2.583048824125233427e-19
-9.700715058946143526e-20
-5.216528998338131742e-20
-4.679542699167179561e-20
-2.679382600857850626e-20
6.715836309259345852e-06
7.524246115952179795e-06
4.023943230862749341e-05
8.394696892277511474e-05
-4.744700042348541961e-05
-2.543602319175070403e-19
-5.679534091652687725e-20
-4.637780809566505276e-20
-4.616817515171955320e-20
3.292256458928950295e-20
6.186901293657147997e-06
1.507552928305482203e-05
6.422368664820808507e-05
-1.363940637993737398e-19
-1.079462031871418114e-19
-8.172008989112869558e-20
-2.296964762413138536e-20
5.411478239203498595e-20
6.011010656092392906e-06
7.027760574065099773e-06
1.086481579364038374e-05
4.267357897032901190e-05
-7.626880314607408024e-20
-6.155306305095030427e-20
-3.243139281082666409e-20
-1.364641926162412898e-21
-7.499163303802919220e-22
5.958788798312604117e-06
7.068402427184773852e-06
1.337940392168162636e-05
2.212359528104807882e-05
-1.155536272198628190e-05
-4.237792665286818964e-20
-2.991735915562741810e-20
-1.690048671919730950e-20
1.649712658809007478e-21
5.146076314390931871e-21
6.552806692399965883e-06
7.272798020555452945e-06
1.235736619980611230e-05
-2.120292123152092172e-21
8.491237856782553038e-22
2.608176421767899515e-21
1.760641404133353523e-20
2.496442450218200449e-20
6.325135259752199892e-06
6.803636815184708023e-06
1.115486177237063912e-05
1.810572431684835161e-05
-6.201038445858573341e-21
4.004215137377931903e-21
7.977950241591744554e-21
8.290985490688818878e-21
1.916929901006000474e-20
4.365728023535053864e-06
6.237875861725028463e-06
1.474946258637644982e-05
2.288759373744392794e-05
-6.691305755029068886e-22
1.052208868491245821e-20
1.194509894929458225e-20
2.678419445279110348e-20
2.754541327499064590e-20
6.324792529911976969e-06
7.529982096591475661e-06
2.204116975834997344e-05
6.289131955082822667e-05
-4.975839871604162862e-05
-4.656135035686196125e-05
-3.362444440621418590e-20
3.985532309044076993e-20
6.560504761899670702e-20
1.208538829158559070e-19
2.132404744929062187e-19
8.151324380222697288e-05
3.286217343177005282e-04
-4.909341894883077886e-05
-4.854609512615852942e-05
-6.421569654257805223e-20
-5.947893427462026963e-20
3.658821772556387901e-20
3.875630930251793083e-20
6.527380208629782031e-20
6.200872809670958494e-05
3.357747908853571514e-04
-2.384820297768860679e-19
-9.259038389205030398e-20
-5.704098665061291925e-20
-3.507711296878235946e-20
-3.142352908717427159e-20
4.159046620003322523e-06
5.246949611898279474e-06
3.668030376368557950e-05
7.726230957523439120e-05
-2.536939925904894580e-19
-2.239439324921884306e-19
-1.048283019989619959e-19
-5.599191248932104167e-20
-2.490936253918222506e-20
3.318419487257339121e-06
5.268325265329487011e-06
1.765339164125107825e-05
6.658075695894241598e-05
-1.188099934345849873e-19
-7.358175291145019420e-20
-4.246701598712730473e-20
-1.441914965180256271e-20
-1.082323902414378197e-20
5.795453333071375071e-06
6.937934294688898871e-06
1.507863328360783896e-05
3.982213950472036977e-05
-1.455989137450729605e-05
-8.920106703662456839e-20
-6.542748651257263304e-20
-2.923004945107067070e-20
-2.401761807933541931e-20
5.233255904613158838e-21
5.919798065553276546e-06
1.742810950542071546e-05
2.189975512652125053e-05
-1.202655305611167128e-05
-6.573549249941159757e-20
-3.505799131862134016e-20
-1.874840107810510145e-20
8.099820755727039981e-21
6.266976061445205278e-20
5.891023574026934986e-06
1.441530169078838424e-05
2.222684695514942987e-05
-6.185006746750287358e-20
-5.431641838052898145e-20
-2.330750996892286298e-20
-8.442745392539341703e-21
2.405319824340577134e-22
5.595300933664959323e-06
6.748288157545994437e-06
1.429334860157587274e-05
2.082344575757583358e-05
-2.174965884155654391e-21
-4.215841413085125330e-22
4.069944708057618661e-21
6.538661641228167701e-21
6.716653124660821148e-21
3.954797992325968075e-06
5.110409972011040635e-06
1.677816188966468948e-05
2.119166185773304256e-05
1.056546882925335793e-21
1.590973528340285877e-21
3.632656402487378645e-21
4.668143717655899881e-21
1.067046031936375394e-20
4.336003763086682666e-06
5.392674061551250612e-06
1.592195069344429584e-05
5.383123846706976037e-05
-4.661237548251828092e-05
-4.617119455435351907e-05
-2.586446598267675976e-20
1.370186285413875771e-20
2.885999797386003858e-20
6.198212654435128192e-20
9.617598755497578335e-20
8.515076715417556254e-05
3.305998948251421491e-04
-5.059040892018912077e-05
-4.917374205560990990e-05
-3.074035005672922447e-20
-1.738689912538235015e-20
-1.570489438583011119e-20
1.013652440095615854e-19
1.154579013801476101e-19
5.060589633098245941e-05
3.257814155319148429e-04
-2.337346226366071781e-05
1.170332771882473203e-20
1.196939796775240319e-20
1.728564496973167864e-20
2.772732219203046856e-20
6.342605283839522231e-20
3.998597076500437348e-06
2.983834258317056304e-05
7.318347518902038257e-05
-2.812721153917214532e-05
-1.774214098015701086e-19
-1.528394343101303806e-19
-7.680293400457985841e-20
-8.401873212449664328e-21
7.248516813649085459e-20
3.560507076011683852e-06
1.727500353644333101e-05
5.291285776980294485e-05
-2.609850904338554818e-05
-8.876671218834360363e-20
-8.642832802335093873e-20
-2.749299640829456855e-20
-6.858821658532193351e-21
-4.026972635937431681e-21
6.052357808678426919e-06
1.152586041433355376e-05
4.075064130529484641e-05
-1.523705188325088971e-05
-9.022253302650752382e-20
-5.047681338334871586e-20
-2.195410258245754176e-20
1.832927992242578163e-21
3.650353547071635788e-21
4.920301384722902040e-06
7.219389015692885162e-06
1.436455825614334916e-05
-1.363822672275966857e-05
1.074801747723020871e-20
2.143963018831740597e-20
3.413099529177185592e-20
3.679228054886536677e-20
5.052495481710979837e-20
5.183311032751713142e-06
6.939665548814926785e-06
1.122029088335121546e-05
-1.307368292526882023e-20
3.144043980593282249e-21
5.050447808144842262e-21
1.894023558456298421e-20
3.644514857390904740e-20
4.504877394418390024e-06
5.380669550714207885e-06
9.475161750304000852e-06
2.605327380012884971e-05
-4.972269069710820440e-21
-4.957096334237490540e-21
7.875617946875898039e-21
1.106758403462467823e-20
1.147024174427674553e-20
1.382673491069356107e-06
2.071812564512611268e-06
1.667440963403366022e-05
2.293033879863252947e-05
-4.342655481535399913e-06
-2.357786130872013000e-20
-1.390610784101978775e-20
1.061392962807982701e-20
1.964880192146195618e-20
2.693739408828346247e-20
6.424653673923482392e-07
2.045137078407654582e-05
6.353028158439594708e-05
-5.002828850839505394e-05
-4.820818166239943458e-05
-3.409765911352427552e-20
5.721135464553901126e-20
8.440243002569505840e-20
9.212069436995864413e-20
1.315147450098822491e-19
1.072637584743594159e-04
3.228558512026488236e-04
