4.474788335756738750e+14
2.539733488324491250e+14
1.719581147740562500e+14
1.655176180711004062e+14
1.638745757792865625e+14
1.523626460582502500e+14
1.532854097943457188e+14
1.551561251215888750e+14
2.036753230659228125e+14
4.825784577918651875e+14
4.406373722954056875e+14
2.030545276972630000e+14
1.802478434665053750e+14
1.837062535065184375e+14
1.235290588084480000e+14
1.280512553347990156e+14
1.468296826541446875e+14
1.220437914542748125e+14
1.882000020127619062e+14
4.793177605837297500e+14
4.558514154176877500e+14
2.365685043848588750e+14
2.414720657060882188e+14
1.694942819623932500e+14
1.528036405556507500e+14
1.381625701123076562e+14
1.443724392873820938e+14
1.499718662192235625e+14
2.030129368035386250e+14
4.657977922376893750e+14
4.560235214069875625e+14
2.176804587365981562e+14
1.870530597012599375e+14
1.729401286954320312e+14
1.714445808647727188e+14
1.635341299340389062e+14
1.510559866590271562e+14
1.469891074526474688e+14
1.785790923065591250e+14
4.657800958455631250e+14
4.459819365410030000e+14
2.366956326085112188e+14
2.113753964098774062e+14
1.969196724262325312e+14
1.430132392927790312e+14
1.356924835483420469e+14
1.433074467558156875e+14
1.303977279178141250e+14
1.745677080731175938e+14
4.806381396489017500e+14
